6494	1
1870	2
7705	3
4763	4
3369	5
5804	6
7741	7
4830	8
8837	9
5347	10
7802	11
7668	12
2854	13
1639	14
482	15
5313	16
4287	17
7065	18
2126	19
7628	20
5863	21
5114	22
11	23
4303	24
2911	25
5740	26
1501	27
5793	28
267	29
9091	30
1029	31
2539	32
1751	33
3598	34
1810	35
1118	36
58	37
6330	38
5474	39
7561	40
4381	41
9050	42
1457	43
4781	44
7766	45
1096	46
6154	47
8427	48
4245	49
474	50
753	51
8909	52
693	53
505	54
1032	55
9101	56
6555	57
7865	58
6220	59
1167	60
4198	61
3046	62
1211	63
4703	64
5056	65
3470	66
7621	67
7926	68
1340	69
4497	70
1416	71
1127	72
6776	73
8782	74
3412	75
1345	76
6088	77
4280	78
493	79
10	80
671	81
8294	82
7172	83
8883	84
8234	85
1724	86
5037	87
9047	88
5831	89
7391	90
1963	91
5809	92
4214	93
2551	94
2023	95
1698	96
4162	97
1132	98
6076	99
7155	100
6978	101
3935	102
3548	103
5280	104
8279	105
2767	106
1596	107
5200	108
7588	109
1149	110
5619	111
4765	112
8443	113
5485	114
3835	115
2615	116
24	117
3067	118
4336	119
2585	120
468	121
1180	122
8648	123
450	124
948	125
908	126
187	127
5460	128
1195	129
777	130
6788	131
3606	132
3853	133
4392	134
1523	135
8868	136
4444	137
6197	138
2086	139
7566	140
4902	141
5759	142
3926	143
8122	144
5956	145
5855	146
3393	147
4686	148
2290	149
7826	150
2282	151
3607	152
5260	153
4255	154
3374	155
3102	156
596	157
6563	158
7271	159
7111	160
5320	161
5618	162
1973	163
5161	164
4750	165
5274	166
8976	167
537	168
3903	169
768	170
5478	171
5787	172
1982	173
3016	174
3320	175
9168	176
1237	177
5839	178
471	179
341	180
5864	181
6358	182
282	183
188	184
2268	185
3856	186
124	187
862	188
5799	189
3513	190
8121	191
6244	192
2006	193
3401	194
8598	195
606	196
1833	197
3404	198
115	199
9111	200
117	201
8174	202
311	203
4453	204
6988	205
3324	206
4993	207
1924	208
555	209
4028	210
1394	211
1805	212
7089	213
2372	214
3092	215
2204	216
1165	217
2562	218
6422	219
9038	220
3939	221
1327	222
2973	223
6931	224
5622	225
9017	226
7927	227
4281	228
2102	229
951	230
1520	231
25	232
5895	233
742	234
3764	235
764	236
5451	237
9208	238
5827	239
4892	240
344	241
5353	242
8594	243
3987	244
7409	245
2610	246
362	247
5950	248
4288	249
1168	250
395	251
190	252
244	253
4007	254
7318	255
591	256
4471	257
2124	258
9170	259
6559	260
7316	261
4309	262
648	263
961	264
6609	265
167	266
227	267
6304	268
7949	269
3701	270
7923	271
3918	272
3494	273
6042	274
5133	275
2661	276
6195	277
223	278
5953	279
4762	280
8322	281
460	282
204	283
9022	284
5731	285
420	286
1178	287
585	288
72	289
7608	290
206	291
448	292
6356	293
2140	294
4456	295
2981	296
8066	297
8177	298
6500	299
567	300
403	301
6142	302
1446	303
2460	304
3372	305
4182	306
4393	307
5156	308
2874	309
1561	310
5290	311
5318	312
9043	313
874	314
3615	315
9209	316
7230	317
3179	318
1417	319
2082	320
6641	321
3498	322
4935	323
4418	324
8068	325
480	326
8521	327
7674	328
7906	329
6365	330
4690	331
9146	332
4370	333
3018	334
7050	335
8676	336
3034	337
2078	338
2318	339
200	340
1885	341
6254	342
2594	343
1270	344
7419	345
5479	346
4092	347
4542	348
2787	349
3307	350
8880	351
7124	352
624	353
7703	354
8258	355
4367	356
2278	357
511	358
3219	359
6581	360
1906	361
452	362
9207	363
166	364
1592	365
7371	366
557	367
3001	368
1577	369
531	370
8024	371
3495	372
449	373
590	374
1423	375
579	376
6246	377
476	378
8218	379
4323	380
3298	381
6945	382
6538	383
2426	384
2491	385
158	386
7407	387
7881	388
4346	389
885	390
1260	391
3155	392
579	393
280	394
5824	395
37	396
5724	397
3616	398
5544	399
927	400
8036	401
7877	402
1747	403
6228	404
2835	405
8356	406
6346	407
4562	408
5999	409
7662	410
1931	411
2660	412
5326	413
8506	414
6091	415
7319	416
2139	417
232	418
7910	419
2983	420
7209	421
7559	422
3781	423
546	424
712	425
138	426
5272	427
5686	428
3318	429
8647	430
7789	431
1578	432
8755	433
1067	434
7699	435
6303	436
70	437
5447	438
8397	439
6669	440
4353	441
4587	442
2242	443
154	444
7272	445
1289	446
4360	447
8461	448
1226	449
119	450
4063	451
536	452
3056	453
6915	454
260	455
5487	456
2583	457
7627	458
8666	459
464	460
3141	461
1848	462
4848	463
3272	464
3810	465
1554	466
310	467
4105	468
7784	469
4708	470
3872	471
4043	472
9193	473
4942	474
4437	475
7780	476
8092	477
323	478
6878	479
4256	480
3235	481
999	482
421	483
8161	484
8843	485
7838	486
8215	487
582	488
979	489
7057	490
6974	491
8717	492
3103	493
1494	494
8393	495
1692	496
2899	497
5974	498
3911	499
2	500
3152	501
2936	502
5231	503
3743	504
1218	505
965	506
1918	507
5010	508
1873	509
5203	510
7254	511
294	512
4950	513
4512	514
3866	515
5055	516
779	517
49	518
4184	519
3066	520
7797	521
7888	522
4756	523
5255	524
6468	525
2548	526
62	527
2485	528
444	529
5672	530
62	531
5019	532
3637	533
7832	534
552	535
8881	536
5160	537
7068	538
2897	539
3996	540
3874	541
4220	542
2374	543
4402	544
4197	545
8345	546
825	547
1343	548
384	549
57	550
7464	551
3636	552
2384	553
890	554
5955	555
442	556
8817	557
1657	558
7384	559
465	560
721	561
42	562
5928	563
7156	564
2373	565
8975	566
492	567
272	568
3846	569
6667	570
7581	571
4565	572
504	573
8675	574
3429	575
5503	576
4900	577
7932	578
8678	579
5989	580
2341	581
2831	582
10	583
7478	584
7602	585
8649	586
7035	587
2130	588
3332	589
382	590
6032	591
6473	592
3578	593
5828	594
3791	595
5329	596
6777	597
383	598
1762	599
3612	600
6506	601
7623	602
4811	603
1400	604
3605	605
2564	606
3746	607
1590	608
5092	609
976	610
325	611
4061	612
4342	613
8869	614
8232	615
3408	616
6145	617
5939	618
727	619
6441	620
2857	621
1779	622
6789	623
6221	624
4734	625
8762	626
64	627
3224	628
506	629
8418	630
3836	631
4406	632
6791	633
3555	634
8813	635
3625	636
4029	637
2319	638
2346	639
4335	640
7830	641
7863	642
6904	643
569	644
642	645
48	646
510	647
562	648
6694	649
6575	650
5444	651
1568	652
4998	653
284	654
4482	655
4664	656
2362	657
4486	658
2482	659
7000	660
7300	661
7151	662
6649	663
2203	664
3539	665
1585	666
3943	667
1183	668
4992	669
4071	670
4208	671
4229	672
4891	673
8580	674
6553	675
151	676
7125	677
1855	678
1359	679
1875	680
2031	681
390	682
16	683
1758	684
884	685
5429	686
5046	687
5082	688
1462	689
424	690
4110	691
4858	692
5240	693
924	694
926	695
6701	696
4	697
3462	698
4477	699
5697	700
1750	701
1859	702
2385	703
23	704
7594	705
3849	706
6453	707
509	708
4854	709
1034	710
7884	711
3682	712
5217	713
5105	714
4192	715
8256	716
7430	717
3153	718
8100	719
5947	720
2241	721
1487	722
13	723
1864	724
1588	725
6997	726
29	727
8242	728
8476	729
967	730
5977	731
7234	732
6505	733
5309	734
7121	735
8701	736
539	737
9164	738
6551	739
8395	740
2792	741
3301	742
2481	743
5093	744
5616	745
7512	746
8433	747
599	748
2729	749
6865	750
805	751
1048	752
8502	753
4511	754
3278	755
4499	756
8774	757
2167	758
5136	759
403	760
2833	761
2121	762
6306	763
7120	764
499	765
2724	766
8520	767
8378	768
1562	769
8422	770
6159	771
2245	772
99	773
17	774
317	775
8610	776
3166	777
7063	778
6815	779
147	780
4025	781
857	782
7455	783
8845	784
4882	785
1435	786
5800	787
3288	788
8478	789
1389	790
7644	791
7535	792
7842	793
6336	794
2402	795
442	796
7569	797
329	798
6775	799
2453	800
1303	801
1233	802
38	803
6444	804
1223	805
7978	806
1456	807
3895	808
624	809
6501	810
4924	811
4127	812
3965	813
4452	814
2694	815
5375	816
4874	817
1552	818
97	819
2119	820
4712	821
5779	822
5297	823
8316	824
2751	825
3500	826
7042	827
1835	828
178	829
1507	830
6125	831
8332	832
3695	833
2969	834
1256	835
8731	836
2532	837
7029	838
2247	839
593	840
4146	841
1241	842
163	843
5181	844
2244	845
4860	846
4390	847
2674	848
7679	849
4752	850
3071	851
4081	852
6155	853
5701	854
2025	855
6136	856
3277	857
268	858
5498	859
7812	860
4550	861
355	862
5436	863
2772	864
2132	865
1822	866
6446	867
549	868
4338	869
14	870
4611	871
7106	872
8235	873
2544	874
7891	875
3737	876
8432	877
5308	878
8825	879
717	880
5005	881
3653	882
2620	883
4451	884
7178	885
110	886
344	887
4945	888
598	889
5271	890
2249	891
3074	892
5836	893
6134	894
3184	895
3976	896
1261	897
3489	898
6043	899
6143	900
175	901
209	902
3200	903
364	904
6793	905
8890	906
1576	907
1857	908
5154	909
7725	910
13	911
5084	912
8462	913
338	914
4805	915
2628	916
5600	917
307	918
947	919
2007	920
5070	921
1871	922
8301	923
8112	924
6750	925
5930	926
1207	927
6480	928
2499	929
7952	930
7500	931
6449	932
2248	933
333	934
6881	935
3799	936
7	937
1129	938
6065	939
4433	940
2292	941
4196	942
3670	943
3142	944
7477	945
564	946
3684	947
7557	948
623	949
8809	950
8778	951
628	952
8292	953
2064	954
2588	955
1274	956
7189	957
8734	958
827	959
6741	960
718	961
3172	962
2964	963
535	964
2870	965
6518	966
540	967
2637	968
7678	969
968	970
2571	971
5408	972
3199	973
7570	974
7383	975
3617	976
6823	977
2473	978
2849	979
8630	980
1294	981
528	982
6546	983
5808	984
2695	985
4483	986
1021	987
8513	988
8143	989
8400	990
8368	991
6910	992
4779	993
3566	994
8313	995
8401	996
215	997
6325	998
7041	999
2859	1000
308	1001
7761	1002
5361	1003
5116	1004
1377	1005
4888	1006
5108	1007
465	1008
4129	1009
2225	1010
7716	1011
1574	1012
6081	1013
5608	1014
5002	1015
7820	1016
2882	1017
3007	1018
3407	1019
7107	1020
3355	1021
5441	1022
5342	1023
5483	1024
8348	1025
185	1026
5332	1027
116	1028
6897	1029
3593	1030
8505	1031
1659	1032
6403	1033
4884	1034
6448	1035
6434	1036
3777	1037
7814	1038
1524	1039
3937	1040
6000	1041
1958	1042
5387	1043
3271	1044
1947	1045
1196	1046
5130	1047
4673	1048
650	1049
8006	1050
6589	1051
358	1052
4024	1053
50	1054
3308	1055
5341	1056
2683	1057
6068	1058
438	1059
8120	1060
20	1061
7757	1062
327	1063
5891	1064
7735	1065
335	1066
462	1067
1337	1068
6433	1069
3315	1070
745	1071
2561	1072
2080	1073
3726	1074
3795	1075
5397	1076
3488	1077
1360	1078
3831	1079
5283	1080
3755	1081
2988	1082
5583	1083
6146	1084
7961	1085
7710	1086
7658	1087
7261	1088
3441	1089
2975	1090
7055	1091
6534	1092
660	1093
8571	1094
7641	1095
468	1096
401	1097
5585	1098
3133	1099
5494	1100
6337	1101
6819	1102
8396	1103
428	1104
1321	1105
6181	1106
7755	1107
750	1108
2756	1109
7976	1110
892	1111
8815	1112
3227	1113
4314	1114
1620	1115
650	1116
6479	1117
63	1118
5152	1119
4154	1120
5709	1121
4032	1122
4894	1123
3420	1124
7640	1125
271	1126
166	1127
1427	1128
3269	1129
9204	1130
3938	1131
4718	1132
4484	1133
28	1134
6916	1135
7386	1136
66	1137
8419	1138
5102	1139
128	1140
324	1141
71	1142
8937	1143
2509	1144
29	1145
5038	1146
7767	1147
3017	1148
899	1149
6036	1150
352	1151
2177	1152
8806	1153
1418	1154
554	1155
2081	1156
144	1157
3913	1158
5506	1159
2387	1160
9162	1161
6186	1162
1059	1163
1162	1164
2306	1165
3290	1166
6755	1167
3389	1168
4687	1169
7793	1170
3603	1171
4889	1172
2944	1173
8061	1174
4557	1175
3624	1176
1163	1177
8997	1178
8150	1179
8375	1180
6471	1181
1727	1182
8503	1183
6515	1184
8108	1185
6993	1186
2806	1187
7434	1188
7228	1189
5735	1190
898	1191
3805	1192
5688	1193
8622	1194
7734	1195
5214	1196
5265	1197
3119	1198
594	1199
3233	1200
5053	1201
6571	1202
199	1203
3677	1204
2022	1205
2265	1206
1946	1207
286	1208
4540	1209
7504	1210
5473	1211
401	1212
4637	1213
8989	1214
6483	1215
8558	1216
2	1217
1015	1218
2785	1219
4726	1220
5892	1221
2799	1222
2819	1223
4361	1224
4163	1225
8105	1226
748	1227
4665	1228
4284	1229
7613	1230
6171	1231
4385	1232
9083	1233
5394	1234
2826	1235
1899	1236
3904	1237
7191	1238
4731	1239
8278	1240
6725	1241
512	1242
7765	1243
197	1244
5647	1245
2212	1246
273	1247
3410	1248
1190	1249
161	1250
9130	1251
7069	1252
3948	1253
5081	1254
5008	1255
3540	1256
2210	1257
1344	1258
132	1259
512	1260
172	1261
301	1262
8604	1263
2552	1264
2996	1265
8606	1266
2440	1267
6465	1268
3333	1269
2196	1270
6129	1271
1736	1272
7860	1273
6842	1274
4074	1275
3327	1276
8402	1277
3662	1278
7127	1279
8795	1280
4455	1281
3000	1282
1358	1283
6648	1284
6957	1285
3524	1286
1126	1287
8888	1288
2469	1289
8779	1290
2456	1291
3362	1292
3283	1293
1934	1294
6331	1295
5191	1296
8841	1297
5343	1298
4641	1299
6847	1300
8483	1301
504	1302
4837	1303
7686	1304
7342	1305
4601	1306
5529	1307
4901	1308
7960	1309
8176	1310
6883	1311
5462	1312
7139	1313
2663	1314
1567	1315
8922	1316
8277	1317
3507	1318
191	1319
8995	1320
963	1321
7385	1322
514	1323
8139	1324
2090	1325
2607	1326
2642	1327
4141	1328
8017	1329
8600	1330
2329	1331
2105	1332
2217	1333
368	1334
5336	1335
8524	1336
2052	1337
8274	1338
7361	1339
1720	1340
8305	1341
5155	1342
2257	1343
7869	1344
7534	1345
377	1346
3611	1347
8072	1348
7258	1349
8388	1350
1033	1351
4415	1352
5171	1353
5868	1354
8759	1355
1040	1356
617	1357
3621	1358
711	1359
8673	1360
3359	1361
2066	1362
1284	1363
6324	1364
9126	1365
4947	1366
989	1367
2305	1368
6672	1369
15	1370
2017	1371
3666	1372
4548	1373
9067	1374
386	1375
477	1376
4253	1377
4572	1378
1606	1379
366	1380
123	1381
5188	1382
3207	1383
8040	1384
1785	1385
5208	1386
4295	1387
3759	1388
6852	1389
524	1390
2616	1391
5547	1392
3785	1393
2852	1394
6503	1395
1187	1396
8655	1397
6636	1398
5196	1399
543	1400
5666	1401
677	1402
49	1403
2068	1404
6048	1405
1746	1406
3814	1407
2055	1408
8343	1409
835	1410
4893	1411
2020	1412
2646	1413
8403	1414
4422	1415
4685	1416
8650	1417
1515	1418
9210	1419
2297	1420
7003	1421
338	1422
590	1423
3384	1424
3438	1425
496	1426
1677	1427
4856	1428
8399	1429
4181	1430
131	1431
5236	1432
8940	1433
2506	1434
2120	1435
631	1436
2803	1437
3915	1438
5741	1439
6799	1440
1686	1441
8369	1442
472	1443
7694	1444
7660	1445
2824	1446
3763	1447
9131	1448
1346	1449
6699	1450
7999	1451
1803	1452
4721	1453
4617	1454
8974	1455
732	1456
6242	1457
751	1458
8578	1459
6059	1460
1754	1461
6008	1462
3718	1463
445	1464
4995	1465
813	1466
8342	1467
1277	1468
3635	1469
807	1470
126	1471
4727	1472
5972	1473
4434	1474
1998	1475
169	1476
2556	1477
8551	1478
7803	1479
503	1480
326	1481
225	1482
5523	1483
6901	1484
3319	1485
4832	1486
293	1487
551	1488
1881	1489
7093	1490
5465	1491
6211	1492
7149	1493
6729	1494
563	1495
1043	1496
7123	1497
59	1498
7079	1499
278	1500
211	1501
6864	1502
6721	1503
4148	1504
2343	1505
7225	1506
6170	1507
3099	1508
4640	1509
6964	1510
9196	1511
1169	1512
7480	1513
16	1514
8916	1515
5511	1516
1084	1517
9097	1518
5145	1519
2382	1520
6861	1521
1189	1522
6406	1523
2776	1524
8468	1525
2535	1526
2281	1527
1564	1528
3295	1529
500	1530
9001	1531
287	1532
2925	1533
1479	1534
84	1535
3526	1536
2464	1537
7902	1538
518	1539
8996	1540
6486	1541
5556	1542
5653	1543
5193	1544
87	1545
5264	1546
19	1547
7697	1548
6836	1549
2321	1550
3482	1551
38	1552
8021	1553
5113	1554
5475	1555
148	1556
4331	1557
8808	1558
4010	1559
2932	1560
8012	1561
2487	1562
8515	1563
3051	1564
7664	1565
5510	1566
5481	1567
6383	1568
3143	1569
4629	1570
7056	1571
2232	1572
1444	1573
1439	1574
6402	1575
5678	1576
3531	1577
1557	1578
736	1579
3364	1580
4969	1581
8645	1582
6301	1583
1199	1584
423	1585
8793	1586
9195	1587
7348	1588
3033	1589
843	1590
320	1591
31	1592
5620	1593
64	1594
626	1595
3586	1596
1148	1597
4991	1598
41	1599
1928	1600
3714	1601
8329	1602
8366	1603
5409	1604
2915	1605
4391	1606
300	1607
3027	1608
1740	1609
7730	1610
7611	1611
1693	1612
1783	1613
1042	1614
6556	1615
1898	1616
7066	1617
6890	1618
508	1619
7808	1620
1491	1621
7981	1622
724	1623
2613	1624
6477	1625
8096	1626
7576	1627
4770	1628
270	1629
4707	1630
6996	1631
5830	1632
2350	1633
581	1634
372	1635
4683	1636
2766	1637
3047	1638
637	1639
8684	1640
3841	1641
674	1642
8430	1643
120	1644
4971	1645
5480	1646
1116	1647
936	1648
1502	1649
7988	1650
6388	1651
8489	1652
8508	1653
4679	1654
2049	1655
531	1656
5263	1657
7161	1658
4421	1659
2096	1660
8810	1661
8865	1662
8309	1663
3492	1664
8058	1665
508	1666
4003	1667
2118	1668
7002	1669
2866	1670
4144	1671
67	1672
4544	1673
8111	1674
3292	1675
1451	1676
2058	1677
7173	1678
7707	1679
8211	1680
4299	1681
6052	1682
3045	1683
8797	1684
8905	1685
6187	1686
8152	1687
4766	1688
83	1689
1282	1690
3879	1691
5495	1692
2263	1693
2715	1694
6095	1695
547	1696
565	1697
2091	1698
7	1699
6550	1700
4994	1701
5013	1702
318	1703
5245	1704
7856	1705
6624	1706
35	1707
1927	1708
2252	1709
8326	1710
5746	1711
3491	1712
3551	1713
3084	1714
5091	1715
8569	1716
3076	1717
4925	1718
3917	1719
5965	1720
8194	1721
191	1722
360	1723
4870	1724
2755	1725
8205	1726
5857	1727
6998	1728
7444	1729
288	1730
2191	1731
9213	1732
823	1733
1070	1734
620	1735
2635	1736
956	1737
6018	1738
2165	1739
6261	1740
317	1741
5228	1742
1895	1743
1598	1744
5450	1745
4352	1746
2778	1747
2226	1748
34	1749
4263	1750
6627	1751
5707	1752
4783	1753
4549	1754
5218	1755
544	1756
4863	1757
2621	1758
1470	1759
416	1760
1999	1761
291	1762
7334	1763
1220	1764
3588	1765
5150	1766
4235	1767
6643	1768
3350	1769
7014	1770
2841	1771
1322	1772
7862	1773
5905	1774
597	1775
3322	1776
1512	1777
638	1778
7567	1779
4274	1780
7963	1781
7873	1782
5	1783
4973	1784
6257	1785
2731	1786
1404	1787
3090	1788
4552	1789
2	1790
515	1791
8116	1792
6524	1793
4836	1794
2714	1795
173	1796
6533	1797
3837	1798
4243	1799
3683	1800
3476	1801
534	1802
6911	1803
5410	1804
41	1805
3481	1806
7040	1807
2705	1808
9185	1809
3876	1810
4505	1811
5632	1812
9023	1813
90	1814
8448	1815
8900	1816
8075	1817
8516	1818
5747	1819
7152	1820
223	1821
7965	1822
7681	1823
430	1824
4717	1825
3276	1826
7680	1827
8376	1828
1493	1829
8523	1830
7033	1831
553	1832
7175	1833
3193	1834
1856	1835
428	1836
8296	1837
7217	1838
197	1839
5703	1840
5852	1841
6812	1842
1409	1843
227	1844
1017	1845
563	1846
2797	1847
5509	1848
2614	1849
8750	1850
6756	1851
3518	1852
7401	1853
6936	1854
72	1855
6562	1856
4518	1857
9011	1858
202	1859
8814	1860
254	1861
8136	1862
4815	1863
8908	1864
4951	1865
2573	1866
9148	1867
2493	1868
3173	1869
2110	1870
106	1871
98	1872
6089	1873
6985	1874
6289	1875
1772	1876
3767	1877
1853	1878
9112	1879
497	1880
5448	1881
8882	1882
592	1883
3848	1884
55	1885
5659	1886
6492	1887
2127	1888
8699	1889
1387	1890
5854	1891
1441	1892
7958	1893
431	1894
6923	1895
9217	1896
8358	1897
3688	1898
8080	1899
8170	1900
8485	1901
4546	1902
5665	1903
2771	1904
4447	1905
3204	1906
1364	1907
7592	1908
8132	1909
4173	1910
8760	1911
3442	1912
2092	1913
8784	1914
4009	1915
4936	1916
241	1917
9113	1918
284	1919
595	1920
5089	1921
4773	1922
6180	1923
6210	1924
77	1925
7	1926
5446	1927
2364	1928
3816	1929
836	1930
7146	1931
5051	1932
8065	1933
7113	1934
5143	1935
4530	1936
8210	1937
4053	1938
739	1939
8680	1940
7944	1941
7355	1942
111	1943
4980	1944
6617	1945
4774	1946
4584	1947
6535	1948
544	1949
5076	1950
1780	1951
1285	1952
5374	1953
2504	1954
6991	1955
6166	1956
6377	1957
3778	1958
3275	1959
5442	1960
6131	1961
7683	1962
7632	1963
6003	1964
3850	1965
3220	1966
3117	1967
3353	1968
1996	1969
741	1970
2237	1971
14	1972
5904	1973
5761	1974
3648	1975
2215	1976
2780	1977
3604	1978
18	1979
7350	1980
441	1981
1155	1982
5028	1983
6650	1984
8373	1985
7324	1986
622	1987
453	1988
2867	1989
644	1990
8764	1991
2451	1992
4915	1993
7467	1994
1478	1995
5277	1996
501	1997
3576	1998
7244	1999
7308	2000
6530	2001
8588	2002
5948	2003
5621	2004
9008	2005
305	2006
9183	2007
6230	2008
8559	2009
2576	2010
923	2011
8199	2012
5399	2013
2206	2014
763	2015
5304	2016
4603	2017
2808	2018
7382	2019
2896	2020
5649	2021
13	2022
424	2023
6982	2024
5823	2025
122	2026
542	2027
8018	2028
6490	2029
3303	2030
8262	2031
6540	2032
2830	2033
8696	2034
5367	2035
632	2036
1091	2037
5142	2038
1136	2039
1238	2040
262	2041
5146	2042
6025	2043
4412	2044
6106	2045
265	2046
1003	2047
4372	2048
812	2049
8628	2050
302	2051
3302	2052
2909	2053
2184	2054
7791	2055
666	2056
2967	2057
8380	2058
8464	2059
4608	2060
4397	2061
4403	2062
5057	2063
4460	2064
3857	2065
9069	2066
7461	2067
438	2068
2303	2069
5640	2070
6976	2071
3589	2072
3465	2073
7695	2074
4125	2075
5970	2076
1157	2077
3081	2078
8748	2079
3891	2080
7646	2081
4142	2082
7259	2083
4853	2084
4216	2085
5806	2086
9020	2087
2459	2088
7396	2089
8781	2090
8188	2091
2793	2092
1806	2093
8438	2094
5295	2095
6439	2096
336	2097
54	2098
3388	2099
3080	2100
6508	2101
6804	2102
501	2103
7747	2104
3145	2105
5604	2106
4018	2107
5714	2108
6859	2109
534	2110
6112	2111
4467	2112
6687	2113
5438	2114
1254	2115
2974	2116
8198	2117
5885	2118
2398	2119
1202	2120
1642	2121
1638	2122
2347	2123
5432	2124
4138	2125
2458	2126
417	2127
6674	2128
697	2129
484	2130
5776	2131
4833	2132
4604	2133
4699	2134
7899	2135
5334	2136
5537	2137
4112	2138
9132	2139
2698	2140
53	2141
566	2142
336	2143
6206	2144
8763	2145
6237	2146
2419	2147
59	2148
2922	2149
4159	2150
5814	2151
842	2152
315	2153
9070	2154
3402	2155
5086	2156
5705	2157
5052	2158
2474	2159
6239	2160
6638	2161
4575	2162
5685	2163
3310	2164
4564	2165
1230	2166
5238	2167
552	2168
7336	2169
6537	2170
359	2171
5981	2172
2664	2173
5045	2174
1480	2175
51	2176
5505	2177
8533	2178
4041	2179
5224	2180
6722	2181
5170	2182
575	2183
1078	2184
4095	2185
8382	2186
905	2187
8842	2188
1770	2189
1182	2190
5182	2191
1	2192
3760	2193
1845	2194
3361	2195
9089	2196
3674	2197
1513	2198
747	2199
4536	2200
1352	2201
471	2202
4054	2203
3243	2204
5758	2205
8682	2206
6808	2207
6067	2208
391	2209
6393	2210
1718	2211
5907	2212
3906	2213
2308	2214
8110	2215
7237	2216
6240	2217
526	2218
1976	2219
5924	2220
5406	2221
7498	2222
39	2223
7870	2224
8020	2225
9071	2226
4657	2227
8114	2228
2790	2229
3887	2230
5187	2231
219	2232
6586	2233
30	2234
82	2235
993	2236
3010	2237
8998	2238
8752	2239
1876	2240
2189	2241
8659	2242
568	2243
1681	2244
5682	2245
8067	2246
3811	2247
1174	2248
5700	2249
329	2250
6066	2251
7659	2252
4241	2253
4293	2254
1124	2255
5256	2256
4851	2257
220	2258
6077	2259
9084	2260
98	2261
3448	2262
8669	2263
4242	2264
7313	2265
601	2266
610	2267
3985	2268
3582	2269
788	2270
2289	2271
422	2272
8371	2273
4684	2274
6338	2275
5312	2276
3149	2277
3135	2278
1775	2279
4170	2280
2169	2281
4961	2282
2192	2283
2718	2284
3501	2285
6400	2286
986	2287
8353	2288
8134	2289
1986	2290
1193	2291
3659	2292
3844	2293
6102	2294
139	2295
6292	2296
5366	2297
7143	2298
8663	2299
2757	2300
7851	2301
4634	2302
636	2303
2540	2304
8144	2305
3360	2306
3717	2307
4128	2308
4650	2309
880	2310
6696	2311
6917	2312
8695	2313
8444	2314
900	2315
4626	2316
2065	2317
4188	2318
2074	2319
3147	2320
5338	2321
105	2322
8289	2323
3217	2324
3954	2325
4468	2326
580	2327
2430	2328
91	2329
416	2330
5645	2331
3201	2332
1912	2333
6634	2334
1150	2335
3197	2336
3182	2337
5658	2338
895	2339
1721	2340
2667	2341
1396	2342
124	2343
5301	2344
7075	2345
1619	2346
2312	2347
127	2348
7260	2349
945	2350
7972	2351
250	2352
3004	2353
6284	2354
7166	2355
3115	2356
8226	2357
372	2358
8727	2359
3475	2360
8026	2361
797	2362
4250	2363
5922	2364
7935	2365
4465	2366
3206	2367
8917	2368
6688	2369
366	2370
5963	2371
4907	2372
3765	2373
1742	2374
587	2375
228	2376
4334	2377
580	2378
879	2379
2224	2380
398	2381
8173	2382
567	2383
646	2384
4730	2385
4662	2386
2999	2387
2775	2388
54	2389
5909	2390
7799	2391
5722	2392
6458	2393
6794	2394
1293	2395
6932	2396
1728	2397
7652	2398
3449	2399
479	2400
8045	2401
8703	2402
8442	2403
6839	2404
1147	2405
13	2406
1739	2407
529	2408
6283	2409
5679	2410
3176	2411
1553	2412
8561	2413
8832	2414
235	2415
2199	2416
4648	2417
5287	2418
5177	2419
2602	2420
7868	2421
7731	2422
1379	2423
525	2424
6273	2425
1079	2426
7538	2427
4743	2428
653	2429
1970	2430
51	2431
8568	2432
6655	2433
8186	2434
247	2435
9160	2436
4534	2437
7280	2438
234	2439
2355	2440
2977	2441
393	2442
2190	2443
6972	2444
5936	2445
5563	2446
9086	2447
1745	2448
8654	2449
7541	2450
6192	2451
7322	2452
6591	2453
8142	2454
3439	2455
5157	2456
331	2457
7968	2458
69	2459
2062	2460
9078	2461
3474	2462
5497	2463
6830	2464
12	2465
6354	2466
4817	2467
2479	2468
5403	2469
2627	2470
1716	2471
423	2472
509	2473
9118	2474
8044	2475
6357	2476
255	2477
3245	2478
1519	2479
7148	2480
3945	2481
1671	2482
7031	2483
1334	2484
388	2485
2128	2486
108	2487
8691	2488
473	2489
4672	2490
399	2491
3900	2492
2185	2493
3631	2494
1939	2495
3565	2496
218	2497
5350	2498
6223	2499
1560	2500
7494	2501
8034	2502
6925	2503
1665	2504
4624	2505
3387	2506
7771	2507
1376	2508
2255	2509
4376	2510
2497	2511
369	2512
3284	2513
8207	2514
5227	2515
7738	2516
4576	2517
1781	2518
4704	2519
8966	2520
2041	2521
4164	2522
4246	2523
3738	2524
5062	2525
8642	2526
4306	2527
6907	2528
6224	2529
611	2530
4384	2531
3710	2532
6150	2533
1426	2534
2608	2535
333	2536
1868	2537
357	2538
1006	2539
5493	2540
2243	2541
7353	2542
7523	2543
5781	2544
7028	2545
6549	2546
1338	2547
5422	2548
69	2549
3453	2550
1643	2551
4809	2552
8124	2553
707	2554
7617	2555
714	2556
8686	2557
505	2558
2461	2559
5323	2560
2723	2561
8897	2562
8723	2563
3394	2564
7115	2565
215	2566
2466	2567
7049	2568
4068	2569
6941	2570
347	2571
7025	2572
8341	2573
4745	2574
4580	2575
5476	2576
1	2577
152	2578
4000	2579
2122	2580
6478	2581
228	2582
7117	2583
2821	2584
2743	2585
3886	2586
8022	2587
1830	2588
783	2589
5268	2590
1851	2591
822	2592
3105	2593
6660	2594
1713	2595
46	2596
2379	2597
2734	2598
437	2599
4729	2600
8445	2601
743	2602
3168	2603
5090	2604
561	2605
8819	2606
6182	2607
7595	2608
1722	2609
5168	2610
2813	2611
5652	2612
8283	2613
3564	2614
7404	2615
6956	2616
4840	2617
160	2618
7638	2619
5289	2620
145	2621
2489	2622
8671	2623
3520	2624
1475	2625
3504	2626
4325	2627
6582	2628
231	2629
3553	2630
1777	2631
5376	2632
8384	2633
4337	2634
7997	2635
1106	2636
4423	2637
7163	2638
6328	2639
6063	2640
7907	2641
4911	2642
5443	2643
233	2644
3517	2645
7994	2646
6271	2647
7249	2648
5704	2649
6302	2650
970	2651
4350	2652
6033	2653
2057	2654
5692	2655
1354	2656
5125	2657
6258	2658
2924	2659
1466	2660
7750	2661
3156	2662
7092	2663
5124	2664
2587	2665
8273	2666
7255	2667
3641	2668
1509	2669
111	2670
4436	2671
539	2672
4554	2673
4077	2674
256	2675
1176	2676
795	2677
4723	2678
881	2679
4021	2680
4480	2681
74	2682
2260	2683
2647	2684
1490	2685
4547	2686
8641	2687
5899	2688
1991	2689
3242	2690
5881	2691
5650	2692
4283	2693
5109	2694
3106	2695
9219	2696
3187	2697
1231	2698
5760	2699
5943	2700
8	2701
7556	2702
4429	2703
4635	2704
1107	2705
5715	2706
8744	2707
2533	2708
5557	2709
7506	2710
3542	2711
2752	2712
6760	2713
1826	2714
3063	2715
8824	2716
6762	2717
2666	2718
7713	2719
5918	2720
7620	2721
7387	2722
1709	2723
11	2724
4333	2725
1533	2726
5729	2727
4881	2728
7312	2729
6714	2730
1395	2731
427	2732
8243	2733
5805	2734
4034	2735
931	2736
1938	2737
1139	2738
9005	2739
5677	2740
3561	2741
8010	2742
6151	2743
6968	2744
4982	2745
3250	2746
3414	2747
2920	2748
1624	2749
1595	2750
6121	2751
2116	2752
4368	2753
8499	2754
6703	2755
7077	2756
2209	2757
6316	2758
3558	2759
4086	2760
664	2761
2927	2762
1267	2763
5401	2764
2672	2765
3114	2766
8550	2767
1707	2768
2572	2769
4932	2770
1086	2771
6219	2772
8450	2773
1269	2774
4812	2775
578	2776
3043	2777
22	2778
2166	2779
569	2780
6826	2781
43	2782
1632	2783
3570	2784
7754	2785
2320	2786
94	2787
5097	2788
7533	2789
8365	2790
9214	2791
4787	2792
1252	2793
8718	2794
6654	2795
4	2796
5526	2797
3925	2798
9172	2799
486	2800
321	2801
889	2802
5554	2803
5463	2804
5348	2805
8901	2806
6598	2807
8	2808
4443	2809
2397	2810
6002	2811
1425	2812
3274	2813
4345	2814
2208	2815
47	2816
6873	2817
5490	2818
2945	2819
5176	2820
5690	2821
4211	2822
4754	2823
400	2824
6320	2825
4593	2826
5582	2827
4224	2828
5982	2829
7135	2830
8394	2831
8219	2832
730	2833
8158	2834
2010	2835
14	2836
4190	2837
6715	2838
1045	2839
57	2840
8962	2841
4698	2842
2284	2843
6933	2844
8467	2845
3169	2846
8664	2847
8573	2848
8001	2849
7586	2850
5129	2851
4194	2852
1787	2853
1419	2854
285	2855
560	2856
6314	2857
7843	2858
2919	2859
7584	2860
2524	2861
8472	2862
7290	2863
343	2864
5927	2865
96	2866
6653	2867
2378	2868
243	2869
4996	2870
4563	2871
2530	2872
8302	2873
184	2874
6282	2875
2425	2876
2195	2877
3191	2878
1041	2879
6607	2880
4228	2881
2112	2882
7578	2883
3357	2884
7696	2885
6023	2886
3230	2887
1920	2888
5906	2889
3209	2890
887	2891
3902	2892
6955	2893
4968	2894
2153	2895
1633	2896
4266	2897
5368	2898
2113	2899
3365	2900
6704	2901
1814	2902
8195	2903
359	2904
5405	2905
355	2906
6109	2907
3550	2908
219	2909
60	2910
7208	2911
7537	2912
8216	2913
5278	2914
2900	2915
6921	2916
7753	2917
630	2918
9123	2919
4896	2920
2829	2921
389	2922
3888	2923
7522	2924
3497	2925
7429	2926
952	2927
7239	2928
8949	2929
7740	2930
8907	2931
3231	2932
270	2933
1331	2934
3222	2935
2992	2936
657	2937
5555	2938
303	2939
639	2940
6208	2941
3040	2942
4209	2943
9051	2944
4120	2945
4108	2946
2877	2947
8936	2948
6995	2949
9061	2950
7269	2951
3326	2952
6603	2953
537	2954
6100	2955
236	2956
1263	2957
7928	2958
9147	2959
679	2960
894	2961
4382	2962
6898	2963
5669	2964
5360	2965
642	2966
4049	2967
6509	2968
4171	2969
7846	2970
7038	2971
2566	2972
5571	2973
488	2974
606	2975
8536	2976
69	2977
8644	2978
6691	2979
6167	2980
3894	2981
280	2982
549	2983
116	2984
2442	2985
4157	2986
687	2987
6086	2988
6238	2989
676	2990
1265	2991
4441	2992
6676	2993
3234	2994
2270	2995
6039	2996
713	2997
3210	2998
6156	2999
1908	3000
3713	3001
680	3002
6461	3003
26	3004
198	3005
9211	3006
2534	3007
2414	3008
5893	3009
2323	3010
5969	3011
8347	3012
5998	3013
1229	3014
4880	3015
8390	3016
8109	3017
7346	3018
541	3019
7142	3020
8220	3021
3398	3022
5411	3023
5739	3024
4592	3025
7119	3026
3594	3027
6374	3028
7643	3029
860	3030
5687	3031
5859	3032
5381	3033
4590	3034
8710	3035
9142	3036
5792	3037
8605	3038
6576	3039
4841	3040
121	3041
5559	3042
6460	3043
445	3044
7690	3045
2956	3046
58	3047
8225	3048
1789	3049
8932	3050
324	3051
8099	3052
7046	3053
7785	3054
7185	3055
2484	3056
1001	3057
5415	3058
8736	3059
8547	3060
6948	3061
5957	3062
6749	3063
9	3064
1390	3065
6481	3066
3053	3067
7047	3068
3668	3069
2828	3070
7108	3071
466	3072
3732	3073
140	3074
858	3075
7930	3076
8689	3077
4067	3078
1621	3079
8915	3080
5407	3081
8518	3082
3554	3083
9048	3084
3299	3085
1325	3086
8852	3087
5680	3088
1937	3089
397	3090
1611	3091
3633	3092
4493	3093
3	3094
5861	3095
657	3096
4861	3097
8054	3098
46	3099
4835	3100
7693	3101
5797	3102
794	3103
1453	3104
4876	3105
4821	3106
3932	3107
6019	3108
8269	3109
4865	3110
8183	3111
527	3112
6152	3113
7090	3114
8147	3115
6797	3116
8168	3117
7212	3118
2254	3119
1411	3120
5079	3121
7547	3122
6962	3123
2883	3124
6887	3125
6286	3126
21	3127
8562	3128
6122	3129
5561	3130
2923	3131
5050	3132
2876	3133
3395	3134
6633	3135
4955	3136
2648	3137
5651	3138
737	3139
2160	3140
5890	3141
8791	3142
295	3143
1964	3144
6912	3145
2735	3146
7938	3147
63	3148
1869	3149
511	3150
3969	3151
6934	3152
4326	3153
7012	3154
7539	3155
2129	3156
8351	3157
3525	3158
4905	3159
7422	3160
7904	3161
2403	3162
8327	3163
865	3164
74	3165
253	3166
332	3167
955	3168
2286	3169
8043	3170
1316	3171
2554	3172
2741	3173
5849	3174
7276	3175
408	3176
5386	3177
71	3178
2893	3179
9014	3180
2001	3181
6645	3182
8238	3183
2134	3184
5803	3185
349	3186
4310	3187
8029	3188
2582	3189
8785	3190
715	3191
4238	3192
2365	3193
617	3194
5843	3195
2514	3196
427	3197
3995	3198
942	3199
1498	3200
4324	3201
2498	3202
6417	3203
8981	3204
6231	3205
7373	3206
8670	3207
4937	3208
1646	3209
6264	3210
97	3211
4244	3212
1065	3213
6588	3214
453	3215
5710	3216
5765	3217
8425	3218
16	3219
112	3220
1990	3221
5041	3222
6825	3223
758	3224
904	3225
5175	3226
3309	3227
3908	3228
6504	3229
1092	3230
775	3231
1264	3232
2518	3233
6720	3234
3185	3235
7118	3236
377	3237
328	3238
8000	3239
3990	3240
2168	3241
4559	3242
3724	3243
2907	3244
8320	3245
385	3246
1458	3247
5810	3248
4621	3249
4585	3250
1572	3251
3484	3252
841	3253
9	3254
5317	3255
8783	3256
3146	3257
2788	3258
8193	3259
4139	3260
2240	3261
6319	3262
8440	3263
7661	3264
6078	3265
7917	3266
3722	3267
9094	3268
630	3269
1369	3270
3366	3271
854	3272
3096	3273
2606	3274
5285	3275
6462	3276
3188	3277
4121	3278
3898	3279
7882	3280
2529	3281
604	3282
4	3283
3885	3284
3639	3285
5215	3286
231	3287
3981	3288
5901	3289
4031	3290
2492	3291
4269	3292
1305	3293
1573	3294
52	3295
4445	3296
8927	3297
2163	3298
2032	3299
316	3300
9189	3301
8716	3302
7470	3303
7572	3304
7339	3305
7236	3306
6658	3307
1674	3308
7675	3309
6706	3310
2839	3311
1385	3312
325	3313
257	3314
3503	3315
273	3316
3032	3317
2280	3318
7845	3319
4294	3320
297	3321
6601	3322
5719	3323
9040	3324
1104	3325
141	3326
8895	3327
2537	3328
7672	3329
1653	3330
3095	3331
2891	3332
5011	3333
2913	3334
5877	3335
5657	3336
2527	3337
4975	3338
6787	3339
1867	3340
7257	3341
7128	3342
7198	3343
6618	3344
1186	3345
303	3346
2885	3347
7894	3348
3537	3349
5725	3350
4948	3351
3963	3352
131	3353
669	3354
4988	3355
1184	3356
4398	3357
4949	3358
46	3359
9010	3360
640	3361
5769	3362
294	3363
1955	3364
118	3365
2258	3366
1994	3367
1179	3368
6054	3369
5162	3370
4735	3371
395	3372
221	3373
1763	3374
8950	3375
2227	3376
346	3377
7519	3378
2937	3379
5767	3380
5414	3381
1486	3382
3828	3383
118	3384
4260	3385
207	3386
3195	3387
7970	3388
8236	3389
4140	3390
5504	3391
6817	3392
7310	3393
1173	3394
285	3395
6278	3396
5995	3397
7296	3398
7311	3399
6686	3400
1222	3401
8410	3402
150	3403
6107	3404
5179	3405
8039	3406
3323	3407
1027	3408
3041	3409
2810	3410
8504	3411
1357	3412
3715	3413
2046	3414
4205	3415
8623	3416
1909	3417
8725	3418
1459	3419
6475	3420
469	3421
8030	3422
6800	3423
607	3424
2021	3425
2935	3426
4343	3427
1635	3428
5507	3429
6845	3430
4042	3431
432	3432
8816	3433
8473	3434
5159	3435
252	3436
4449	3437
5517	3438
1477	3439
3214	3440
7220	3441
8970	3442
804	3443
4285	3444
5311	3445
8712	3446
4226	3447
6193	3448
472	3449
306	3450
7231	3451
1375	3452
5508	3453
7485	3454
4044	3455
1678	3456
771	3457
5269	3458
7667	3459
5431	3460
5589	3461
7309	3462
618	3463
1531	3464
6234	3465
429	3466
6269	3467
1007	3468
1378	3469
2326	3470
7196	3471
2820	3472
6414	3473
2805	3474
7112	3475
8154	3476
2599	3477
8835	3478
7953	3479
8662	3480
6069	3481
4622	3482
694	3483
8934	3484
4315	3485
7763	3486
5235	3487
6671	3488
4669	3489
524	3490
3423	3491
3573	3492
5635	3493
8906	3494
8423	3495
8465	3496
177	3497
5251	3498
1445	3499
367	3500
2331	3501
1710	3502
5587	3503
1546	3504
984	3505
8229	3506
6783	3507
171	3508
850	3509
2991	3510
6412	3511
7109	3512
313	3513
648	3514
1551	3515
169	3516
8929	3517
5738	3518
2251	3519
267	3520
6646	3521
334	3522
5241	3523
8635	3524
121	3525
6029	3526
9072	3527
5396	3528
6249	3529
6992	3530
2060	3531
6474	3532
8565	3533
7317	3534
5379	3535
1841	3536
2777	3537
3254	3538
6317	3539
8484	3540
1087	3541
1541	3542
3229	3543
1743	3544
2979	3545
7821	3546
361	3547
4115	3548
6163	3549
7423	3550
6809	3551
2968	3552
2823	3553
8619	3554
821	3555
3971	3556
7551	3557
3050	3558
100	3559
2	3560
176	3561
252	3562
8098	3563
1005	3564
566	3565
6378	3566
2327	3567
8406	3568
6344	3569
2703	3570
4801	3571
7411	3572
913	3573
6958	3574
9006	3575
8102	3576
1823	3577
3266	3578
7357	3579
7481	3580
26	3581
3812	3582
4347	3583
2291	3584
3719	3585
6906	3586
1860	3587
1668	3588
7752	3589
8872	3590
4308	3591
7656	3592
1243	3593
3006	3594
3208	3595
8295	3596
4834	3597
81	3598
476	3599
297	3600
553	3601
8407	3602
2404	3603
4273	3604
4857	3605
6055	3606
6626	3607
2847	3608
2416	3609
6882	3610
3036	3611
3610	3612
5915	3613
8892	3614
773	3615
6123	3616
8453	3617
851	3618
1796	3619
6662	3620
2149	3621
2154	3622
8812	3623
1879	3624
7252	3625
3510	3626
1143	3627
3463	3628
527	3629
3865	3630
6939	3631
7666	3632
1125	3633
389	3634
9060	3635
8057	3636
8847	3637
1603	3638
7645	3639
6774	3640
7064	3641
2951	3642
5992	3643
6455	3644
402	3645
4728	3646
856	3647
2941	3648
4528	3649
8500	3650
6625	3651
7967	3652
5856	3653
2187	3654
337	3655
381	3656
8106	3657
7684	3658
7211	3659
4388	3660
2541	3661
7374	3662
8357	3663
8954	3664
279	3665
6832	3666
240	3667
224	3668
4169	3669
2325	3670
6115	3671
5420	3672
3840	3673
5098	3674
449	3675
7307	3676
5470	3677
7129	3678
5321	3679
7871	3680
2013	3681
4670	3682
1500	3683
7072	3684
7762	3685
7835	3686
832	3687
695	3688
7605	3689
7006	3690
8839	3691
8957	3692
8608	3693
2339	3694
6869	3695
122	3696
8511	3697
8963	3698
7824	3699
1281	3700
7235	3701
3281	3702
5378	3703
5391	3704
3038	3705
4643	3706
3756	3707
5461	3708
1422	3709
6695	3710
652	3711
251	3712
1997	3713
53	3714
5190	3715
500	3716
4022	3717
5882	3718
6702	3719
2768	3720
8135	3721
8984	3722
2619	3723
3334	3724
3623	3725
7459	3726
5006	3727
153	3728
3216	3729
8257	3730
253	3731
4722	3732
1730	3733
6111	3734
2708	3735
7794	3736
4769	3737
8801	3738
7420	3739
4941	3740
7639	3741
2207	3742
483	3743
5602	3744
8005	3745
7273	3746
3342	3747
154	3748
7388	3749
519	3750
6918	3751
8891	3752
4974	3753
2334	3754
4319	3755
8097	3756
9137	3757
7465	3758
4875	3759
475	3760
316	3761
4929	3762
66	3763
6423	3764
1099	3765
3008	3766
1605	3767
5626	3768
3961	3769
8011	3770
9156	3771
4532	3772
3136	3773
7590	3774
356	3775
8849	3776
6664	3777
3480	3778
5322	3779
2162	3780
723	3781
1151	3782
6083	3783
5486	3784
3922	3785
5426	3786
2782	3787
987	3788
4383	3789
7855	3790
7399	3791
5229	3792
4011	3793
1074	3794
8509	3795
626	3796
482	3797
8834	3798
2421	3799
40	3800
387	3801
128	3802
6637	3803
6233	3804
3202	3805
6498	3806
3338	3807
859	3808
287	3809
5337	3810
3686	3811
3897	3812
4705	3813
9098	3814
435	3815
5324	3816
2636	3817
4316	3818
7417	3819
4647	3820
7045	3821
7955	3822
32	3823
5389	3824
2037	3825
1601	3826
5637	3827
8822	3828
8048	3829
8544	3830
5016	3831
3936	3832
1484	3833
2391	3834
4501	3835
5878	3836
1863	3837
1135	3838
5790	3839
6485	3840
9102	3841
2716	3842
776	3843
7853	3844
6951	3845
5169	3846
5073	3847
6120	3848
4844	3849
1884	3850
668	3851
5530	3852
5648	3853
6443	3854
7437	3855
460	3856
4377	3857
7758	3858
21	3859
431	3860
3108	3861
6464	3862
2027	3863
673	3864
1676	3865
1022	3866
7076	3867
7875	3868
5078	3869
8656	3870
5853	3871
7663	3872
5873	3873
1660	3874
7466	3875
2103	3876
6394	3877
8023	3878
1333	3879
2575	3880
8042	3881
8871	3882
1759	3883
3723	3884
5137	3885
6165	3886
1014	3887
93	3888
6436	3889
3025	3890
530	3891
7104	3892
6867	3893
8960	3894
6620	3895
654	3896
8948	3897
195	3898
65	3899
2609	3900
4473	3901
3721	3902
7776	3903
6489	3904
8077	3905
130	3906
8486	3907
3862	3908
2434	3909
643	3910
1421	3911
498	3912
674	3913
8563	3914
5452	3915
7302	3916
3729	3917
2784	3918
3178	3919
139	3920
3529	3921
2059	3922
3819	3923
3457	3924
1077	3925
7549	3926
397	3927
6798	3928
7701	3929
2264	3930
1689	3931
2706	3932
56	3933
188	3934
3839	3935
214	3936
3762	3937
7393	3938
8757	3939
2902	3940
6232	3941
6372	3942
314	3943
365	3944
622	3945
2144	3946
2271	3947
5607	3948
5788	3949
4431	3950
8171	3951
90	3952
6806	3953
9082	3954
7964	3955
6767	3956
7390	3957
1559	3958
8088	3959
1820	3960
8704	3961
3270	3962
2526	3963
5699	3964
5083	3965
5727	3966
5031	3967
9054	3968
1579	3969
8646	3970
8362	3971
3379	3972
4666	3973
4262	3974
8875	3975
8130	3976
6045	3977
2363	3978
814	3979
7786	3980
3567	3981
6382	3982
447	3983
8593	3984
3789	3985
6499	3986
2183	3987
4790	3988
222	3989
7603	3990
5538	3991
4417	3992
9216	3993
8185	3994
7448	3995
1383	3996
1117	3997
4365	3998
7443	3999
150	4000
5423	4001
921	4002
6772	4003
7687	4004
3861	4005
6665	4006
5354	4007
6482	4008
4270	4009
7828	4010
8952	4011
6558	4012
279	4013
7131	4014
4736	4015
2511	4016
9088	4017
7919	4018
2522	4019
5772	4020
1537	4021
3422	4022
5565	4023
5455	4024
1271	4025
2477	4026
2801	4027
6840	4028
2053	4029
4503	4030
1140	4031
4782	4032
390	4033
8093	4034
174	4035
7449	4036
238	4037
8941	4038
2038	4039
399	4040
2	4041
6411	4042
6364	4043
7284	4044
413	4045
2665	4046
6259	4047
22	4048
6038	4049
3417	4050
9090	4051
1529	4052
2490	4053
450	4054
314	4055
5573	4056
7708	4057
7473	4058
7892	4059
1137	4060
8677	4061
4760	4062
8799	4063
4014	4064
6523	4065
6294	4066
410	4067
4983	4068
496	4069
276	4070
2791	4071
7759	4072
48	4073
4846	4074
5416	4075
7918	4076
5172	4077
6768	4078
8620	4079
7380	4080
9192	4081
65	4082
3530	4083
3083	4084
5424	4085
6543	4086
269	4087
3924	4088
6754	4089
4232	4090
8925	4091
8325	4092
4890	4093
4999	4094
2649	4095
6092	4096
658	4097
2071	4098
8853	4099
8658	4100
6202	4101
523	4102
540	4103
2812	4104
2680	4105
2076	4106
1392	4107
1599	4108
3368	4109
4613	4110
3297	4111
5574	4112
27	4113
3761	4114
4814	4115
2008	4116
588	4117
3545	4118
561	4119
3711	4120
5237	4121
4785	4122
3800	4123
3279	4124
360	4125
1760	4126
9117	4127
9206	4128
1765	4129
9190	4130
3085	4131
8634	4132
1951	4133
31	4134
8848	4135
5385	4136
2726	4137
101	4138
877	4139
1066	4140
2070	4141
1978	4142
7920	4143
1318	4144
834	4145
7505	4146
6487	4147
6739	4148
4794	4149
497	4150
767	4151
8923	4152
4732	4153
8076	4154
1347	4155
3679	4156
3952	4157
3508	4158
1540	4159
3378	4160
7654	4161
8746	4162
7082	4163
434	4164
543	4165
8146	4166
6236	4167
2422	4168
1351	4169
681	4170
66	4171
2652	4172
919	4173
5383	4174
1508	4175
8572	4176
3496	4177
51	4178
1827	4179
5355	4180
8609	4181
292	4182
1370	4183
7328	4184
4223	4185
33	4186
4842	4187
7616	4188
6580	4189
7197	4190
6628	4191
8804	4192
2549	4193
6270	4194
3263	4195
3	4196
8115	4197
342	4198
8352	4199
6454	4200
4749	4201
8458	4202
846	4203
7915	4204
334	4205
6137	4206
6177	4207
7356	4208
39	4209
3079	4210
7277	4211
8496	4212
623	4213
1799	4214
6593	4215
6050	4216
7495	4217
8964	4218
2424	4219
3989	4220
4933	4221
7813	4222
9073	4223
8828	4224
2390	4225
2520	4226
4674	4227
1943	4228
8354	4229
8514	4230
7194	4231
3137	4232
168	4233
876	4234
3851	4235
7372	4236
1925	4237
212	4238
558	4239
176	4240
6288	4241
8435	4242
2815	4243
1704	4244
9079	4245
202	4246
7816	4247
7883	4248
1748	4249
1353	4250
2657	4251
4160	4252
5522	4253
8360	4254
4442	4255
2229	4256
3154	4257
6814	4258
8902	4259
172	4260
3471	4261
547	4262
109	4263
81	4264
5346	4265
839	4266
40	4267
8311	4268
1975	4269
3436	4270
261	4271
8640	4272
2966	4273
1521	4274
3139	4275
396	4276
4725	4277
8531	4278
2732	4279
2409	4280
402	4281
4075	4282
1936	4283
3	4284
1900	4285
5042	4286
2233	4287
79	4288
9031	4289
7669	4290
3972	4291
982	4292
5282	4293
5185	4294
6685	4295
7499	4296
5876	4297
502	4298
1701	4299
5949	4300
2644	4301
5531	4302
7435	4303
2871	4304
4289	4305
925	4306
216	4307
6401	4308
2513	4309
6216	4310
7001	4311
7543	4312
9177	4313
1031	4314
6005	4315
6853	4316
8738	4317
3467	4318
373	4319
959	4320
2629	4321
1974	4322
1028	4323
649	4324
914	4325
6746	4326
1145	4327
493	4328
2194	4329
8698	4330
3766	4331
5748	4332
7036	4333
5250	4334
530	4335
4187	4336
7418	4337
6677	4338
1381	4339
973	4340
2654	4341
7612	4342
1214	4343
1210	4344
4099	4345
8391	4346
7222	4347
5359	4348
207	4349
2181	4350
2030	4351
8771	4352
8055	4353
239	4354
2972	4355
11	4356
6280	4357
7723	4358
2908	4359
4701	4360
1983	4361
6413	4362
803	4363
3942	4364
8768	4365
7159	4366
7665	4367
5931	4368
3454	4369
6058	4370
8627	4371
820	4372
7227	4373
488	4374
4379	4375
173	4376
915	4377
6651	4378
7243	4379
3460	4380
1209	4381
844	4382
5279	4383
478	4384
8953	4385
5158	4386
495	4387
5180	4388
2051	4389
6862	4390
4529	4391
6678	4392
4567	4393
3352	4394
3650	4395
4489	4396
3528	4397
4819	4398
5754	4399
1988	4400
944	4401
4252	4402
4720	4403
2517	4404
2396	4405
5925	4406
6796	4407
766	4408
7901	4409
4620	4410
3801	4411
2918	4412
4058	4413
7847	4414
506	4415
1683	4416
1166	4417
4510	4418
210	4419
4469	4420
149	4421
573	4422
4740	4423
7177	4424
1832	4425
5539	4426
8643	4427
558	4428
2061	4429
1503	4430
6529	4431
2338	4432
213	4433
3832	4434
8706	4435
1332	4436
555	4437
194	4438
4831	4439
8519	4440
3060	4441
3803	4442
3499	4443
1929	4444
3974	4445
5085	4446
5061	4447
2696	4448
2868	4449
2441	4450
949	4451
4878	4452
3174	4453
8455	4454
5976	4455
8456	4456
728	4457
6425	4458
3574	4459
6369	4460
5001	4461
2377	4462
85	4463
3390	4464
1448	4465
7529	4466
5667	4467
3538	4468
3194	4469
2626	4470
6606	4471
72	4472
1682	4473
134	4474
6310	4475
7051	4476
1090	4477
2383	4478
722	4479
4970	4480
1447	4481
3445	4482
994	4483
6184	4484
6360	4485
3386	4486
1794	4487
6801	4488
3703	4489
5239	4490
6900	4491
5951	4492
7298	4493
2300	4494
7622	4495
5248	4496
815	4497
8838	4498
1004	4499
426	4500
7624	4501
7158	4502
1403	4503
3855	4504
1828	4505
8988	4506
9120	4507
7145	4508
130	4509
370	4510
9159	4511
4088	4512
332	4513
8549	4514
370	4515
883	4516
6222	4517
1075	4518
478	4519
5887	4520
2108	4521
3009	4522
9150	4523
3986	4524
6953	4525
6326	4526
4791	4527
4852	4528
5095	4529
7103	4530
4757	4531
611	4532
4131	4533
1471	4534
1645	4535
5325	4536
5786	4537
7564	4538
5288	4539
853	4540
9099	4541
5693	4542
4161	4543
3426	4544
3676	4545
9203	4546
350	4547
1634	4548
9035	4549
4015	4550
7653	4551
8405	4552
3180	4553
8959	4554
5139	4555
1122	4556
6491	4557
4327	4558
4311	4559
7760	4560
1776	4561
2287	4562
7629	4563
9155	4564
3440	4565
1388	4566
538	4567
4656	4568
7787	4569
616	4570
1424	4571
4458	4572
2851	4573
3101	4574
2955	4575
4606	4576
2405	4577
6928	4578
9034	4579
4531	4580
3088	4581
574	4582
8361	4583
2800	4584
2353	4585
5331	4586
5472	4587
864	4588
6398	4589
5844	4590
1837	4591
7248	4592
6329	4593
5811	4594
8730	4595
4989	4596
7609	4597
4551	4598
6512	4599
3296	4600
6731	4601
2211	4602
6037	4603
246	4604
24	4605
5207	4606
8858	4607
4207	4608
5047	4609
7367	4610
7691	4611
8463	4612
4972	4613
7083	4614
2675	4615
7788	4616
873	4617
8104	4618
4001	4619
1791	4620
8392	4621
8245	4622
4954	4623
7264	4624
3306	4625
4839	4626
7331	4627
8137	4628
6305	4629
8546	4630
960	4631
8967	4632
1057	4633
362	4634
6597	4635
3788	4636
7207	4637
1915	4638
4997	4639
8807	4640
1212	4641
2253	4642
3452	4643
4981	4644
917	4645
8128	4646
7841	4647
6368	4648
6805	4649
2002	4650
2601	4651
4248	4652
4631	4653
2016	4654
144	4655
3575	4656
5021	4657
1245	4658
653	4659
1030	4660
7893	4661
3725	4662
8113	4663
5340	4664
906	4665
4080	4666
15	4667
8993	4668
7589	4669
2861	4670
4816	4671
9042	4672
3262	4673
6	4674
6730	4675
3483	4676
526	4677
3706	4678
3413	4679
3664	4680
2097	4681
5630	4682
5944	4683
6030	4684
7360	4685
414	4686
7240	4687
5698	4688
5520	4689
1935	4690
3405	4691
2727	4692
710	4693
1651	4694
1098	4695
6642	4696
7575	4697
381	4698
8802	4699
2164	4700
5519	4701
7671	4702
8239	4703
8968	4704
2283	4705
125	4706
3516	4707
339	4708
7340	4709
4748	4710
6056	4711
3947	4712
8133	4713
1058	4714
7598	4715
4097	4716
802	4717
5778	4718
454	4719
6420	4720
1816	4721
5917	4722
5612	4723
3802	4724
6748	4725
8878	4726
55	4727
5542	4728
5034	4729
3896	4730
6545	4731
5252	4732
7492	4733
7432	4734
3980	4735
6525	4736
4	4737
6810	4738
2483	4739
6557	4740
5134	4741
7670	4742
2147	4743
89	4744
7606	4745
2174	4746
791	4747
2557	4748
1883	4749
1782	4750
6391	4751
4313	4752
2214	4753
4002	4754
9012	4755
4523	4756
4364	4757
1	4758
5007	4759
601	4760
435	4761
2595	4762
8156	4763
6470	4764
307	4765
5691	4766
133	4767
6528	4768
7885	4769
6431	4770
8911	4771
521	4772
3127	4773
1725	4774
929	4775
7379	4776
1850	4777
379	4778
8767	4779
4850	4780
6973	4781
1011	4782
6824	4783
1962	4784
9110	4785
7445	4786
7098	4787
7281	4788
1060	4789
6118	4790
2500	4791
103	4792
288	4793
6871	4794
6690	4795
8159	4796
3240	4797
6020	4798
8789	4799
6199	4800
1300	4801
4478	4802
6185	4803
1012	4804
7729	4805
5464	4806
1940	4807
4849	4808
7425	4809
4104	4810
12	4811
3997	4812
2906	4813
8857	4814
2765	4815
6903	4816
6440	4817
1108	4818
4867	4819
629	4820
484	4821
7804	4822
8337	4823
7044	4824
4986	4825
651	4826
8876	4827
6979	4828
6894	4829
335	4830
8479	4831
4619	4832
1516	4833
6735	4834
2354	4835
392	4836
129	4837
678	4838
8688	4839
8270	4840
6205	4841
4864	4842
2536	4843
8665	4844
5594	4845
4582	4846
1039	4847
7377	4848
5198	4849
837	4850
4984	4851
5327	4852
2570	4853
5572	4854
902	4855
4953	4856
151	4857
7238	4858
5708	4859
5434	4860
3858	4861
4758	4862
6367	4863
3458	4864
4199	4865
8089	4866
8652	4867
8946	4868
8046	4869
1604	4870
3120	4871
8854	4872
2971	4873
175	4874
939	4875
5178	4876
1535	4877
978	4878
2740	4879
2411	4880
258	4881
596	4882
3552	4883
5819	4884
7515	4885
2412	4886
9064	4887
7985	4888
8538	4889
8286	4890
420	4891
180	4892
3704	4893
7857	4894
6994	4895
461	4896
3829	4897
1069	4898
4957	4899
8720	4900
3293	4901
7497	4902
2449	4903
2553	4904
233	4905
7905	4906
6459	4907
2590	4908
6893	4909
3927	4910
6693	4911
5540	4912
7650	4913
7095	4914
762	4915
157	4916
9045	4917
8426	4918
3314	4919
6157	4920
203	4921
3882	4922
4152	4923
406	4924
2507	4925
1818	4926
8196	4927
6207	4928
4976	4929
7887	4930
2222	4931
6717	4932
3806	4933
7351	4934
8818	4935
8488	4936
9096	4937
7726	4938
8719	4939
8493	4940
9104	4941
6408	4942
6758	4943
6965	4944
3657	4945
4589	4946
466	4947
7525	4948
7170	4949
4681	4950
7226	4951
88	4952
5880	4953
2359	4954
9187	4955
7440	4956
2963	4957
3818	4958
9222	4959
7105	4960
8314	4961
315	4962
63	4963
2719	4964
2737	4965
33	4966
204	4967
2180	4968
2997	4969
6668	4970
5896	4971
1412	4972
6970	4973
5	4974
4219	4975
8441	4976
6126	4977
5789	4978
4507	4979
4920	4980
6287	4981
455	4982
8912	4983
7097	4984
7509	4985
4356	4986
7180	4987
3930	4988
9053	4989
3881	4990
7783	4991
1249	4992
1972	4993
5127	4994
6010	4995
1101	4996
5595	4997
1984	4998
6785	4999
4802	5000
4332	5001
8145	5002
3920	5003
5884	5004
20	5005
5564	5006
3590	5007
8398	5008
5629	5009
1172	5010
1921	5011
2709	5012
7294	5013
4716	5014
1071	5015
2838	5016
1969	5017
4871	5018
6430	5019
3745	5020
7295	5021
3919	5022
3787	5023
1902	5024
8554	5025
8355	5026
6140	5027
9139	5028
3317	5029
7122	5030
8545	5031
2692	5032
9056	5033
6124	5034
6644	5035
4859	5036
7908	5037
5372	5038
8179	5039
6	5040
2401	5041
647	5042
2277	5043
2302	5044
6510	5045
8308	5046
1335	5047
1696	5048
8062	5049
7966	5050
2612	5051
1774	5052
3758	5053
2763	5054
2478	5055
6700	5056
8	5057
182	5058
8310	5059
8247	5060
645	5061
7521	5062
4959	5063
92	5064
3630	5065
251	5066
374	5067
2447	5068
15	5069
7815	5070
966	5071
304	5072
4072	5073
3957	5074
1103	5075
2392	5076
2984	5077
1733	5078
8918	5079
4156	5080
2730	5081
3873	5082
8459	5083
1371	5084
1980	5085
5502	5086
5933	5087
6950	5088
1669	5089
168	5090
5189	5091
7214	5092
271	5093
7937	5094
2186	5095
6028	5096
8060	5097
1591	5098
525	5099
193	5100
801	5101
1737	5102
5291	5103
2848	5104
319	5105
2375	5106
2202	5107
5736	5108
793	5109
437	5110
5605	5111
5286	5112
7829	5113
2591	5114
2298	5115
2742	5116
4810	5117
5525	5118
2739	5119
3928	5120
2316	5121
1664	5122
4744	5123
4298	5124
5400	5125
125	5126
443	5127
160	5128
8729	5129
2677	5130
2989	5131
5717	5132
896	5133
3709	5134
2054	5135
3983	5136
9218	5137
7718	5138
8821	5139
6164	5140
481	5141
5194	5142
8261	5143
3757	5144
1872	5145
6872	5146
4843	5147
7116	5148
7326	5149
545	5150
6565	5151
5211	5152
6175	5153
8910	5154
8603	5155
4615	5156
3485	5157
3958	5158
6769	5159
935	5160
8827	5161
1788	5162
1302	5163
240	5164
9171	5165
7400	5166
3705	5167
9175	5168
2223	5169
1890	5170
5593	5171
2762	5172
1528	5173
1647	5174
234	5175
1817	5176
1485	5177
2161	5178
7	5179
2832	5180
9108	5181
533	5182
5071	5183
655	5184
1244	5185
5115	5186
264	5187
4741	5188
2476	5189
60	5190
1194	5191
1350	5192
3455	5193
4203	5194
1518	5195
6235	5196
291	5197
7101	5198
5935	5199
52	5200
3003	5201
7601	5202
6229	5203
554	5204
2448	5205
5961	5206
3161	5207
4566	5208
1616	5209
306	5210
570	5211
3909	5212
312	5213
9049	5214
5586	5215
7453	5216
1901	5217
5471	5218
321	5219
1896	5220
3421	5221
3720	5222
5025	5223
5433	5224
4017	5225
7067	5226
670	5227
1164	5228
1299	5229
5259	5230
1072	5231
2111	5232
8233	5233
6971	5234
6148	5235
9107	5236
520	5237
3899	5238
8047	5239
6920	5240
5267	5241
222	5242
969	5243
7518	5244
1731	5245
8091	5246
7560	5247
4177	5248
1259	5249
5755	5250
7358	5251
1942	5252
3728	5253
6623	5254
2413	5255
8681	5256
4472	5257
490	5258
6298	5259
7854	5260
2043	5261
91	5262
5030	5263
1558	5264
780	5265
3291	5266
8786	5267
6835	5268
8155	5269
6376	5270
1398	5271
1539	5272
439	5273
8471	5274
6011	5275
7527	5276
5551	5277
7450	5278
7024	5279
6132	5280
2293	5281
7304	5282
4879	5283
5728	5284
184	5285
1987	5286
2028	5287
5661	5288
2569	5289
8417	5290
5234	5291
3205	5292
6940	5293
8300	5294
1286	5295
5101	5296
3098	5297
8586	5298
5080	5299
1115	5300
2462	5301
6568	5302
5848	5303
3940	5304
6395	5305
4922	5306
165	5307
2266	5308
4118	5309
5812	5310
6160	5311
5968	5312
8615	5313
840	5314
8437	5315
28	5316
749	5317
8846	5318
6176	5319
698	5320
6614	5321
7412	5322
1204	5323
7200	5324
3329	5325
4078	5326
1386	5327
6060	5328
5173	5329
5911	5330
5783	5331
8751	5332
7335	5333
3956	5334
7886	5335
907	5336
2357	5337
4114	5338
2878	5339
5112	5340
4940	5341
705	5342
9129	5343
2846	5344
8469	5345
7421	5346
2579	5347
6570	5348
36	5349
1706	5350
5220	5351
3138	5352
1432	5353
6022	5354
4143	5355
1992	5356
3186	5357
7637	5358
8131	5359
1225	5360
1652	5361
9128	5362
5932	5363
2502	5364
3595	5365
4610	5366
5576	5367
8197	5368
2710	5369
299	5370
440	5371
1813	5372
4394	5373
5642	5374
348	5375
7849	5376
1234	5377
4689	5378
6096	5379
1708	5380
92	5381
404	5382
3261	5383
4767	5384
1430	5385
5757	5386
1654	5387
5588	5388
5164	5389
5815	5390
236	5391
266	5392
3964	5393
156	5394
4145	5395
59	5396
6260	5397
8657	5398
6168	5399
6386	5400
7806	5401
6621	5402
8290	5403
2200	5404
3658	5405
4119	5406
729	5407
7354	5408
5536	5409
5216	5410
361	5411
2837	5412
179	5413
3157	5414
5833	5415
388	5416
8094	5417
486	5418
5639	5419
1711	5420
535	5421
5315	5422
4136	5423
2904	5424
7562	5425
5469	5426
584	5427
1911	5428
226	5429
1242	5430
4150	5431
4174	5432
143	5433
5373	5434
2072	5435
2428	5436
4440	5437
2011	5438
1112	5439
3026	5440
6745	5441
5257	5442
7876	5443
6093	5444
4037	5445
7179	5446
5201	5447
3116	5448
6203	5449
3519	5450
3656	5451
2236	5452
112	5453
208	5454
1461	5455
138	5456
10	5457
1292	5458
7720	5459
2693	5460
456	5461
2960	5462
3251	5463
609	5464
576	5465
3750	5466
199	5467
7896	5468
2261	5469
2879	5470
9062	5471
9013	5472
2024	5473
7030	5474
4339	5475
9151	5476
5017	5477
8585	5478
662	5479
3868	5480
1637	5481
489	5482
474	5483
8340	5484
5199	5485
281	5486
2811	5487
8999	5488
147	5489
6689	5490
4761	5491
634	5492
4908	5493
3622	5494
5467	5495
3094	5496
7501	5497
4073	5498
4777	5499
3280	5500
2369	5501
2624	5502
2668	5503
1849	5504
5879	5505
2429	5506
8955	5507
682	5508
5865	5509
319	5510
7229	5511
8299	5512
709	5513
6742	5514
1961	5515
86	5516
6630	5517
3608	5518
7563	5519
7552	5520
2691	5521
4964	5522
782	5523
2759	5524
2965	5525
6944	5526
2855	5527
4320	5528
9109	5529
5706	5530
3820	5531
755	5532
8919	5533
8958	5534
4877	5535
5425	5536
5730	5537
6016	5538
2687	5539
6250	5540
7890	5541
25	5542
8525	5543
5579	5544
5664	5545
4048	5546
4780	5547
7011	5548
2034	5549
1663	5550
2818	5551
451	5552
8576	5553
5867	5554
4147	5555
7136	5556
5668	5557
4340	5558
1384	5559
6349	5560
665	5561
7023	5562
6335	5563
3584	5564
300	5565
3568	5566
2495	5567
6954	5568
1795	5569
6006	5570
4517	5571
8250	5572
2269	5573
5077	5574
3933	5575
1700	5576
396	5577
367	5578
5902	5579
19	5580
6017	5581
635	5582
5066	5583
12	5584
651	5585
6513	5586
612	5587
6886	5588
4697	5589
5075	5590
7912	5591
7719	5592
1959	5593
1128	5594
318	5595
2079	5596
3048	5597
4521	5598
5453	5599
5603	5600
5065	5601
4178	5602
2143	5603
4555	5604
5222	5605
7831	5606
4056	5607
8944	5608
8202	5609
6397	5610
2273	5611
2040	5612
7709	5613
8151	5614
4351	5615
8887	5616
5720	5617
1268	5618
3619	5619
5126	5620
6	5621
5518	5622
23	5623
3159	5624
1280	5625
1954	5626
41	5627
3672	5628
4113	5629
5946	5630
7287	5631
5121	5632
3815	5633
8157	5634
4520	5635
6719	5636
4201	5637
7241	5638
6516	5639
4659	5640
7811	5641
7130	5642
2523	5643
787	5644
380	5645
102	5646
1442	5647
113	5648
3447	5649
2250	5650
2221	5651
4827	5652
7320	5653
3316	5654
1319	5655
5351	5656
135	5657
1808	5658
3877	5659
3514	5660
4096	5661
7513	5662
1685	5663
8404	5664
256	5665
4215	5666
1304	5667
618	5668
6256	5669
3020	5670
1673	5671
6946	5672
6548	5673
2886	5674
4462	5675
6960	5676
7714	5677
7389	5678
8980	5679
3678	5680
3614	5681
4277	5682
3118	5683
6007	5684
8692	5685
3100	5686
127	5687
8272	5688
7463	5689
3023	5690
8070	5691
5835	5692
6698	5693
5636	5694
2980	5695
1858	5696
6027	5697
1840	5698
7438	5699
7169	5700
7133	5701
2029	5702
7517	5703
6451	5704
2990	5705
4185	5706
6172	5707
8914	5708
9114	5709
1834	5710
6450	5711
261	5712
495	5713
4921	5714
981	5715
6811	5716
8200	5717
5801	5718
3377	5719
26	5720
7673	5721
1844	5722
4795	5723
575	5724
2259	5725
52	5726
369	5727
37	5728
8359	5729
4914	5730
76	5731
615	5732
455	5733
4868	5734
6594	5735
4191	5736
677	5737
2125	5738
8081	5739
2310	5740
637	5741
6456	5742
459	5743
7199	5744
5984	5745
1804	5746
4272	5747
9041	5748
375	5749
8977	5750
4259	5751
1232	5752
354	5753
4234	5754
2670	5755
1989	5756
7375	5757
136	5758
3700	5759
808	5760
350	5761
8707	5762
2386	5763
3871	5764
15	5765
2912	5766
3988	5767
5205	5768
305	5769
7165	5770
5096	5771
278	5772
3644	5773
2198	5774
4586	5775
636	5776
2931	5777
3351	5778
5716	5779
8201	5780
405	5781
6566	5782
6744	5783
8387	5784
5032	5785
8624	5786
2238	5787
5417	5788
3226	5789
224	5790
7959	5791
5395	5792
192	5793
6469	5794
7370	5795
2856	5796
686	5797
1208	5798
6656	5799
1766	5800
8539	5801
3473	5802
6640	5803
214	5804
4070	5805
2437	5806
658	5807
8840	5808
140	5809
4509	5810
8579	5811
3878	5812
641	5813
464	5814
2056	5815
8637	5816
586	5817
4012	5818
1454	5819
5643	5820
1374	5821
9181	5822
186	5823
7744	5824
9029	5825
3171	5826
1630	5827
87	5828
38	5829
6046	5830
1550	5831
2246	5832
2600	5833
3215	5834
2753	5835
4751	5836
3863	5837
8990	5838
4923	5839
1342	5840
8287	5841
5837	5842
229	5843
6442	5844
2039	5845
5382	5846
7941	5847
1161	5848
470	5849
6822	5850
2015	5851
9220	5852
831	5853
759	5854
6370	5855
1095	5856
8702	5857
8411	5858
7447	5859
6291	5860
3697	5861
1548	5862
3620	5863
2075	5864
5625	5865
400	5866
5558	5867
5858	5868
4778	5869
5044	5870
7995	5871
485	5872
1320	5873
68	5874
7889	5875
4574	5876
7037	5877
129	5878
137	5879
1656	5880
3273	5881
7823	5882
183	5883
2420	5884
1492	5885
696	5886
3343	5887
6659	5888
1121	5889
5440	5890
9028	5891
5570	5892
245	5893
5305	5894
2957	5895
3082	5896
7268	5897
8259	5898
2930	5899
1247	5900
595	5901
7301	5902
1278	5903
8850	5904
120	5905
7084	5906
7911	5907
5615	5908
2933	5909
8009	5910
589	5911
8424	5912
6158	5913
9075	5914
282	5915
3416	5916
6252	5917
1365	5918
4481	5919
1608	5920
6961	5921
8254	5922
3793	5923
4301	5924
661	5925
5392	5926
1051	5927
6196	5928
6138	5929
277	5930
5987	5931
6507	5932
627	5933
4124	5934
189	5935
7933	5936
4636	5937
8792	5938
1756	5939
4023	5940
4166	5941
4655	5942
6300	5943
3634	5944
8050	5945
8740	5946
5369	5947
5962	5948
8466	5949
522	5950
635	5951
1614	5952
8896	5953
1068	5954
7956	5955
740	5956
5641	5957
7013	5958
6396	5959
5683	5960
8773	5961
3383	5962
6892	5963
583	5964
6602	5965
5307	5966
6342	5967
7548	5968
1753	5969
1064	5970
70	5971
4639	5972
5221	5973
201	5974
5393	5975
4492	5976
7034	5977
5449	5978
597	5979
7526	5980
5499	5981
4404	5982
3572	5983
7836	5984
3651	5985
3752	5986
3698	5987
1046	5988
1625	5989
3406	5990
415	5991
5581	5992
1580	5993
1496	5994
3934	5995
1809	5996
108	5997
5553	5998
1960	5999
8436	6000
5163	6001
2798	6002
5482	6003
7792	6004
7060	6005
4869	6006
3571	6007
4134	6008
44	6009
5780	6010
7516	6011
3992	6012
8267	6013
3522	6014
4375	6015
298	6016
8687	6017
2773	6018
7524	6019
4862	6020
8772	6021
7471	6022
4172	6023
3736	6024
1341	6025
1114	6026
5111	6027
920	6028
7600	6029
5029	6030
9202	6031
2083	6032
3533	6033
2671	6034
4354	6035
5753	6036
1846	6037
3077	6038
5357	6039
4329	6040
2748	6041
8074	6042
3699	6043
4747	6044
8346	6045
5671	6046
2279	6047
5817	6048
756	6049
8743	6050
2407	6051
1192	6052
250	6053
6345	6054
2950	6055
559	6056
7591	6057
9024	6058
1339	6059
1587	6060
6952	6061
6888	6062
1455	6063
3708	6064
4688	6065
6114	6066
5049	6067
1105	6068
1111	6069
4786	6070
8085	6071
5623	6072
7634	6073
666	6074
4330	6075
6309	6076
8823	6077
109	6078
7491	6079
5	6080
1177	6081
3747	6082
494	6083
448	6084
7774	6085
629	6086
34	6087
1790	6088
7866	6089
1719	6090
1464	6091
444	6092
1957	6093
7897	6094
411	6095
7704	6096
1950	6097
8288	6098
6035	6099
7299	6100
6522	6101
6362	6102
2104	6103
6860	6104
6987	6105
1793	6106
3754	6107
8534	6108
7292	6109
2584	6110
5345	6111
1649	6112
6062	6113
330	6114
8987	6115
7058	6116
6117	6117
7833	6118
4133	6119
45	6120
3104	6121
9199	6122
2371	6123
5545	6124
142	6125
7344	6126
7223	6127
1308	6128
5768	6129
5983	6130
9136	6131
387	6132
5751	6133
6097	6134
8414	6135
483	6136
5986	6137
2332	6138
4866	6139
5829	6140
5087	6141
6262	6142
4282	6143
8255	6144
5004	6145
1505	6146
8965	6147
9103	6148
9140	6149
1687	6150
2862	6151
3418	6152
5501	6153
581	6154
974	6155
342	6156
6215	6157
786	6158
6198	6159
627	6160
5673	6161
8178	6162
6569	6163
8293	6164
2100	6165
1905	6166
7015	6167
5249	6168
3468	6169
7722	6170
8805	6171
3673	6172
6419	6173
7087	6174
2786	6175
4132	6176
6390	6177
2958	6178
6296	6179
4386	6180
2543	6181
7745	6182
6585	6183
263	6184
3162	6185
7545	6186
7737	6187
1629	6188
2700	6189
3479	6190
4193	6191
4475	6192
8204	6193
806	6194
3339	6195
5921	6196
3569	6197
1313	6198
7246	6199
5742	6200
8951	6201
8931	6202
4212	6203
6290	6204
911	6205
5695	6206
3014	6207
4829	6208
6876	6209
5186	6210
830	6211
1641	6212
943	6213
891	6214
8766	6215
7946	6216
3642	6217
3559	6218
2178	6219
3692	6220
6227	6221
6432	6222
6247	6223
798	6224
7685	6225
2157	6226
4225	6227
4251	6228
3150	6229
3461	6230
8527	6231
3681	6232
343	6233
376	6234
492	6235
265	6236
5898	6237
3424	6238
3655	6239
104	6240
248	6241
2503	6242
6914	6243
310	6244
632	6245
8014	6246
847	6247
8474	6248
5428	6249
5398	6250
7137	6251
3113	6252
1584	6253
4633	6254
6577	6255
2555	6256
2109	6257
3012	6258
1866	6259
1702	6260
1786	6261
9178	6262
6452	6263
6427	6264
2720	6265
8711	6266
4107	6267
4919	6268
6445	6269
4395	6270
2294	6271
8829	6272
7402	6273
6919	6274
1181	6275
2069	6276
1402	6277
5550	6278
2942	6279
2148	6280
574	6281
6493	6282
3931	6283
2676	6284
557	6285
8244	6286
146	6287
4771	6288
6542	6289
1362	6290
6463	6291
9077	6292
2048	6293
386	6294
2917	6295
132	6296
4677	6297
5232	6298
2472	6299
7442	6300
792	6301
8372	6302
4083	6303
4479	6304
1191	6305
4545	6306
4064	6307
8602	6308
6371	6309
4965	6310
8660	6311
7916	6312
7950	6313
2454	6314
3979	6315
4558	6316
6705	6317
7736	6318
4824	6319
354	6320
8214	6321
587	6322
8386	6323
1811	6324
1995	6325
7413	6326
33	6327
3984	6328
8714	6329
1626	6330
5952	6331
8315	6332
6341	6333
5459	6334
8187	6335
289	6336
1712	6337
3478	6338
6435	6339
4872	6340
774	6341
7140	6342
2471	6343
4047	6344
4906	6345
5763	6346
8498	6347
532	6348
625	6349
8280	6350
4457	6351
2898	6352
2844	6353
4753	6354
7520	6355
5644	6356
6472	6357
3826	6358
5820	6359
4671	6360
148	6361
2114	6362
4676	6363
7395	6364
6071	6365
5818	6366
3775	6367
4304	6368
5226	6369
2328	6370
1295	6371
8800	6372
1771	6373
6573	6374
7655	6375
2934	6376
5035	6377
210	6378
1732	6379
8281	6380
4355	6381
190	6382
9009	6383
796	6384
1288	6385
556	6386
5014	6387
6684	6388
953	6389
3065	6390
6353	6391
1407	6392
1253	6393
5094	6394
6099	6395
2295	6396
8811	6397
3727	6398
3282	6399
571	6400
3344	6401
7472	6402
4463	6403
1213	6404
5491	6405
6846	6406
242	6407
6935	6408
5628	6409
2333	6410
4206	6411
4231	6412
1862	6413
9068	6414
1307	6415
1825	6416
6682	6417
4504	6418
5015	6419
3130	6420
6104	6421
6429	6422
4302	6423
5897	6424
1413	6425
3960	6426
625	6427
2087	6428
2745	6429
7502	6430
1852	6431
7091	6432
5223	6433
1778	6434
3592	6435
6514	6436
5532	6437
1670	6438
373	6439
7201	6440
4091	6441
1658	6442
6622	6443
6765	6444
2678	6445
394	6446
1420	6447
1050	6448
1	6449
4706	6450
2845	6451
7297	6452
5020	6453
3304	6454
4939	6455
5862	6456
24	6457
6318	6458
7565	6459
246	6460
8685	6461
3792	6462
2098	6463
7593	6464
7503	6465
9138	6466
3523	6467
7061	6468
5009	6469
50	6470
1913	6471
2921	6472
7676	6473
7482	6474
174	6475
1586	6476
4652	6477
8866	6478
102	6479
893	6480
2348	6481
5964	6482
2528	6483
211	6484
3363	6485
2697	6486
2617	6487
5027	6488
2597	6489
446	6490
4466	6491
7706	6492
78	6493
819	6494
8083	6495
5845	6496
4420	6497
8228	6498
1517	6499
1314	6500
8032	6501
3160	6502
7381	6503
4137	6504
8724	6505
5275	6506
3125	6507
311	6508
4527	6509
4217	6510
5689	6511
761	6512
358	6513
4416	6514
996	6515
5866	6516
8446	6517
3029	6518
5281	6519
4296	6520
8626	6521
94	6522
2033	6523
7397	6524
7475	6525
1812	6526
7778	6527
1414	6528
1697	6529
5960	6530
7822	6531
5591	6532
2336	6533
5437	6534
2418	6535
322	6536
93	6537
8749	6538
8481	6539
2860	6540
6457	6541
8798	6542
5663	6543
9200	6544
7510	6545
5762	6546
6866	6547
872	6548
4678	6549
2067	6550
1255	6551
4432	6552
5886	6553
3966	6554
6784	6555
393	6556
6026	6557
4076	6558
275	6559
6683	6560
7216	6561
928	6562
6127	6563
4090	6564
577	6565
8956	6566
3563	6567
2662	6568
5166	6569
5100	6570
863	6571
4883	6572
242	6573
4004	6574
3341	6575
351	6576
1113	6577
6561	6578
7314	6579
7439	6580
4579	6581
107	6582
9116	6583
2201	6584
6560	6585
3661	6586
8317	6587
6251	6588
930	6589
2634	6590
6681	6591
8041	6592
192	6593
5954	6594
8668	6595
7989	6596
690	6597
7110	6598
2894	6599
2239	6600
1499	6601
7751	6602
6004	6603
9021	6604
4322	6605
7150	6606
4165	6607
7825	6608
421	6609
301	6610
4278	6611
667	6612
2142	6613
4019	6614
309	6615
8224	6616
1545	6617
4522	6618
5299	6619
6757	6620
1035	6621
3536	6622
5243	6623
7596	6624
4719	6625
7176	6626
6629	6627
3015	6628
5919	6629
1661	6630
6214	6631
6726	6632
3768	6633
4459	6634
3512	6635
134	6636
2360	6637
8735	6638
503	6639
6727	6640
3267	6641
7479	6642
2230	6643
237	6644
735	6645
4561	6646
7289	6647
4800	6648
8052	6649
1431	6650
7171	6651
9212	6652
7880	6653
954	6654
7484	6655
2546	6656
5597	6657
8856	6658
3753	6659
230	6660
6639	6661
608	6662
4977	6663
2998	6664
7874	6665
4700	6666
6778	6667
4087	6668
8266	6669
7777	6670
2574	6671
2565	6672
5609	6673
7980	6674
3456	6675
7850	6676
518	6677
4106	6678
517	6679
1279	6680
8879	6681
3640	6682
1415	6683
2106	6684
8460	6685
9161	6686
571	6687
1170	6688
573	6689
1569	6690
7540	6691
5468	6692
3962	6693
491	6694
281	6695
8240	6696
4913	6697
1026	6698
1235	6699
2889	6700
8694	6701
3772	6702
3557	6703
371	6704
6315	6705
7764	6706
4149	6707
6263	6708
3597	6709
2563	6710
8364	6711
4135	6712
9163	6713
7398	6714
7969	6715
4962	6716
7021	6717
1628	6718
7323	6719
6340	6720
3970	6721
912	6722
2962	6723
8307	6724
6426	6725
7059	6726
8575	6727
8777	6728
2650	6729
3864	6730
1594	6731
8370	6732
3669	6733
3049	6734
1829	6735
6938	6736
1506	6737
7604	6738
4533	6739
4407	6740
6795	6741
8618	6742
3073	6743
6218	6744
3330	6745
2463	6746
2781	6747
7651	6748
5528	6749
469	6750
8166	6751
3431	6752
2995	6753
8722	6754
37	6755
164	6756
4759	6757
1	6758
4660	6759
4675	6760
1460	6761
3259	6762
8693	6763
8117	6764
2761	6765
1680	6766
1399	6767
3375	6768
6351	6769
2193	6770
461	6771
4702	6772
1802	6773
4400	6774
7610	6775
1159	6776
2822	6777
5900	6778
8867	6779
2905	6780
462	6781
878	6782
7773	6783
6975	6784
6792	6785
3577	6786
3382	6787
7574	6788
675	6789
8494	6790
3253	6791
3660	6792
8248	6793
4887	6794
4179	6795
848	6796
4414	6797
8570	6798
4464	6799
744	6800
7167	6801
8543	6802
5888	6803
8027	6804
8979	6805
4710	6806
8148	6807
1020	6808
7378	6809
5253	6810
833	6811
3057	6812
8408	6813
8363	6814
6803	6815
1272	6816
8528	6817
5384	6818
507	6819
1100	6820
5496	6821
272	6822
8339	6823
8016	6824
1355	6825
643	6826
8583	6827
1581	6828
8209	6829
7232	6830
8913	6831
3923	6832
5144	6833
6713	6834
7487	6835
7990	6836
77	6837
7971	6838
2439	6839
1675	6840
170	6841
5363	6842
5807	6843
3294	6844
7998	6845
1443	6846
5148	6847
7256	6848
7247	6849
7582	6850
1536	6851
3808	6852
485	6853
7126	6854
5319	6855
7364	6856
8056	6857
8862	6858
3675	6859
726	6860
7288	6861
7144	6862
1452	6863
2275	6864
570	6865
4233	6866
1609	6867
430	6868
2515	6869
1522	6870
76	6871
2410	6872
3893	6873
4797	6874
7086	6875
27	6876
6437	6877
3929	6878
2158	6879
9015	6880
7898	6881
2408	6882
4237	6883
6073	6884
4578	6885
9143	6886
4645	6887
4195	6888
7062	6889
230	6890
4213	6891
5674	6892
3796	6893
5676	6894
2655	6895
1623	6896
8587	6897
2895	6898
734	6899
5242	6900
8597	6901
1297	6902
4239	6903
3134	6904
5929	6905
991	6906
8374	6907
8282	6908
5270	6909
1571	6910
295	6911
8632	6912
4746	6913
6082	6914
977	6915
8251	6916
5292	6917
7253	6918
2749	6919
2216	6920
3400	6921
8457	6922
8986	6923
8318	6924
9092	6925
871	6926
384	6927
3784	6928
9188	6929
2324	6930
6225	6931
3430	6932
4569	6933
2349	6934
8844	6935
4175	6936
605	6937
2452	6938
8429	6939
4618	6940
1618	6941
463	6942
7698	6943
1504	6944
7392	6945
6308	6946
8617	6947
578	6948
1631	6949
5912	6950
985	6951
4461	6952
1221	6953
153	6954
7712	6955
1597	6956
8073	6957
1824	6958
1481	6959
243	6960
5439	6961
1543	6962
3129	6963
101	6964
447	6965
8674	6966
5870	6967
2605	6968
7599	6969
1838	6970
2892	6971
800	6972
4693	6973
4987	6974
7168	6975
5043	6976
1767	6977
4956	6978
1019	6979
269	6980
48	6981
5063	6982
4944	6983
1854	6984
6666	6985
89	6986
716	6987
346	6988
5592	6989
3371	6990
6984	6991
8616	6992
733	6993
5737	6994
7270	6995
152	6996
7283	6997
8497	6998
6190	6999
3541	7000
8025	7001
688	7002
8249	7003
296	7004
4318	7005
4799	7006
875	7007
6241	7008
610	7009
6312	7010
5103	7011
3627	7012
201	7013
3228	7014
4607	7015
6527	7016
6079	7017
6711	7018
4628	7019
3021	7020
6855	7021
4348	7022
9100	7023
4519	7024
731	7025
8	7026
4060	7027
9032	7028
4820	7029
7483	7030
4290	7031
2592	7032
1258	7033
8991	7034
274	7035
4654	7036
5024	7037
8447	7038
1615	7039
2465	7040
6265	7041
4291	7042
340	7043
61	7044
5141	7045
181	7046
7781	7047
8775	7048
353	7049
6392	7050
8921	7051
9191	7052
8584	7053
5552	7054
142	7055
8860	7056
1473	7057
1324	7058
8180	7059
6466	7060
1467	7061
3289	7062
7807	7063
1296	7064
6902	7065
198	7066
2545	7067
2681	7068
6734	7069
656	7070
5064	7071
1993	7072
8227	7073
7088	7074
4123	7075
1380	7076
6885	7077
8567	7078
189	7079
3477	7080
4600	7081
308	7082
2234	7083
5316	7084
3052	7085
3196	7086
2881	7087
8928	7088
9141	7089
3813	7090
513	7091
7779	7092
3797	7093
6094	7094
1472	7095
8019	7096
7337	7097
2887	7098
4609	7099
7790	7100
3068	7101
4359	7102
3780	7103
852	7104
5254	7105
5750	7106
6851	7107
7132	7108
42	7109
5206	7110
1408	7111
194	7112
5246	7113
4094	7114
293	7115
9004	7116
3158	7117
4446	7118
8537	7119
6108	7120
7633	7121
3838	7122
3490	7123
2205	7124
8873	7125
5122	7126
9093	7127
8651	7128
8556	7129
3236	7130
7458	7131
7306	7132
6084	7133
8794	7134
1393	7135
3944	7136
1008	7137
7174	7138
3349	7139
1081	7140
3601	7141
4236	7142
8123	7143
4089	7144
451	7145
5026	7146
4051	7147
6613	7148
418	7149
4898	7150
1971	7151
4952	7152
3064	7153
3749	7154
2865	7155
6764	7156
7945	7157
2093	7158
6740	7159
259	7160
8079	7161
548	7162
7700	7163
425	7164
8126	7165
6113	7166
1076	7167
3771	7168
938	7169
4344	7170
320	7171
7094	7172
7329	7173
3311	7174
4413	7175
3487	7176
3213	7177
7333	7178
8529	7179
542	7180
1726	7181
4895	7182
7153	7183
9007	7184
209	7185
7858	7186
8377	7187
8564	7188
3680	7189
6743	7190
7263	7191
1547	7192
5048	7193
7867	7194
4513	7195
692	7196
5834	7197
1363	7198
419	7199
7039	7200
3959	7201
6105	7202
2623	7203
4539	7204
1062	7205
452	7206
4275	7207
8140	7208
4033	7209
2689	7210
9059	7211
6848	7212
536	7213
7530	7214
4389	7215
1438	7216
5916	7217
6766	7218
5533	7219
4109	7220
8541	7221
7743	7222
7954	7223
1206	7224
9182	7225
4399	7226
1839	7227
6813	7228
1038	7229
17	7230
7702	7231
770	7232
676	7233
213	7234
3464	7235
3667	7236
2679	7237
4093	7238
5980	7239
8031	7240
1049	7241
3973	7242
2707	7243
9176	7244
6135	7245
4960	7246
838	7247
165	7248
1694	7249
8780	7250
1749	7251
5610	7252
7801	7253
177	7254
784	7255
3164	7256
9026	7257
7221	7258
4374	7259
75	7260
2432	7261
4098	7262
550	7263
458	7264
7233	7265
660	7266
3834	7267
7647	7268
1434	7269
2836	7270
2640	7271
7293	7272
2150	7273
3305	7274
4101	7275
43	7276
5816	7277
1968	7278
8203	7279
608	7280
7895	7281
3072	7282
8482	7283
6013	7284
3889	7285
6361	7286
1699	7287
2285	7288
8874	7289
1152	7290
2593	7291
3733	7292
9124	7293
3890	7294
7278	7295
916	7296
2738	7297
68	7298
79	7299
8985	7300
1250	7301
565	7302
3122	7303
7027	7304
6467	7305
1556	7306
2443	7307
9025	7308
8653	7309
2673	7310
8285	7311
9167	7312
34	7313
6821	7314
5734	7315
1922	7316
2946	7317
5213	7318
5174	7319
2433	7320
7749	7321
6053	7322
440	7323
8321	7324
4803	7325
8480	7326
8826	7327
6782	7328
616	7329
5000	7330
2171	7331
6266	7332
3991	7333
975	7334
3968	7335
4369	7336
4357	7337
689	7338
1563	7339
2750	7340
5546	7341
7922	7342
2986	7343
4052	7344
3769	7345
3325	7346
4653	7347
6119	7348
3328	7349
5135	7350
980	7351
4958	7352
3107	7353
2651	7354
3609	7355
5991	7356
1154	7357
425	7358
1044	7359
5613	7360
104	7361
4808	7362
1684	7363
6476	7364
8323	7365
3005	7366
2435	7367
3432	7368
983	7369
4764	7370
541	7371
9033	7372
3626	7373
3044	7374
510	7375
7202	7376
3249	7377
5445	7378
7677	7379
946	7380
8268	7381
6547	7382
1907	7383
6829	7384
1842	7385
2340	7386
2151	7387
6183	7388
4116	7389
778	7390
2438	7391
47	7392
3978	7393
2779	7394
3693	7395
158	7396
3821	7397
8306	7398
1945	7399
8338	7400
7929	7401
8454	7402
1406	7403
44	7404
6663	7405
3665	7406
4227	7407
95	7408
8863	7409
1016	7410
7568	7411
1985	7412
3744	7413
2802	7414
6838	7415
683	7416
6484	7417
5192	7418
8208	7419
3354	7420
248	7421
3255	7422
5118	7423
3385	7424
4713	7425
5813	7426
6922	7427
404	7428
422	7429
82	7430
4963	7431
8118	7432
757	7433
5910	7434
4202	7435
6908	7436
6285	7437
1483	7438
1097	7439
391	7440
5988	7441
5971	7442
8409	7443
655	7444
2455	7445
3544	7446
7005	7447
16	7448
1348	7449
6526	7450
8683	7451
9166	7452
584	7453
5744	7454
7940	7455
2686	7456
7532	7457
382	7458
8753	7459
2309	7460
8765	7461
78	7462
3547	7463
3842	7464
2630	7465
1886	7466
7839	7467
8679	7468
2638	7469
6343	7470
6189	7471
8994	7472
75	7473
8512	7474
3257	7475
621	7476
2005	7477
3901	7478
6130	7479
7936	7480
6277	7481
997	7482
2682	7483
2267	7484
7206	7485
2366	7486
3646	7487
3348	7488
7305	7489
6243	7490
514	7491
50	7492
4739	7493
3585	7494
6087	7495
2145	7496
6850	7497
3748	7498
2182	7499
6502	7500
6737	7501
600	7502
4305	7503
2235	7504
8982	7505
7099	7506
4642	7507
8263	7508
220	7509
2622	7510
5662	7511
607	7512
7631	7513
7154	7514
3562	7515
3335	7516
4543	7517
5018	7518
2567	7519
560	7520
6712	7521
7903	7522
3629	7523
3232	7524
3376	7525
4210	7526
1797	7527
2916	7528
8237	7529
8344	7530
6295	7531
6070	7532
8607	7533
68	7534
4583	7535
5914	7536
3427	7537
5681	7538
1052	7539
432	7540
588	7541
8367	7542
5798	7543
1053	7544
6807	7545
8415	7546
3055	7547
443	7548
5106	7549
4772	7550
649	7551
2669	7552
2400	7553
4918	7554
7285	7555
4126	7556
7689	7557
4784	7558
2872	7559
25	7560
3356	7561
3643	7562
136	7563
205	7564
7817	7565
1874	7566
85	7567
2733	7568
6833	7569
6963	7570
2018	7571
8276	7572
2890	7573
7114	7574
8557	7575
8487	7576
7349	7577
255	7578
6980	7579
339	7580
6983	7581
1510	7582
494	7583
1666	7584
2009	7585
1246	7586
8803	7587
3687	7588
1897	7589
1198	7590
2869	7591
6144	7592
1228	7593
8893	7594
1474	7595
8129	7596
407	7597
3580	7598
8385	7599
1239	7600
2875	7601
8165	7602
3097	7603
3824	7604
8885	7605
3022	7606
8745	7607
4189	7608
6600	7609
8490	7610
5771	7611
1054	7612
2088	7613
6736	7614
418	7615
7224	7616
1636	7617
7819	7618
5123	7619
4221	7620
2684	7621
6405	7622
572	7623
2000	7624
1251	7625
5012	7626
5940	7627
32	7628
2754	7629
8943	7630
3244	7631
7102	7632
459	7633
7795	7634
433	7635
3093	7636
304	7637
8713	7638
8708	7639
5756	7640
8870	7641
6966	7642
1468	7643
1965	7644
2760	7645
5923	7646
4912	7647
6438	7648
5634	7649
1368	7650
4328	7651
4265	7652
8761	7653
3833	7654
6773	7655
5562	7656
990	7657
4349	7658
292	7659
439	7660
5660	7661
126	7662
6293	7663
7451	7664
866	7665
117	7666
1892	7667
5131	7668
7913	7669
1944	7670
7469	7671
3446	7672
5711	7673
235	7674
5107	7675
4438	7676
2173	7677
3131	7678
5777	7679
3652	7680
4847	7681
6631	7682
3949	7683
8787	7684
614	7685
2961	7686
8495	7687
2631	7688
2395	7689
1201	7690
3854	7691
897	7692
3599	7693
3059	7694
5842	7695
3391	7696
2450	7697
2307	7698
9	7699
7879	7700
5655	7701
6909	7702
4553	7703
4798	7704
3741	7705
8049	7706
2516	7707
4491	7708
7363	7709
487	7710
6708	7711
6849	7712
1188	7713
5298	7714
45	7715
326	7716
9184	7717
8542	7718
8416	7719
5847	7720
6986	7721
6661	7722
1326	7723
6204	7724
7048	7725
3221	7726
4588	7727
4008	7728
7070	7729
4292	7730
8163	7731
5534	7732
4928	7733
7183	7734
3505	7735
7872	7736
685	7737
6926	7738
589	7739
2985	7740
4516	7741
6194	7742
340	7743
6040	7744
7141	7745
6679	7746
9157	7747
5454	7748
5774	7749
1018	7750
3691	7751
556	7752
8582	7753
6879	7754
6710	7755
1880	7756
6884	7757
7368	7758
2213	7759
9063	7760
298	7761
6870	7762
799	7763
1323	7764
75	7765
4249	7766
9169	7767
6786	7768
5990	7769
1768	7770
1593	7771
1801	7772
5850	7773
2508	7774
5390	7775
4358	7776
3649	7777
357	7778
3121	7779
4039	7780
491	7781
3061	7782
7100	7783
480	7784
3867	7785
7017	7786
4526	7787
4667	7788
7796	7789
2197	7790
7775	7791
4515	7792
6139	7793
8449	7794
3037	7795
80	7796
185	7797
2764	7798
7074	7799
8336	7800
9186	7801
5358	7802
379	7803
656	7804
4247	7805
7742	7806
6272	7807
5920	7808
7536	7809
4200	7810
3579	7811
4978	7812
8747	7813
5617	7814
254	7815
3396	7816
7657	7817
5543	7818
9	7819
7010	7820
8192	7821
7279	7822
5261	7823
3013	7824
8086	7825
8059	7826
6596	7827
193	7828
7457	7829
568	7830
6599	7831
7979	7832
3870	7833
7341	7834
61	7835
8222	7836
5985	7837
2393	7838
2501	7839
1367	7840
4153	7841
550	7842
4826	7843
5458	7844
6128	7845
964	7846
29	7847
1317	7848
3380	7849
704	7850
457	7851
3192	7852
6831	7853
6169	7854
1861	7855
7721	7856
7275	7857
2914	7858
3702	7859
6544	7860
703	7861
4927	7862
161	7863
957	7864
4789	7865
3734	7866
1130	7867
3493	7868
5796	7869
1013	7870
765	7871
867	7872
7982	7873
3716	7874
7441	7875
8275	7876
4838	7877
3581	7878
7080	7879
2488	7880
5195	7881
790	7882
6110	7883
6611	7884
8350	7885
1476	7886
2344	7887
239	7888
4020	7889
6178	7890
1610	7891
6616	7892
2928	7893
572	7894
9019	7895
2938	7896
5183	7897
4151	7898
6057	7899
1967	7900
4823	7901
2864	7902
1047	7903
1807	7904
2531	7905
619	7906
3860	7907
1602	7908
6511	7909
3163	7910
2728	7911
5743	7912
2388	7913
4027	7914
217	7915
309	7916
6200	7917
3999	7918
5060	7919
4085	7920
3109	7921
7974	7922
6967	7923
701	7924
5419	7925
7878	7926
8420	7927
1738	7928
4363	7929
1197	7930
7571	7931
8298	7932
7078	7933
60	7934
3091	7935
1205	7936
3451	7937
4910	7938
1715	7939
3790	7940
1102	7941
1800	7942
1667	7943
6044	7944
673	7945
7054	7946
4168	7947
3198	7948
7330	7949
9135	7950
826	7951
6188	7952
7732	7953
4616	7954
2542	7955
2035	7956
8625	7957
5926	7958
6843	7959
8621	7960
77	7961
1784	7962
7192	7963
5656	7964
7625	7965
5549	7966
7405	7967
2085	7968
940	7969
1401	7970
5934	7971
8884	7972
3167	7973
4439	7974
274	7975
2019	7976
2172	7977
409	7978
4581	7979
516	7980
7840	7981
4158	7982
1613	7983
2370	7984
9030	7985
6863	7986
9158	7987
3618	7988
5908	7989
352	7990
6103	7991
3613	7992
433	7993
436	7994
4006	7995
5560	7996
106	7997
7769	7998
5696	7999
7587	8000
7648	8001
6959	8002
6385	8003
9134	8004
1133	8005
3345	8006
8555	8007
7008	8008
4776	8009
3190	8010
262	8011
1	8012
4793	8013
6323	8014
870	8015
4649	8016
4069	8017
8886	8018
454	8019
5883	8020
6590	8021
4117	8022
3921	8023
7218	8024
7282	8025
4057	8026
23	8027
385	8028
206	8029
4103	8030
14	8031
322	8032
2468	8033
6761	8034
6858	8035
6179	8036
9052	8037
746	8038
6519	8039
4183	8040
4427	8041
2406	8042
6101	8043
3502	8044
7746	8045
4341	8046
229	8047
4602	8048
615	8049
5039	8050
4430	8051
42	8052
8007	8053
5945	8054
4055	8055
4768	8056
276	8057
2690	8058
1544	8059
3825	8060
8947	8061
2486	8062
3437	8063
1923	8064
1120	8065
8592	8066
457	8067
4494	8068
7190	8069
4366	8070
62	8071
4577	8072
5488	8073
2953	8074
5993	8075
700	8076
5212	8077
3843	8078
4599	8079
3181	8080
7182	8081
10	8082
962	8083
8629	8084
5362	8085
5427	8086
2117	8087
5791	8088
9197	8089
2560	8090
2888	8091
4931	8092
6281	8093
4525	8094
5466	8095
6389	8096
8590	8097
6153	8098
2581	8099
2834	8100
3632	8101
5633	8102
408	8103
4405	8104
8705	8105
5370	8106
8790	8107
6090	8108
4180	8109
6942	8110
8335	8111
785	8112
720	8113
3560	8114
7345	8115
114	8116
8581	8117
7493	8118
186	8119
1640	8120
3905	8121
2444	8122
2825	8123
1134	8124
5775	8125
107	8126
371	8127
8566	8128
3124	8129
4062	8130
1200	8131
7245	8132
1917	8133
5074	8134
2107	8135
3689	8136
8930	8137
5430	8138
5841	8139
12	8140
5099	8141
5247	8142
1843	8143
4682	8144
5614	8145
9016	8146
3030	8147
5492	8148
5202	8149
922	8150
1889	8151
4755	8152
8181	8153
8830	8154
4508	8155
9221	8156
9003	8157
9153	8158
159	8159
5165	8160
470	8161
7914	8162
260	8163
8898	8164
8831	8165
817	8166
3336	8167
5846	8168
5773	8169
2903	8170
7837	8171
2796	8172
3247	8173
4279	8174
2156	8175
7507	8176
9152	8177
5306	8178
6857	8179
2089	8180
7649	8181
664	8182
647	8183
6981	8184
5599	8185
7022	8186
8008	8187
4130	8188
4016	8189
933	8190
8033	8191
4186	8192
678	8193
5138	8194
9165	8195
583	8196
559	8197
2475	8198
1142	8199
7403	8200
477	8201
8037	8202
937	8203
3392	8204
988	8205
663	8206
5802	8207
3735	8208
56	8209
2747	8210
1356	8211
2884	8212
2288	8213
6327	8214
2219	8215
603	8216
8162	8217
196	8218
73	8219
6311	8220
1575	8221
3459	8222
7511	8223
21	8224
3817	8225
4541	8226
436	8227
2496	8228
3428	8229
6410	8230
855	8231
5515	8232
1036	8233
392	8234
1465	8235
515	8236
6279	8237
3804	8238
5119	8239
6375	8240
217	8241
5418	8242
8164	8243
706	8244
971	8245
5296	8246
662	8247
6709	8248
2858	8249
6075	8250
4632	8251
84	8252
6253	8253
7809	8254
27	8255
8212	8256
6363	8257
8899	8258
2850	8259
2816	8260
6763	8261
5638	8262
4476	8263
1306	8264
6834	8265
809	8266
5601	8267
4257	8268
2337	8269
6149	8270
1158	8271
5149	8272
7630	8273
972	8274
620	8275
39	8276
4796	8277
8189	8278
2367	8279
4514	8280
605	8281
7415	8282
2639	8283
8611	8284
467	8285
691	8286
498	8287
7546	8288
9154	8289
1227	8290
3381	8291
203	8292
1752	8293
4030	8294
6321	8295
868	8296
8938	8297
164	8298
2512	8299
2101	8300
576	8301
1891	8302
4943	8303
4614	8304
73	8305
3994	8306
9080	8307
3712	8308
609	8309
1819	8310
4005	8311
5535	8312
3830	8313
995	8314
7454	8315
2352	8316
5967	8317
6352	8318
1010	8319
1311	8320
2063	8321
3776	8322
7558	8323
1600	8324
245	8325
3869	8326
1437	8327
4362	8328
5794	8329
8672	8330
6790	8331
9173	8332
8477	8333
2901	8334
1916	8335
7408	8336
8728	8337
7456	8338
35	8339
4904	8340
5364	8341
4488	8342
7798	8343
613	8344
1511	8345
2317	8346
586	8347
8127	8348
4597	8349
3358	8350
4321	8351
3511	8352
5456	8353
7852	8354
1741	8355
6497	8356
368	8357
6213	8358
394	8359
7327	8360
6268	8361
1290	8362
6347	8363
30	8364
3	8365
429	8366
417	8367
110	8368
328	8369
1769	8370
2940	8371
633	8372
73	8373
6332	8374
5838	8375
5869	8376
7321	8377
8003	8378
74	8379
374	8380
499	8381
9122	8382
1055	8383
426	8384
6074	8385
3993	8386
5874	8387
5996	8388
7157	8389
5036	8390
5404	8391
1644	8392
684	8393
1224	8394
5088	8395
4595	8396
3241	8397
290	8398
4694	8399
2358	8400
113	8401
8589	8402
6728	8403
2736	8404
3847	8405
3827	8406
4623	8407
1312	8408
7931	8409
592	8410
4410	8411
2550	8412
6913	8413
7164	8414
4845	8415
7614	8416
1123	8417
6929	8418
8540	8419
2131	8420
7376	8421
1836	8422
2073	8423
8252	8424
5022	8425
8265	8426
7085	8427
5356	8428
2175	8429
8087	8430
6201	8431
8739	8432
4435	8433
719	8434
3268	8435
3170	8436
8636	8437
5566	8438
2618	8439
8836	8440
6333	8441
6536	8442
8190	8443
918	8444
410	8445
598	8446
1607	8447
2795	8448
4591	8449
54	8450
95	8451
8138	8452
434	8453
7626	8454
7861	8455
8769	8456
5937	8457
8851	8458
4082	8459
4502	8460
1216	8461
5262	8462
2947	8463
6297	8464
4474	8465
8595	8466
5273	8467
4268	8468
7452	8469
8206	8470
640	8471
8221	8472
5784	8473
3177	8474
247	8475
4297	8476
157	8477
888	8478
7859	8479
760	8480
2880	8481
538	8482
3535	8483
290	8484
163	8485
602	8486
337	8487
7362	8488
8319	8489
2713	8490
1391	8491
7711	8492
8103	8493
6021	8494
5033	8495
5209	8496
47	8497
3011	8498
7325	8499
1240	8500
7962	8501
4485	8502
668	8503
2152	8504
7943	8505
4537	8506
5598	8507
8978	8508
659	8509
516	8510
631	8511
6415	8512
2653	8513
331	8514
4573	8515
4538	8516
363	8517
2296	8518
3183	8519
8264	8520
6541	8521
3415	8522
4709	8523
3823	8524
1061	8525
2943	8526
345	8527
910	8528
9095	8529
1024	8530
1298	8531
3132	8532
2480	8533
1219	8534
5489	8535
375	8536
7818	8537
1382	8538
6162	8539
5225	8540
4264	8541
6612	8542
5117	8543
5670	8544
237	8545
2982	8546
2817	8547
8969	8548
5514	8549
3951	8550
1690	8551
4855	8552
1672	8553
1262	8554
135	8555
545	8556
4661	8557
4873	8558
347	8559
2314	8560
8591	8561
2577	8562
2814	8563
5994	8564
4065	8565
5975	8566
8095	8567
1080	8568
8451	8569
7934	8570
9133	8571
7203	8572
1450	8573
3798	8574
7195	8575
6173	8576
3078	8577
5941	8578
2045	8579
3069	8580
7394	8581
2744	8582
2146	8583
4066	8584
6895	8585
2598	8586
57	8587
9179	8588
6868	8589
3313	8590
7772	8591
903	8592
195	8593
1275	8594
1405	8595
363	8596
1662	8597
8213	8598
7250	8599
8431	8600
3	8601
5733	8602
7332	8603
2774	8604
8035	8605
4425	8606
2952	8607
659	8608
5541	8609
9081	8610
2948	8611
2976	8612
225	8613
1119	8614
3534	8615
2505	8616
7053	8617
1714	8618
1336	8619
7431	8620
3238	8621
1570	8622
2423	8623
2322	8624
5068	8625
1482	8626
4598	8627
8107	8628
1144	8629
8383	8630
6680	8631
2603	8632
6532	8633
4524	8634
5067	8635
264	8636
5413	8637
4596	8638
8889	8639
2004	8640
2155	8641
2470	8642
3450	8643
670	8644
5548	8645
2137	8646
187	8647
6635	8648
5624	8649
4775	8650
1627	8651
5958	8652
1956	8653
5959	8654
6307	8655
1287	8656
3946	8657
7446	8658
2659	8659
2769	8660
8439	8661
4428	8662
6012	8663
7682	8664
3165	8665
6652	8666
582	8667
8412	8668
6064	8669
8961	8670
738	8671
7768	8672
8038	8673
2721	8674
6619	8675
4102	8676
8577	8677
7848	8678
1887	8679
1428	8680
681	8681
4714	8682
7366	8683
8169	8684
2094	8685
286	8686
4448	8687
323	8688
7267	8689
2276	8690
296	8691
8612	8692
3031	8693
5377	8694
7942	8695
3435	8696
4806	8697
652	8698
7544	8699
4828	8700
378	8701
3370	8702
8926	8703
8303	8704
3770	8705
6905	8706
9149	8707
8063	8708
3265	8709
3128	8710
4985	8711
6989	8712
2746	8713
5258	8714
30	8715
4286	8716
1009	8717
2611	8718
9058	8719
638	8720
4419	8721
487	8722
6977	8723
523	8724
5330	8725
4490	8726
6428	8727
4409	8728
196	8729
4506	8730
5568	8731
1366	8732
8574	8733
3148	8734
463	8735
3786	8736
621	8737
8522	8738
3953	8739
4276	8740
4612	8741
3910	8742
4261	8743
8833	8744
7186	8745
302	8746
6844	8747
1257	8748
672	8749
8349	8750
312	8751
7406	8752
5766	8753
8796	8754
8217	8755
2993	8756
1723	8757
7210	8758
2702	8759
4535	8760
4267	8761
4696	8762
6276	8763
356	8764
2457	8765
3425	8766
6379	8767
6874	8768
2632	8769
6675	8770
6657	8771
8084	8772
1761	8773
8596	8774
7433	8775
4605	8776
6615	8777
2345	8778
8924	8779
1273	8780
3246	8781
8855	8782
5889	8783
4695	8784
4045	8785
4380	8786
2330	8787
6937	8788
6520	8789
3212	8790
4271	8791
5872	8792
7728	8793
3367	8794
7800	8795
1979	8796
7770	8797
3591	8798
8090	8799
405	8800
517	8801
1691	8802
7007	8803
1773	8804
6584	8805
6531	8806
36	8807
1309	8808
6930	8809
4658	8810
9044	8811
1153	8812
3409	8813
5527	8814
7205	8815
6943	8816
3444	8817
3822	8818
364	8819
1948	8820
6299	8821
8167	8822
8271	8823
8933	8824
8241	8825
7984	8826
1433	8827
8820	8828
3883	8829
519	8830
5646	8831
3151	8832
8733	8833
8028	8834
612	8835
8328	8836
4663	8837
950	8838
351	8839
6716	8840
2853	8841
3532	8842
180	8843
7925	8844
6816	8845
8253	8846
661	8847
2625	8848
521	8849
646	8850
502	8851
614	8852
2176	8853
8920	8854
3203	8855
8945	8856
1703	8857
2159	8858
2315	8859
383	8860
5184	8861
8015	8862
3506	8863
5204	8864
7416	8865
6267	8866
3039	8867
4498	8868
9066	8869
5344	8870
7018	8871
8638	8872
2842	8873
6595	8874
6880	8875
1215	8876
528	8877
6080	8878
1566	8879
3884	8880
1532	8881
2789	8882
1082	8883
8788	8884
7739	8885
5726	8886
1248	8887
2604	8888
5104	8889
86	8890
6407	8891
17	8892
5611	8893
2910	8894
2231	8895
3321	8896
1449	8897
53	8898
7615	8899
1648	8900
8742	8901
9121	8902
2586	8903
4204	8904
3543	8905
5140	8906
5365	8907
7553	8908
5003	8909
146	8910
3600	8911
473	8912
2699	8913
3654	8914
6647	8915
1977	8916
8381	8917
8510	8918
4059	8919
828	8920
1000	8921
8754	8922
4668	8923
1436	8924
7338	8925
6024	8926
1023	8927
3403	8928
7187	8929
4373	8930
3583	8931
8297	8932
155	8933
5069	8934
1798	8935
2136	8936
3731	8937
5713	8938
5310	8939
5749	8940
8434	8941
9198	8942
7542	8943
5412	8944
8069	8945
7844	8946
7939	8947
4307	8948
1526	8949
6416	8950
2376	8951
8492	8952
9055	8953
675	8954
3751	8955
5276	8956
2417	8957
8553	8958
4715	8959
2656	8960
7266	8961
4396	8962
5040	8963
7365	8964
22	8965
2381	8966
3845	8967
7410	8968
5684	8969
8334	8970
4724	8971
6116	8972
4692	8973
4500	8974
467	8975
7160	8976
2380	8977
55	8978
818	8979
909	8980
1622	8981
6488	8982
6047	8983
258	8984
6009	8985
6673	8986
1679	8987
5072	8988
4742	8989
546	8990
3645	8991
3062	8992
7188	8993
6827	8994
3258	8995
4401	8996
602	8997
5627	8998
3774	8999
5584	9000
2299	9001
5913	9002
3773	9003
80	9004
2725	9005
5521	9006
1349	9007
7184	9008
414	9009
8312	9010
244	9011
816	9012
5402	9013
5244	9014
4556	9015
5197	9016
4625	9017
7973	9018
8631	9019
481	9020
6245	9021
6753	9022
6578	9023
513	9024
7436	9025
3110	9026
2840	9027
5349	9028
330	9029
7991	9030
3515	9031
4454	9032
7073	9033
1440	9034
1463	9035
456	9036
849	9037
8697	9038
7782	9039
8304	9040
413	9041
6707	9042
5978	9043
9125	9044
2399	9045
4167	9046
1328	9047
507	9048
4258	9049
8230	9050
5966	9051
8690	9052
941	9053
1131	9054
4240	9055
3028	9056
2547	9057
4426	9058
5567	9059
2804	9060
7414	9061
8861	9062
1893	9063
1002	9064
376	9065
1764	9066
6733	9067
149	9068
4317	9069
1373	9070
6339	9071
7213	9072
6899	9073
2949	9074
7642	9075
8071	9076
345	9077
2580	9078
8530	9079
5721	9080
3175	9081
2954	9082
4035	9083
441	9084
5822	9085
7274	9086
67	9087
6692	9088
2304	9089
3794	9090
6191	9091
6015	9092
2220	9093
2356	9094
5500	9095
1088	9096
1488	9097
6275	9098
2036	9099
665	9100
3977	9101
1695	9102
2688	9103
7531	9104
7019	9105
4627	9106
6373	9107
5512	9108
1966	9109
8082	9110
699	9111
3685	9112
3671	9113
7468	9114
1109	9115
725	9116
992	9117
548	9118
6752	9119
8149	9120
3955	9121
5303	9122
6724	9123
8291	9124
6947	9125
208	9126
8421	9127
3730	9128
1141	9129
7579	9130
411	9131
754	9132
1735	9133
7215	9134
5335	9135
769	9136
183	9137
5569	9138
2335	9139
6738	9140
8715	9141
4470	9142
2427	9143
137	9144
6380	9145
8184	9146
1073	9147
8153	9148
8613	9149
6418	9150
2978	9151
5457	9152
6779	9153
4046	9154
5294	9155
3287	9156
4822	9157
1276	9158
3252	9159
1530	9160
6610	9161
2863	9162
143	9163
238	9164
162	9165
3663	9166
5059	9167
9215	9168
2685	9169
619	9170
8859	9171
4930	9172
8526	9173
2519	9174
2987	9175
7162	9176
115	9177
4411	9178
3239	9179
5764	9180
577	9181
2228	9182
6564	9183
9205	9184
3264	9185
70	9186
8552	9187
7554	9188
7026	9189
3087	9190
3042	9191
8877	9192
1757	9193
4230	9194
8971	9195
4737	9196
628	9197
641	9198
6604	9199
3779	9200
6856	9201
901	9202
4594	9203
4967	9204
2256	9205
114	9206
1283	9207
4155	9208
5421	9209
2525	9210
212	9211
5210	9212
6421	9213
1717	9214
3852	9215
2596	9216
5167	9217
1941	9218
5293	9219
654	9220
3340	9221
458	9222
2218	9223
6217	9224
6605	9225
2510	9226
2012	9227
4917	9228
520	9229
667	9230
4570	9231
6061	9232
829	9233
7016	9234
7004	9235
7834	9236
5	9237
200	9238
8191	9239
5860	9240
7618	9241
3433	9242
3546	9243
8614	9244
5233	9245
2701	9246
123	9247
7242	9248
6718	9249
1514	9250
752	9251
8507	9252
3875	9253
7987	9254
6771	9255
3740	9256
6366	9257
9180	9258
1056	9259
49	9260
6098	9261
7489	9262
6732	9263
221	9264
4300	9265
789	9266
5675	9267
1877	9268
7009	9269
5723	9270
8983	9271
6147	9272
7921	9273
7996	9274
3286	9275
4680	9276
600	9277
6355	9278
2568	9279
1582	9280
5516	9281
7193	9282
679	9283
5840	9284
1617	9285
7900	9286
8700	9287
479	9288
7555	9289
8175	9290
5997	9291
2389	9292
3975	9293
2141	9294
4038	9295
2704	9296
8560	9297
1469	9298
2026	9299
159	9300
2494	9301
249	9302
811	9303
8903	9304
6424	9305
4100	9306
1266	9307
7096	9308
8633	9309
1497	9310
8721	9311
3859	9312
886	9313
5832	9314
6034	9315
6348	9316
1729	9317
266	9318
7733	9319
5477	9320
9085	9321
5484	9322
3696	9323
2717	9324
5875	9325
2301	9326
1538	9327
2123	9328
6072	9329
1160	9330
5894	9331
8737	9332
6877	9333
259	9334
8141	9335
3892	9336
4254	9337
4886	9338
365	9339
327	9340
7550	9341
105	9342
3347	9343
1146	9344
3223	9345
83	9346
2873	9347
3373	9348
5054	9349
181	9350
18	9351
639	9352
2415	9353
9036	9354
8972	9355
6999	9356
299	9357
3019	9358
7181	9359
7347	9360
6161	9361
3527	9362
6517	9363
5580	9364
4644	9365
7924	9366
378	9367
6780	9368
8333	9369
5352	9370
8726	9371
1555	9372
4990	9373
6447	9374
5147	9375
8599	9376
5782	9377
1932	9378
6697	9379
7635	9380
3807	9381
6723	9382
4711	9383
7727	9384
5826	9385
1301	9386
6322	9387
5132	9388
2044	9389
2262	9390
3054	9391
6334	9392
3647	9393
3739	9394
475	9395
407	9396
7748	9397
7909	9398
7071	9399
4938	9400
2135	9401
2794	9402
3916	9403
2783	9404
5851	9405
1815	9406
6209	9407
6031	9408
2133	9409
1203	9410
3967	9411
3024	9412
7138	9413
2095	9414
1315	9415
5825	9416
3587	9417
644	9418
6212	9419
7460	9420
8051	9421
5590	9422
7488	9423
2827	9424
3285	9425
9194	9426
6255	9427
6802	9428
2521	9429
8776	9430
76	9431
5435	9432
9039	9433
4804	9434
31	9435
1589	9436
45	9437
6924	9438
591	9439
3694	9440
2188	9441
3211	9442
533	9443
275	9444
182	9445
7359	9446
3443	9447
35	9448
2970	9449
8992	9450
2589	9451
5821	9452
613	9453
412	9454
3596	9455
562	9456
8667	9457
824	9458
1171	9459
869	9460
61	9461
702	9462
2084	9463
2807	9464
5745	9465
6552	9466
6141	9467
3469	9468
7462	9469
9037	9470
7147	9471
4903	9472
2368	9473
1063	9474
2994	9475
2014	9476
4691	9477
2047	9478
1705	9479
8379	9480
1952	9481
409	9482
3397	9483
6818	9484
4885	9485
1085	9486
1138	9487
4560	9488
9046	9489
6496	9490
1310	9491
5151	9492
6574	9493
3434	9494
5903	9495
1110	9496
1525	9497
6896	9498
5380	9499
6567	9500
9174	9501
7619	9502
3466	9503
8078	9504
663	9505
1495	9506
7810	9507
3089	9508
7992	9509
4218	9510
263	9511
3914	9512
5575	9513
2711	9514
9002	9515
268	9516
5871	9517
36	9518
6990	9519
2643	9520
9127	9521
7020	9522
772	9523
3035	9524
162	9525
4084	9526
4909	9527
4966	9528
594	9529
6891	9530
6770	9531
5339	9532
1953	9533
7262	9534
8428	9535
8284	9536
4651	9537
2003	9538
7580	9539
9057	9540
1185	9541
3912	9542
2342	9543
349	9544
6875	9545
7343	9546
4926	9547
8260	9548
3556	9549
7715	9550
4825	9551
1755	9552
8470	9553
1655	9554
6751	9555
3509	9556
88	9557
8517	9558
7428	9559
564	9560
4568	9561
2115	9562
8601	9563
1175	9564
5328	9565
6969	9566
4946	9567
1330	9568
348	9569
28	9570
781	9571
1882	9572
178	9573
7993	9574
6399	9575
9105	9576
8413	9577
4496	9578
3312	9579
6759	9580
412	9581
2578	9582
1236	9583
4222	9584
6554	9585
7597	9586
958	9587
672	9588
6085	9589
6820	9590
133	9591
5577	9592
7052	9593
3399	9594
2538	9595
2446	9596
4050	9597
7508	9598
8475	9599
4387	9600
4788	9601
8741	9602
998	9603
633	9604
1926	9605
8231	9606
8532	9607
7528	9608
6404	9609
599	9610
100	9611
4378	9612
5302	9613
5631	9614
8939	9615
810	9616
6670	9617
5938	9618
5128	9619
2274	9620
1888	9621
6051	9622
4040	9623
7607	9624
8491	9625
9145	9626
4792	9627
3331	9628
6854	9629
1583	9630
56	9631
44	9632
3638	9633
6587	9634
671	9635
3144	9636
5058	9637
155	9638
179	9639
9119	9640
845	9641
1534	9642
1878	9643
5300	9644
7756	9645
2431	9646
7291	9647
3472	9648
119	9649
8160	9650
1831	9651
2050	9652
7717	9653
7315	9654
6350	9655
8330	9656
6841	9657
8864	9658
1981	9659
2311	9660
6927	9661
9201	9662
7219	9663
7692	9664
3742	9665
2138	9666
3300	9667
7496	9668
7490	9669
5718	9670
283	9671
1821	9672
3070	9673
6837	9674
3256	9675
4424	9676
1744	9677
4176	9678
680	9679
7864	9680
2959	9681
7957	9682
7286	9683
446	9684
20	9685
4733	9686
380	9687
1025	9688
1910	9689
1865	9690
218	9691
6387	9692
3690	9693
7427	9694
489	9695
9000	9696
1329	9697
2722	9698
6041	9699
7032	9700
8119	9701
7134	9702
8053	9703
4638	9704
3782	9705
406	9706
9144	9707
64	9708
932	9709
4807	9710
3346	9711
71	9712
1361	9713
2361	9714
2633	9715
3248	9716
1792	9717
8064	9718
5578	9719
2712	9720
9076	9721
1914	9722
6747	9723
249	9724
669	9725
6248	9726
1372	9727
1527	9728
283	9729
3058	9730
257	9731
96	9732
532	9733
5795	9734
2394	9735
4036	9736
8770	9737
8324	9738
2641	9739
1489	9740
1933	9741
4916	9742
170	9743
2099	9744
5654	9745
232	9746
1688	9747
7514	9748
8942	9749
58	9750
5524	9751
99	9752
2042	9753
708	9754
4026	9755
1904	9756
226	9757
9027	9758
6133	9759
4079	9760
3809	9761
6359	9762
551	9763
9018	9764
7424	9765
5770	9766
6384	9767
1083	9768
2467	9769
341	9770
3086	9771
2558	9772
8973	9773
7986	9774
6579	9775
5230	9776
7352	9777
3411	9778
4312	9779
8535	9780
1093	9781
3218	9782
4495	9783
7474	9784
3521	9785
7426	9786
6572	9787
3950	9788
43	9789
6539	9790
2170	9791
5120	9792
3549	9793
1930	9794
4897	9795
1903	9796
3907	9797
4646	9798
6495	9799
593	9800
8639	9801
5973	9802
9115	9803
7043	9804
934	9805
7251	9806
4111	9807
6592	9808
4738	9809
5388	9810
5785	9811
4934	9812
3189	9813
415	9814
8732	9815
2445	9816
604	9817
522	9818
7724	9819
5314	9820
6409	9821
490	9822
1094	9823
5513	9824
7204	9825
1847	9826
18	9827
1650	9828
6	9829
2351	9830
3075	9831
11	9832
5942	9833
7577	9834
4371	9835
6174	9836
8894	9837
6608	9838
4571	9839
156	9840
1410	9841
7486	9842
8223	9843
3123	9844
1919	9845
3337	9846
313	9847
8172	9848
40	9849
8389	9850
171	9851
7265	9852
3126	9853
7585	9854
8002	9855
6274	9856
7827	9857
8331	9858
5219	9859
5732	9860
4122	9861
6001	9862
1037	9863
1894	9864
5153	9865
5333	9866
145	9867
6828	9868
7948	9869
8548	9870
7369	9871
8758	9872
1549	9873
8452	9874
353	9875
6521	9876
65	9877
241	9878
8182	9879
2926	9880
67	9881
3225	9882
7636	9883
6049	9884
6313	9885
8661	9886
216	9887
3707	9888
5266	9889
1949	9890
5979	9891
1542	9892
4408	9893
5110	9894
2436	9895
3602	9896
7573	9897
8004	9898
8013	9899
167	9900
3419	9901
4013	9902
2559	9903
5023	9904
5752	9905
8935	9906
3982	9907
9106	9908
2077	9909
2929	9910
1291	9911
398	9912
6889	9913
9065	9914
5702	9915
7805	9916
2179	9917
3628	9918
4450	9919
645	9920
19	9921
1397	9922
4899	9923
4979	9924
141	9925
2313	9926
7303	9927
1217	9928
2843	9929
103	9930
7977	9931
5694	9932
2272	9933
277	9934
8101	9935
205	9936
3260	9937
8756	9938
3880	9939
8125	9940
7688	9941
6632	9942
5712	9943
3998	9944
2770	9945
4630	9946
7947	9947
419	9948
5606	9949
7951	9950
634	9951
3140	9952
7081	9953
5284	9954
585	9955
7476	9956
1612	9957
6014	9958
2645	9959
2758	9960
7983	9961
1089	9962
2658	9963
3783	9964
603	9965
8904	9966
529	9967
6226	9968
8246	9969
4818	9970
7975	9971
882	9972
861	9973
6781	9974
8501	9975
1429	9976
4813	9977
3941	9978
3111	9979
6583	9980
1734	9981
2939	9982
3112	9983
289	9984
3237	9985
5596	9986
1156	9987
6381	9988
5371	9989
3486	9990
9074	9991
8709	9992
4487	9993
1565	9994
9087	9995
6949	9996
32	9997
3002	9998
7583	9999
2809	10000
