405	1
323	2
893	3
6041	4
1	5
9500	6
1432	7
706	8
7136	9
2784	10
295	11
9677	12
178	13
264	14
6981	15
240	16
3605	17
5206	18
9363	19
2606	20
2182	21
2056	22
290	23
7840	24
9644	25
4115	26
6266	27
6365	28
6652	29
9529	30
3620	31
8360	32
4883	33
1203	34
1243	35
2731	36
3160	37
4659	38
2152	39
3170	40
9741	41
1190	42
5015	43
1249	44
2270	45
1580	46
6077	47
2138	48
129	49
434	50
2395	51
8929	52
7377	53
6625	54
8538	55
506	56
438	57
7072	58
1269	59
440	60
8344	61
2446	62
2426	63
2427	64
4192	65
9236	66
8380	67
3230	68
3168	69
1418	70
7213	71
6518	72
2222	73
6107	74
97	75
1985	76
672	77
8485	78
9622	79
180	80
3679	81
3842	82
2910	83
8341	84
9771	85
4207	86
8802	87
6599	88
8033	89
1517	90
3610	91
3362	92
8714	93
7116	94
3558	95
6375	96
5287	97
4138	98
6452	99
1390	100
2749	101
1842	102
7574	103
8312	104
1602	105
8699	106
5121	107
2755	108
4358	109
7294	110
8677	111
814	112
5189	113
7715	114
9737	115
5526	116
7460	117
7773	118
7761	119
8792	120
4330	121
2448	122
1858	123
1665	124
1643	125
1819	126
1667	127
5573	128
1846	129
9283	130
5763	131
7262	132
2165	133
8205	134
3200	135
1401	136
2147	137
7713	138
3034	139
3885	140
367	141
3518	142
1512	143
4329	144
1606	145
1798	146
1655	147
1961	148
1172	149
7211	150
8575	151
7221	152
2587	153
8359	154
2220	155
4186	156
2268	157
9402	158
9187	159
9041	160
3003	161
1795	162
7445	163
250	164
1708	165
9255	166
8491	167
8477	168
8243	169
7683	170
6684	171
634	172
4771	173
5497	174
8357	175
704	176
2851	177
318	178
4038	179
6800	180
9395	181
8069	182
9577	183
2460	184
4134	185
7207	186
9027	187
9014	188
4152	189
3040	190
4515	191
366	192
3288	193
7497	194
9106	195
2672	196
7498	197
1675	198
9416	199
3275	200
4737	201
8278	202
404	203
6864	204
8725	205
1003	206
7702	207
1987	208
7720	209
4043	210
1506	211
1354	212
4475	213
5857	214
5965	215
7781	216
2803	217
7096	218
4004	219
4634	220
770	221
543	222
1817	223
8790	224
4363	225
3045	226
7174	227
7122	228
9805	229
9405	230
2603	231
7763	232
6300	233
7187	234
8983	235
3826	236
6535	237
1194	238
154	239
8219	240
2115	241
7176	242
2055	243
576	244
4335	245
3631	246
9288	247
5214	248
5381	249
950	250
4754	251
5124	252
8472	253
3225	254
2583	255
1424	256
1511	257
1645	258
1865	259
5576	260
3864	261
9442	262
2780	263
3699	264
2251	265
3406	266
2845	267
3187	268
5666	269
6874	270
5489	271
7783	272
7249	273
9534	274
1693	275
9321	276
5582	277
3767	278
6488	279
6018	280
6542	281
1198	282
9512	283
2450	284
4074	285
7697	286
6226	287
7831	288
6502	289
3191	290
3080	291
8021	292
4425	293
1678	294
9742	295
2321	296
8002	297
72	298
6989	299
8281	300
2255	301
7501	302
100	303
7093	304
7289	305
8155	306
1755	307
8880	308
4354	309
131	310
9488	311
2029	312
7447	313
6003	314
8388	315
9408	316
4937	317
9463	318
158	319
1648	320
1644	321
2484	322
8980	323
4235	324
3875	325
4748	326
2316	327
5774	328
4813	329
6673	330
3927	331
8868	332
2423	333
3326	334
7192	335
3931	336
3695	337
4517	338
8070	339
1495	340
9024	341
3780	342
9725	343
8626	344
8495	345
7067	346
3274	347
4075	348
4511	349
1695	350
2278	351
86	352
7721	353
6977	354
158	355
2175	356
7094	357
8131	358
9420	359
2724	360
6544	361
4229	362
3480	363
6432	364
578	365
7723	366
4922	367
4852	368
8969	369
7046	370
493	371
7910	372
2879	373
8642	374
62	375
8385	376
886	377
7305	378
3165	379
3011	380
793	381
3850	382
6766	383
4199	384
1668	385
6819	386
20	387
6340	388
2717	389
6639	390
5157	391
4407	392
7117	393
7742	394
415	395
6037	396
1479	397
4035	398
2592	399
2320	400
8297	401
8944	402
7689	403
567	404
499	405
1286	406
2171	407
7473	408
5330	409
3897	410
9379	411
5564	412
818	413
7410	414
7988	415
684	416
1118	417
8094	418
9748	419
4232	420
1588	421
457	422
2319	423
4753	424
2177	425
1791	426
6398	427
8489	428
4285	429
2516	430
8354	431
7708	432
4421	433
1898	434
8232	435
974	436
4536	437
6522	438
8400	439
3947	440
4017	441
868	442
3874	443
8708	444
1296	445
1739	446
9530	447
6630	448
5808	449
2628	450
43	451
668	452
4451	453
8873	454
9072	455
3404	456
7848	457
8251	458
5832	459
448	460
8231	461
5658	462
5026	463
4537	464
2120	465
78	466
7506	467
8746	468
8237	469
5651	470
7165	471
2983	472
254	473
3902	474
4702	475
4311	476
309	477
2679	478
4154	479
782	480
7746	481
8587	482
3800	483
1220	484
9799	485
6569	486
7696	487
2594	488
7078	489
3158	490
5278	491
6921	492
9248	493
4841	494
767	495
8688	496
6012	497
7970	498
9535	499
9812	500
5009	501
6751	502
8402	503
3561	504
883	505
3701	506
5986	507
4773	508
8855	509
4541	510
7628	511
3908	512
4356	513
7408	514
5834	515
6845	516
7622	517
2339	518
2252	519
6390	520
4133	521
8755	522
3708	523
816	524
5788	525
9353	526
7577	527
7570	528
6738	529
109	530
7642	531
6486	532
4501	533
3890	534
6959	535
720	536
9115	537
6987	538
53	539
5546	540
7745	541
12	542
3154	543
1367	544
849	545
2565	546
7632	547
2947	548
8583	549
1323	550
7058	551
871	552
824	553
7042	554
2686	555
4130	556
7881	557
9188	558
4665	559
5544	560
6409	561
9643	562
9718	563
435	564
5972	565
5492	566
2960	567
3640	568
3705	569
98	570
3626	571
7918	572
1462	573
6582	574
9145	575
4249	576
508	577
7425	578
3944	579
9509	580
1827	581
3602	582
3029	583
8871	584
9223	585
3604	586
3854	587
2841	588
1365	589
3516	590
1447	591
5006	592
1604	593
4919	594
9282	595
6206	596
741	597
2836	598
8886	599
744	600
1721	601
2242	602
3946	603
6022	604
3031	605
6680	606
7487	607
7774	608
4655	609
8444	610
2811	611
411	612
4478	613
9260	614
2464	615
2202	616
4060	617
4935	618
6968	619
9386	620
7393	621
6644	622
6510	623
3140	624
3856	625
6711	626
5242	627
311	628
2068	629
6786	630
3664	631
577	632
2524	633
2714	634
4105	635
7505	636
9459	637
8218	638
7274	639
7601	640
5090	641
9061	642
3796	643
8701	644
8762	645
256	646
9823	647
492	648
3752	649
5849	650
9451	651
6577	652
9697	653
9256	654
8656	655
3348	656
8631	657
807	658
1101	659
4099	660
6879	661
6771	662
2100	663
9448	664
9502	665
7056	666
8261	667
1375	668
2952	669
5300	670
3182	671
4555	672
6048	673
1487	674
4715	675
5266	676
933	677
6270	678
8831	679
7480	680
657	681
63	682
9523	683
531	684
6377	685
1313	686
8116	687
555	688
7451	689
3396	690
5363	691
4981	692
5909	693
2458	694
4649	695
7793	696
3409	697
6983	698
4165	699
1720	700
8932	701
7144	702
8336	703
6141	704
2211	705
6128	706
1084	707
3013	708
5728	709
5597	710
6855	711
9029	712
6801	713
3375	714
15	715
855	716
5349	717
4872	718
7081	719
17	720
8975	721
8857	722
7248	723
2958	724
212	725
7350	726
2688	727
274	728
4120	729
571	730
6127	731
2801	732
123	733
5236	734
1962	735
7440	736
2863	737
7439	738
504	739
3513	740
3024	741
1465	742
4424	743
4539	744
6820	745
8410	746
2944	747
6554	748
7268	749
1809	750
2432	751
1503	752
9768	753
9671	754
3889	755
3175	756
7579	757
7080	758
8987	759
2817	760
3006	761
5438	762
2135	763
4595	764
1294	765
7838	766
6642	767
9295	768
7345	769
5820	770
5527	771
1568	772
8905	773
6381	774
7509	775
3226	776
1060	777
3297	778
2482	779
7949	780
3896	781
9417	782
6472	783
6539	784
8584	785
1946	786
2542	787
4855	788
7629	789
1680	790
7045	791
6086	792
2866	793
3761	794
822	795
2187	796
7079	797
1114	798
5066	799
4169	800
8716	801
7214	802
8851	803
6016	804
4616	805
4991	806
1804	807
2280	808
1870	809
4667	810
3380	811
8869	812
5208	813
1373	814
4917	815
8188	816
9472	817
5191	818
5755	819
3967	820
560	821
889	822
2889	823
4863	824
3465	825
7320	826
8827	827
8957	828
3050	829
9381	830
4690	831
4574	832
3637	833
5289	834
1348	835
2376	836
8628	837
6513	838
9120	839
6485	840
3373	841
5736	842
7681	843
5984	844
9506	845
951	846
4295	847
7397	848
9148	849
4457	850
2483	851
1524	852
4677	853
7107	854
4710	855
1476	856
6359	857
8157	858
9616	859
7662	860
7748	861
7133	862
18	863
3965	864
2924	865
3713	866
5245	867
8627	868
4132	869
1429	870
9642	871
4853	872
7028	873
3563	874
469	875
8465	876
74	877
6974	878
2621	879
4403	880
8165	881
8367	882
7271	883
7540	884
7355	885
8822	886
275	887
5746	888
8430	889
3722	890
8271	891
5633	892
3403	893
9438	894
3925	895
1627	896
6690	897
5261	898
38	899
6829	900
3661	901
8072	902
7242	903
5505	904
6035	905
426	906
4258	907
529	908
6114	909
8096	910
6332	911
5326	912
3022	913
6352	914
119	915
8564	916
8930	917
4851	918
3051	919
8901	920
4623	921
5745	922
1744	923
1628	924
3313	925
811	926
3395	927
2261	928
7071	929
5865	930
3818	931
9026	932
4929	933
3174	934
9070	935
8363	936
547	937
2671	938
5083	939
3046	940
5485	941
5708	942
2367	943
4794	944
5199	945
7442	946
4325	947
7441	948
8481	949
7978	950
6002	951
2810	952
4318	953
3519	954
9543	955
3771	956
2654	957
6060	958
8953	959
9778	960
9306	961
4750	962
6230	963
1814	964
6015	965
9675	966
9275	967
5312	968
9315	969
6557	970
3252	971
4126	972
1376	973
1265	974
349	975
5685	976
9218	977
6511	978
8637	979
4875	980
8795	981
413	982
3364	983
7890	984
8791	985
8778	986
9599	987
2950	988
6516	989
3337	990
8999	991
6038	992
9158	993
7195	994
7768	995
2305	996
7692	997
6812	998
6813	999
1649	1000
6446	1001
5947	1002
6112	1003
8646	1004
3105	1005
7351	1006
4876	1007
8238	1008
8717	1009
94	1010
3831	1011
7322	1012
3866	1013
3367	1014
2888	1015
3797	1016
575	1017
2946	1018
2895	1019
9264	1020
4468	1021
1901	1022
7148	1023
2442	1024
2425	1025
526	1026
3349	1027
4167	1028
8256	1029
9680	1030
5317	1031
1699	1032
7124	1033
4566	1034
470	1035
8398	1036
3311	1037
2523	1038
2894	1039
2340	1040
6275	1041
9699	1042
1352	1043
3112	1044
1467	1045
8676	1046
3130	1047
2526	1048
6237	1049
7710	1050
758	1051
8535	1052
6055	1053
7995	1054
5016	1055
7847	1056
7843	1057
5652	1058
2872	1059
6221	1060
2436	1061
9289	1062
790	1063
2918	1064
8720	1065
2862	1066
6586	1067
5413	1068
9244	1069
4882	1070
312	1071
6095	1072
5282	1073
4042	1074
4237	1075
2381	1076
5609	1077
1468	1078
6919	1079
2578	1080
7292	1081
229	1082
2573	1083
8091	1084
6666	1085
3338	1086
9319	1087
1156	1088
9803	1089
3039	1090
4762	1091
9773	1092
6245	1093
8611	1094
4573	1095
1396	1096
4795	1097
721	1098
1688	1099
9056	1100
3451	1101
4082	1102
8059	1103
3785	1104
5288	1105
6415	1106
9820	1107
5813	1108
8129	1109
7190	1110
9763	1111
8821	1112
2703	1113
8722	1114
8406	1115
3132	1116
1723	1117
2296	1118
2589	1119
6778	1120
7724	1121
850	1122
2759	1123
2948	1124
2032	1125
2605	1126
3190	1127
3245	1128
8326	1129
4331	1130
880	1131
3932	1132
9571	1133
1822	1134
6698	1135
7358	1136
3955	1137
3801	1138
7853	1139
4854	1140
1653	1141
8463	1142
3507	1143
8947	1144
2691	1145
490	1146
5929	1147
7066	1148
4956	1149
7210	1150
3082	1151
7557	1152
2174	1153
4814	1154
2723	1155
7830	1156
7871	1157
5392	1158
21	1159
7321	1160
9516	1161
920	1162
7684	1163
6165	1164
133	1165
4749	1166
9726	1167
6	1168
6102	1169
127	1170
9280	1171
8050	1172
1364	1173
609	1174
6469	1175
201	1176
769	1177
339	1178
6610	1179
9515	1180
7623	1181
888	1182
797	1183
6784	1184
1001	1185
7203	1186
1615	1187
8970	1188
5098	1189
9324	1190
3147	1191
9401	1192
7264	1193
7461	1194
9752	1195
4481	1196
1609	1197
2535	1198
8644	1199
6885	1200
2511	1201
1541	1202
2776	1203
9127	1204
9122	1205
4396	1206
5751	1207
2298	1208
591	1209
9539	1210
2981	1211
8036	1212
61	1213
4259	1214
3823	1215
2498	1216
6173	1217
2497	1218
9632	1219
8918	1220
1812	1221
7131	1222
5729	1223
3237	1224
219	1225
2840	1226
7633	1227
3910	1228
8566	1229
533	1230
9099	1231
9724	1232
2655	1233
5305	1234
3998	1235
297	1236
2665	1237
34	1238
7381	1239
5594	1240
1121	1241
8853	1242
7531	1243
9476	1244
9399	1245
9345	1246
7814	1247
4927	1248
6848	1249
9259	1250
6175	1251
1633	1252
6354	1253
6258	1254
2362	1255
1546	1256
5475	1257
6278	1258
8964	1259
5129	1260
4379	1261
9733	1262
7581	1263
2764	1264
511	1265
2574	1266
1533	1267
7467	1268
5727	1269
6144	1270
2451	1271
5060	1272
6713	1273
9219	1274
8137	1275
389	1276
737	1277
2533	1278
5525	1279
3941	1280
5434	1281
9372	1282
3584	1283
4936	1284
3314	1285
2006	1286
7976	1287
8914	1288
6356	1289
2066	1290
2088	1291
3633	1292
9156	1293
3522	1294
385	1295
8464	1296
9578	1297
97	1298
7139	1299
3122	1300
549	1301
574	1302
4022	1303
1953	1304
282	1305
7088	1306
2916	1307
1439	1308
7989	1309
730	1310
1766	1311
8223	1312
9369	1313
4420	1314
8369	1315
2239	1316
6764	1317
796	1318
7283	1319
3724	1320
5748	1321
8861	1322
7641	1323
2405	1324
6905	1325
7172	1326
2307	1327
6895	1328
7401	1329
7127	1330
1874	1331
2260	1332
3064	1333
75	1334
2788	1335
2902	1336
3210	1337
4654	1338
5884	1339
6911	1340
4725	1341
1694	1342
1442	1343
3693	1344
3857	1345
4581	1346
276	1347
5035	1348
7620	1349
1832	1350
6972	1351
1279	1352
8118	1353
1971	1354
7606	1355
9665	1356
7952	1357
2073	1358
5341	1359
9384	1360
7389	1361
9694	1362
9044	1363
1600	1364
5417	1365
2506	1366
670	1367
9597	1368
4642	1369
3350	1370
5307	1371
6973	1372
9570	1373
8174	1374
8213	1375
3821	1376
6085	1377
5585	1378
6402	1379
6726	1380
819	1381
8076	1382
1199	1383
360	1384
4236	1385
1757	1386
969	1387
2277	1388
4996	1389
592	1390
7420	1391
9323	1392
3360	1393
6897	1394
5069	1395
1957	1396
7878	1397
598	1398
6892	1399
8487	1400
2648	1401
8134	1402
8178	1403
4440	1404
991	1405
332	1406
4307	1407
5014	1408
3948	1409
150	1410
1143	1411
6808	1412
5665	1413
9329	1414
2272	1415
8130	1416
425	1417
4509	1418
7125	1419
3047	1420
3300	1421
2007	1422
2159	1423
6823	1424
3809	1425
8719	1426
1449	1427
9270	1428
7468	1429
7070	1430
7929	1431
5982	1432
2274	1433
2104	1434
7914	1435
5248	1436
8389	1437
9004	1438
52	1439
4347	1440
683	1441
8727	1442
3934	1443
6961	1444
2609	1445
9017	1446
1893	1447
9102	1448
7382	1449
3238	1450
4713	1451
4697	1452
1326	1453
8571	1454
5575	1455
9584	1456
6747	1457
7828	1458
2710	1459
563	1460
7621	1461
2617	1462
7813	1463
7092	1464
6797	1465
7921	1466
701	1467
9581	1468
4636	1469
2942	1470
1481	1471
3981	1472
310	1473
4080	1474
7518	1475
4942	1476
4309	1477
952	1478
4804	1479
35	1480
307	1481
500	1482
1887	1483
4587	1484
9116	1485
128	1486
6267	1487
4268	1488
8971	1489
6858	1490
4039	1491
3501	1492
7099	1493
7564	1494
4732	1495
9559	1496
7826	1497
6643	1498
4251	1499
2709	1500
2616	1501
6969	1502
8202	1503
2539	1504
6312	1505
2248	1506
4610	1507
1009	1508
4033	1509
3214	1510
1412	1511
1231	1512
5586	1513
8252	1514
2515	1515
659	1516
6612	1517
376	1518
4552	1519
8939	1520
4911	1521
4146	1522
7281	1523
2766	1524
4131	1525
4776	1526
5529	1527
3284	1528
943	1529
9804	1530
9636	1531
9016	1532
9207	1533
589	1534
1383	1535
3556	1536
7812	1537
3322	1538
1657	1539
1289	1540
8052	1541
88	1542
8705	1543
6799	1544
118	1545
690	1546
5769	1547
181	1548
2800	1549
9114	1550
1004	1551
285	1552
3401	1553
375	1554
2053	1555
5239	1556
9475	1557
3683	1558
583	1559
3434	1560
1417	1561
1575	1562
9817	1563
1016	1564
4904	1565
1095	1566
7906	1567
7948	1568
2	1569
7646	1570
8829	1571
4743	1572
7815	1573
7181	1574
8598	1575
6850	1576
9215	1577
7318	1578
2020	1579
9310	1580
1737	1581
5875	1582
6028	1583
4924	1584
5532	1585
5445	1586
7943	1587
7822	1588
6146	1589
6069	1590
4989	1591
3269	1592
3173	1593
9051	1594
5448	1595
6740	1596
8107	1597
1796	1598
2532	1599
2855	1600
4260	1601
5721	1602
9561	1603
3219	1604
90	1605
8329	1606
4014	1607
8439	1608
8520	1609
2927	1610
1	1611
5420	1612
3937	1613
2647	1614
6614	1615
2299	1616
5013	1617
3123	1618
9262	1619
7726	1620
3000	1621
8808	1622
5322	1623
9767	1624
5792	1625
1601	1626
2563	1627
7693	1628
3323	1629
3930	1630
3017	1631
2103	1632
5212	1633
406	1634
3428	1635
8923	1636
4385	1637
1782	1638
2430	1639
5024	1640
3	1641
1488	1642
1959	1643
5346	1644
5250	1645
7870	1646
6044	1647
3346	1648
2519	1649
5940	1650
6781	1651
9695	1652
84	1653
3141	1654
5389	1655
7759	1656
4543	1657
7816	1658
4846	1659
2806	1660
1772	1661
5541	1662
5677	1663
82	1664
5217	1665
3546	1666
1151	1667
8709	1668
1689	1669
5920	1670
7433	1671
8073	1672
9633	1673
7405	1674
9652	1675
8787	1676
2978	1677
2884	1678
2568	1679
4736	1680
5003	1681
5433	1682
7375	1683
9409	1684
5775	1685
2839	1686
3065	1687
9761	1688
16	1689
3920	1690
3585	1691
4521	1692
8740	1693
268	1694
3222	1695
1578	1696
5254	1697
3294	1698
1863	1699
573	1700
5747	1701
3916	1702
4562	1703
2513	1704
1582	1705
2375	1706
4218	1707
4590	1708
5103	1709
5686	1710
5784	1711
2040	1712
6512	1713
2929	1714
1663	1715
1155	1716
9556	1717
3272	1718
3044	1719
8171	1720
8933	1721
1662	1722
1705	1723
2502	1724
2374	1725
1248	1726
8841	1727
7845	1728
5766	1729
8342	1730
1751	1731
5825	1732
4534	1733
4847	1734
1133	1735
1671	1736
8497	1737
5368	1738
4442	1739
5970	1740
6465	1741
3098	1742
1759	1743
4510	1744
2329	1745
7154	1746
9788	1747
60	1748
6428	1749
1758	1750
6735	1751
7259	1752
4349	1753
8273	1754
163	1755
8117	1756
7446	1757
6395	1758
8437	1759
8103	1760
7941	1761
3312	1762
5455	1763
985	1764
4558	1765
1134	1766
3820	1767
9059	1768
3108	1769
8200	1770
6956	1771
377	1772
3848	1773
5484	1774
447	1775
1872	1776
4532	1777
8815	1778
3662	1779
565	1780
2577	1781
8670	1782
9750	1783
9083	1784
5085	1785
4406	1786
6386	1787
2	1788
6927	1789
2263	1790
4592	1791
8114	1792
8061	1793
4226	1794
6551	1795
785	1796
1780	1797
4894	1798
3928	1799
6995	1800
2602	1801
9426	1802
4139	1803
2501	1804
7215	1805
2437	1806
5695	1807
1573	1808
753	1809
3510	1810
4792	1811
3243	1812
2400	1813
8080	1814
507	1815
8653	1816
5793	1817
786	1818
3858	1819
7810	1820
4611	1821
206	1822
4255	1823
9413	1824
9170	1825
5279	1826
836	1827
6455	1828
5059	1829
8095	1830
9471	1831
12	1832
5335	1833
9167	1834
5007	1835
9658	1836
4195	1837
1881	1838
9520	1839
7278	1840
5184	1841
6655	1842
94	1843
2695	1844
1931	1845
9482	1846
6556	1847
9521	1848
1815	1849
2203	1850
6645	1851
6733	1852
1195	1853
8946	1854
713	1855
6626	1856
6181	1857
73	1858
6587	1859
5588	1860
4998	1861
2253	1862
686	1863
6078	1864
8879	1865
7549	1866
7319	1867
5032	1868
2953	1869
7091	1870
1685	1871
6628	1872
5253	1873
5906	1874
2226	1875
9211	1876
1656	1877
777	1878
3502	1879
997	1880
6876	1881
2718	1882
4230	1883
1353	1884
6697	1885
8466	1886
9201	1887
8250	1888
2491	1889
982	1890
4267	1891
7061	1892
5534	1893
2297	1894
3241	1895
2160	1896
7406	1897
280	1898
5156	1899
7877	1900
5043	1901
4371	1902
2401	1903
9263	1904
4103	1905
4012	1906
1105	1907
5584	1908
6920	1909
1722	1910
8432	1911
7150	1912
1692	1913
6459	1914
139	1915
3457	1916
4685	1917
2627	1918
8751	1919
5267	1920
6601	1921
5102	1922
1995	1923
203	1924
9062	1925
87	1926
959	1927
7435	1928
5194	1929
9199	1930
4455	1931
6193	1932
9349	1933
1945	1934
2116	1935
4240	1936
9631	1937
2824	1938
6471	1939
8956	1940
3743	1941
1619	1942
2435	1943
6493	1944
945	1945
7651	1946
6950	1947
6541	1948
7223	1949
2870	1950
2980	1951
7427	1952
7458	1953
3607	1954
1033	1955
7547	1956
7314	1957
4070	1958
1066	1959
1954	1960
1472	1961
5076	1962
4448	1963
5474	1964
9525	1965
3282	1966
51	1967
8441	1968
5807	1969
2000	1970
6215	1971
24	1972
2807	1973
3675	1974
2302	1975
2773	1976
2549	1977
8415	1978
3159	1979
482	1980
8304	1981
8897	1982
2470	1983
8788	1984
7339	1985
4960	1986
5344	1987
9006	1988
3806	1989
9097	1990
391	1991
6080	1992
5946	1993
7347	1994
329	1995
6241	1996
9155	1997
7383	1998
7043	1999
2016	2000
3008	2001
9572	2002
2046	2003
4589	2004
8291	2005
899	2006
7800	2007
1943	2008
354	2009
8097	2010
569	2011
3142	2012
1547	2013
3805	2014
3562	2015
4968	2016
3543	2017
8194	2018
7453	2019
7892	2020
9023	2021
1528	2022
1238	2023
477	2024
186	2025
8685	2026
3414	2027
7338	2028
1493	2029
7587	2030
2290	2031
559	2032
8356	2033
1309	2034
9328	2035
32	2036
7664	2037
2287	2038
5797	2039
5155	2040
2378	2041
9755	2042
8916	2043
4833	2044
9749	2045
661	2046
8455	2047
5147	2048
9007	2049
7454	2050
759	2051
7168	2052
633	2053
4782	2054
6061	2055
3286	2056
8245	2057
8926	2058
7177	2059
2325	2060
5780	2061
1225	2062
5756	2063
2162	2064
8823	2065
7302	2066
802	2067
7263	2068
6617	2069
1535	2070
5840	2071
5615	2072
6602	2073
5382	2074
6869	2075
2564	2076
2215	2077
6396	2078
3145	2079
2687	2080
316	2081
7206	2082
7510	2083
6580	2084
7001	2085
6562	2086
8375	2087
6009	2088
8093	2089
4427	2090
6351	2091
3638	2092
5955	2093
5367	2094
4367	2095
1094	2096
1433	2097
342	2098
5710	2099
5866	2100
9045	2101
2986	2102
3255	2103
2819	2104
3482	2105
7558	2106
8148	2107
2411	2108
1334	2109
1789	2110
3727	2111
4461	2112
5377	2113
6843	2114
1608	2115
1378	2116
7946	2117
472	2118
6343	2119
5005	2120
4343	2121
2489	2122
7426	2123
4422	2124
1302	2125
6707	2126
725	2127
2354	2128
5772	2129
3359	2130
6618	2131
9298	2132
3352	2133
4678	2134
7934	2135
8337	2136
7584	2137
537	2138
8349	2139
8739	2140
1108	2141
9141	2142
166	2143
6979	2144
9678	2145
6768	2146
1646	2147
8044	2148
6322	2149
9519	2150
7470	2151
1919	2152
1565	2153
2525	2154
1455	2155
6238	2156
71	2157
8190	2158
6246	2159
483	2160
2196	2161
7218	2162
7386	2163
8565	2164
433	2165
8860	2166
4670	2167
3035	2168
3734	2169
1625	2170
6282	2171
146	2172
5320	2173
6152	2174
432	2175
183	2176
2534	2177
7436	2178
4879	2179
1585	2180
7282	2181
5696	2182
5166	2183
4646	2184
1261	2185
5364	2186
2596	2187
1502	2188
4246	2189
7057	2190
1443	2191
3268	2192
431	2193
4874	2194
5231	2195
5638	2196
6372	2197
5618	2198
8509	2199
2005	2200
1192	2201
4975	2202
2971	2203
5879	2204
3843	2205
4171	2206
5602	2207
9444	2208
2987	2209
7593	2210
1180	2211
3437	2212
9774	2213
2259	2214
4261	2215
8776	2216
6014	2217
7679	2218
794	2219
2595	2220
2891	2221
4705	2222
5283	2223
2557	2224
7199	2225
8066	2226
8128	2227
252	2228
9814	2229
5297	2230
3984	2231
9227	2232
7638	2233
8454	2234
5964	2235
6163	2236
1566	2237
8863	2238
104	2239
3982	2240
42	2241
2558	2242
2499	2243
9813	2244
6134	2245
9591	2246
9794	2247
5928	2248
3793	2249
1536	2250
1484	2251
7005	2252
8484	2253
1317	2254
5558	2255
7159	2256
1729	2257
2580	2258
2503	2259
5764	2260
7957	2261
3042	2262
168	2263
4682	2264
6383	2265
7403	2266
3707	2267
3663	2268
5483	2269
9672	2270
9189	2271
8749	2272
4415	2273
5975	2274
6715	2275
1480	2276
7186	2277
2102	2278
874	2279
884	2280
3221	2281
8839	2282
5785	2283
9279	2284
9249	2285
330	2286
8811	2287
5425	2288
6046	2289
7986	2290
6824	2291
163	2292
5449	2293
7833	2294
2588	2295
5561	2296
3841	2297
8457	2298
259	2299
6883	2300
6071	2301
9825	2302
2544	2303
3878	2304
6844	2305
915	2306
8563	2307
8595	2308
5340	2309
3667	2310
72	2311
2490	2312
7301	2313
7608	2314
7605	2315
3344	2316
7923	2317
5207	2318
2877	2319
6571	2320
6579	2321
243	2322
7865	2323
2828	2324
582	2325
3271	2326
9792	2327
9139	2328
4203	2329
7722	2330
4401	2331
6694	2332
326	2333
4328	2334
752	2335
7968	2336
8830	2337
8550	2338
6894	2339
1260	2340
7530	2341
4834	2342
3837	2343
7733	2344
4803	2345
3486	2346
8706	2347
825	2348
2903	2349
3399	2350
352	2351
4264	2352
2576	2353
829	2354
7716	2355
805	2356
9058	2357
8533	2358
4320	2359
6916	2360
9609	2361
4669	2362
1459	2363
6333	2364
6027	2365
5427	2366
1471	2367
8176	2368
558	2369
3030	2370
3738	2371
2487	2372
4372	2373
1727	2374
9068	2375
8671	2376
4031	2377
498	2378
7663	2379
1949	2380
3673	2381
3083	2382
5969	2383
9574	2384
8866	2385
9081	2386
6884	2387
6629	2388
1760	2389
7984	2390
7714	2391
2842	2392
2360	2393
6440	2394
6649	2395
2015	2396
5557	2397
2598	2398
1553	2399
2509	2400
4334	2401
3492	2402
6025	2403
7196	2404
5810	2405
6199	2406
1875	2407
2097	2408
7591	2409
9781	2410
1518	2411
2369	2412
5141	2413
7744	2414
1522	2415
63	2416
298	2417
2660	2418
5779	2419
4527	2420
2208	2421
2377	2422
7469	2423
9311	2424
9621	2425
1973	2426
6171	2427
51	2428
1389	2429
192	2430
7797	2431
3059	2432
270	2433
9728	2434
6619	2435
2314	2436
3876	2437
5506	2438
2897	2439
5846	2440
599	2441
1117	2442
4684	2443
9147	2444
9382	2445
59	2446
2488	2447
4303	2448
9003	2449
2527	2450
4932	2451
5579	2452
7933	2453
4027	2454
7388	2455
1951	2456
4999	2457
4825	2458
3432	2459
3973	2460
4280	2461
5144	2462
4193	2463
608	2464
1081	2465
5702	2466
6239	2467
6833	2468
8408	2469
3419	2470
7209	2471
6023	2472
8577	2473
1071	2474
6170	2475
3493	2476
2659	2477
488	2478
3943	2479
7802	2480
2830	2481
4609	2482
88	2483
6326	2484
2081	2485
1861	2486
8658	2487
9245	2488
3757	2489
4225	2490
98	2491
2082	2492
4077	2493
6305	2494
9209	2495
6620	2496
4643	2497
9313	2498
8313	2499
3680	2500
7700	2501
6499	2502
9487	2503
4810	2504
586	2505
3063	2506
8532	2507
5246	2508
4955	2509
2014	2510
9411	2511
2344	2512
1676	2513
2719	2514
8001	2515
1399	2516
9501	2517
4564	2518
9618	2519
4600	2520
7967	2521
6110	2522
603	2523
4608	2524
7490	2525
2931	2526
2798	2527
164	2528
6659	2529
9712	2530
2223	2531
7013	2532
5572	2533
4739	2534
3178	2535
760	2536
4393	2537
3954	2538
7782	2539
2639	2540
6350	2541
1820	2542
9457	2543
1093	2544
4089	2545
35	2546
1351	2547
9566	2548
2875	2549
2346	2550
355	2551
4850	2552
2963	2553
1603	2554
1818	2555
5428	2556
860	2557
9391	2558
7073	2559
2543	2560
2233	2561
2794	2562
8643	2563
9692	2564
1529	2565
5011	2566
8279	2567
2575	2568
4805	2569
1826	2570
5321	2571
6382	2572
2422	2573
4405	2574
1274	2575
1620	2576
2970	2577
5501	2578
6370	2579
4216	2580
2899	2581
1440	2582
9638	2583
8071	2584
242	2585
3619	2586
8196	2587
2904	2588
4891	2589
6334	2590
4799	2591
3265	2592
6913	2593
4398	2594
2941	2595
4088	2596
7404	2597
6480	2598
6179	2599
5453	2600
6976	2601
6109	2602
3205	2603
4644	2604
6765	2605
3090	2606
4835	2607
5589	2608
9568	2609
3477	2610
7089	2611
8696	2612
7272	2613
8678	2614
4565	2615
5343	2616
1032	2617
1543	2618
9088	2619
5176	2620
2258	2621
647	2622
5625	2623
6928	2624
5623	2625
9130	2626
2777	2627
1127	2628
3498	2629
9098	2630
5626	2631
6376	2632
6093	2633
1461	2634
4760	2635
8085	2636
6731	2637
6788	2638
8955	2639
4323	2640
1836	2641
8912	2642
7992	2643
9709	2644
7563	2645
4479	2646
8756	2647
4902	2648
7571	2649
9175	2650
3639	2651
5601	2652
8845	2653
1844	2654
7402	2655
4519	2656
1749	2657
4741	2658
2954	2659
8379	2660
3901	2661
1015	2662
2848	2663
8748	2664
1160	2665
7585	2666
3456	2667
5838	2668
1150	2669
1623	2670
7086	2671
2500	2672
564	2673
2293	2674
1308	2675
5798	2676
3427	2677
2155	2678
9707	2679
9067	2680
8556	2681
655	2682
3179	2683
6934	2684
3958	2685
8017	2686
4301	2687
1888	2688
2546	2689
8376	2690
1381	2691
6853	2692
1590	2693
6043	2694
2045	2695
2009	2696
1598	2697
7119	2698
5962	2699
9484	2700
8622	2701
8476	2702
2992	2703
6344	2704
1368	2705
8142	2706
821	2707
8993	2708
6463	2709
2049	2710
4907	2711
5641	2712
1046	2713
2920	2714
7886	2715
8254	2716
3871	2717
4744	2718
4812	2719
1562	2720
1045	2721
6216	2722
8728	2723
9208	2724
6368	2725
3808	2726
6418	2727
682	2728
1730	2729
6805	2730
134	2731
7261	2732
8817	2733
3704	2734
8293	2735
7798	2736
5862	2737
1843	2738
5661	2739
1513	2740
4136	2741
265	2742
1388	2743
5580	2744
4733	2745
505	2746
3353	2747
5034	2748
536	2749
1866	2750
5937	2751
6290	2752
5844	2753
9237	2754
1404	2755
4092	2756
8303	2757
5337	2758
5611	2759
8741	2760
2238	2761
5805	2762
9285	2763
6675	2764
2566	2765
5812	2766
4086	2767
3351	2768
2352	2769
2559	2770
2217	2771
8742	2772
1921	2773
2727	2774
6401	2775
140	2776
3423	2777
7602	2778
5595	2779
1038	2780
7863	2781
5578	2782
5835	2783
6584	2784
9489	2785
9717	2786
4129	2787
2757	2788
7553	2789
8794	2790
9452	2791
7256	2792
2412	2793
6533	2794
4414	2795
9348	2796
8334	2797
1997	2798
7478	2799
3192	2800
333	2801
8700	2802
4381	2803
7251	2804
9375	2805
2475	2806
3096	2807
5240	2808
4698	2809
7316	2810
695	2811
7919	2812
2373	2813
3758	2814
1252	2815
5110	2816
7157	2817
3019	2818
6789	2819
763	2820
4010	2821
1621	2822
6088	2823
6235	2824
2796	2825
6092	2826
7227	2827
2961	2828
7236	2829
6264	2830
5841	2831
315	2832
4432	2833
1577	2834
4895	2835
4779	2836
227	2837
4456	2838
8679	2839
6255	2840
2644	2841
3253	2842
9481	2843
6269	2844
3700	2845
32	2846
36	2847
7834	2848
6178	2849
788	2850
5478	2851
7286	2852
176	2853
8864	2854
2415	2855
8666	2856
1521	2857
7541	2858
5065	2859
8832	2860
5143	2861
4731	2862
5809	2863
3026	2864
137	2865
341	2866
7246	2867
2886	2868
4085	2869
8733	2870
2529	2871
2668	2872
7379	2873
8747	2874
1825	2875
7472	2876
1182	2877
9204	2878
6634	2879
1605	2880
138	2881
3004	2882
3853	2883
9055	2884
4290	2885
4072	2886
8962	2887
8229	2888
6741	2889
9626	2890
3526	2891
9214	2892
4918	2893
652	2894
4701	2895
2530	2896
2494	2897
2047	2898
2514	2899
453	2900
4910	2901
4859	2902
5522	2903
2700	2904
7567	2905
1445	2906
2481	2907
9453	2908
8682	2909
6464	2910
4900	2911
7087	2912
2815	2913
4774	2914
8614	2915
4008	2916
8581	2917
5776	2918
2937	2919
1027	2920
2982	2921
3819	2922
734	2923
5902	2924
3487	2925
2157	2926
9460	2927
6677	2928
8146	2929
467	2930
4612	2931
8387	2932
8524	2933
8942	2934
4518	2935
4238	2936
545	2937
8865	2938
8504	2939
833	2940
9163	2941
804	2942
6785	2943
3383	2944
5516	2945
1421	2946
7868	2947
6917	2948
335	2949
8572	2950
6672	2951
9019	2952
2204	2953
9073	2954
877	2955
7205	2956
7891	2957
4202	2958
7474	2959
6872	2960
1380	2961
6993	2962
9437	2963
739	2964
6285	2965
244	2966
6964	2967
5990	2968
9758	2969
4579	2970
8316	2971
7465	2972
7160	2973
5520	2974
2057	2975
6252	2976
3601	2977
109	2978
6298	2979
2331	2980
8378	2981
7775	2982
516	2983
6787	2984
5957	2985
8780	2986
5436	2987
5668	2988
1978	2989
3171	2990
3918	2991
9797	2992
1871	2993
1397	2994
398	2995
1272	2996
4964	2997
1923	2998
2923	2999
6083	3000
7240	3001
8515	3002
5687	3003
2584	3004
7522	3005
437	3006
9314	3007
6408	3008
3104	3009
8461	3010
2330	3011
6399	3012
3733	3013
119	3014
7808	3015
4722	3016
3753	3017
4184	3018
5360	3019
1277	3020
1019	3021
6615	3022
8173	3023
5374	3024
5493	3025
7538	3026
7352	3027
4626	3028
1754	3029
7909	3030
6265	3031
881	3032
5704	3033
4286	3034
4223	3035
2680	3036
8143	3037
5771	3038
5560	3039
4958	3040
5869	3041
9403	3042
5444	3043
1474	3044
3111	3045
4066	3046
7025	3047
4928	3048
5716	3049
6896	3050
1229	3051
5871	3052
754	3053
8132	3054
418	3055
2028	3056
3285	3057
1062	3058
9316	3059
6699	3060
5533	3061
4304	3062
3327	3063
8917	3064
1316	3065
2461	3066
8203	3067
2582	3068
1509	3069
7513	3070
1799	3071
8526	3072
5232	3073
9598	3074
2294	3075
9096	3076
7182	3077
8950	3078
5765	3079
900	3080
2457	3081
4970	3082
5272	3083
4502	3084
1116	3085
9271	3086
7126	3087
2359	3088
1332	3089
1618	3090
5286	3091
6841	3092
7675	3093
5791	3094
7728	3095
3306	3096
6304	3097
4905	3098
9435	3099
8650	3100
3970	3101
7619	3102
5063	3103
8619	3104
5936	3105
3868	3106
8208	3107
873	3108
302	3109
272	3110
4980	3111
3324	3112
3921	3113
1880	3114
5562	3115
3924	3116
2485	3117
5559	3118
5077	3119
2874	3120
7175	3121
2358	3122
5177	3123
5960	3124
8518	3125
6567	3126
3655	3127
1617	3128
1209	3129
8913	3130
606	3131
9341	3132
8272	3133
3317	3134
9542	3135
2507	3136
2618	3137
9366	3138
3273	3139
7780	3140
1894	3141
67	3142
8721	3143
6052	3144
7024	3145
8220	3146
308	3147
194	3148
8346	3149
8418	3150
9118	3151
5587	3152
3617	3153
1218	3154
4906	3155
8974	3156
110	3157
2572	3158
2384	3159
2199	3160
3628	3161
4873	3162
8718	3163
3564	3164
2926	3165
9274	3166
5094	3167
7953	3168
6094	3169
4914	3170
289	3171
7030	3172
5554	3173
6679	3174
8233	3175
7371	3176
726	3177
1318	3178
3846	3179
3298	3180
610	3181
5148	3182
8784	3183
1869	3184
7804	3185
4828	3186
7916	3187
167	3188
4800	3189
667	3190
3839	3191
4462	3192
3603	3193
334	3194
6744	3195
4324	3196
6661	3197
5892	3198
7163	3199
3836	3200
8870	3201
6903	3202
7083	3203
3318	3204
1716	3205
7291	3206
623	3207
4444	3208
7010	3209
8456	3210
8288	3211
6588	3212
8319	3213
5786	3214
1008	3215
4045	3216
750	3217
2035	3218
8226	3219
8888	3220
6	3221
2463	3222
9221	3223
7252	3224
7363	3225
1370	3226
3475	3227
9612	3228
8617	3229
1515	3230
3258	3231
1850	3232
596	3233
6218	3234
3198	3235
8909	3236
9419	3237
9540	3238
3978	3239
3953	3240
7985	3241
3188	3242
7265	3243
2721	3244
2650	3245
1026	3246
223	3247
96	3248
7273	3249
3256	3250
1329	3251
7954	3252
9238	3253
1922	3254
9110	3255
3794	3256
4441	3257
2921	3258
834	3259
8770	3260
8287	3261
6998	3262
8259	3263
8649	3264
7932	3265
9039	3266
3114	3267
4144	3268
2249	3269
39	3270
1639	3271
803	3272
2042	3273
3975	3274
2070	3275
454	3276
7769	3277
5463	3278
4963	3279
4946	3280
1647	3281
1638	3282
4869	3283
4353	3284
2591	3285
1731	3286
4090	3287
6292	3288
5038	3289
3136	3290
7399	3291
3936	3292
7385	3293
8217	3294
8192	3295
2380	3296
8302	3297
2444	3298
4148	3299
666	3300
8694	3301
6926	3302
4941	3303
121	3304
5507	3305
9371	3306
393	3307
1526	3308
7607	3309
7290	3310
6570	3311
7625	3312
4640	3313
8960	3314
8102	3315
4001	3316
8331	3317
1297	3318
2974	3319
862	3320
3935	3321
4540	3322
9046	3323
4786	3324
2236	3325
4898	3326
9392	3327
7235	3328
5387	3329
9536	3330
34	3331
3169	3332
9620	3333
7821	3334
2246	3335
6108	3336
2185	3337
2554	3338
6818	3339
3872	3340
9729	3341
8275	3342
9257	3343
8311	3344
8105	3345
4507	3346
3357	3347
798	3348
740	3349
946	3350
5039	3351
7818	3352
1423	3353
271	3354
8024	3355
3803	3356
2620	3357
9681	3358
7007	3359
3361	3360
122	3361
2956	3362
5749	3363
8503	3364
9394	3365
1738	3366
9125	3367
41	3368
568	3369
190	3370
6975	3371
4629	3372
8262	3373
6433	3374
4759	3375
815	3376
8856	3377
3072	3378
6133	3379
136	3380
1691	3381
2318	3382
6997	3383
1164	3384
9708	3385
7361	3386
6942	3387
8608	3388
9576	3389
3983	3390
3454	3391
6491	3392
465	3393
3784	3394
6054	3395
4526	3396
7395	3397
5758	3398
300	3399
2906	3400
6289	3401
2326	3402
6709	3403
8737	3404
3365	3405
6880	3406
2322	3407
3106	3408
1794	3409
3379	3410
4745	3411
4934	3412
4720	3413
1437	3414
8328	3415
1534	3416
7712	3417
7749	3418
1712	3419
8782	3420
4292	3421
3088	3422
9318	3423
5918	3424
4897	3425
2860	3426
8169	3427
4598	3428
5210	3429
1446	3430
7807	3431
826	3432
1807	3433
3959	3434
6504	3435
6982	3436
2021	3437
2957	3438
9250	3439
4079	3440
7306	3441
8301	3442
4787	3443
5061	3444
5025	3445
3740	3446
6379	3447
8842	3448
9800	3449
4417	3450
9276	3451
6243	3452
5228	3453
3411	3454
2409	3455
7682	3456
8099	3457
159	3458
3070	3459
7055	3460
3517	3461
3865	3462
604	3463
1328	3464
1330	3465
8140	3466
5521	3467
6187	3468
6834	3469
2051	3470
4933	3471
5429	3472
882	3473
5881	3474
476	3475
7331	3476
3100	3477
2747	3478
4790	3479
6932	3480
783	3481
2078	3482
6391	3483
5256	3484
6033	3485
510	3486
2338	3487
2173	3488
489	3489
4399	3490
3726	3491
5258	3492
8286	3493
9645	3494
8147	3495
4717	3496
7000	3497
5503	3498
7762	3499
4156	3500
4097	3501
3220	3502
106	3503
4245	3504
5547	3505
6153	3506
2193	3507
5056	3508
962	3509
1369	3510
1486	3511
2969	3512
145	3513
3384	3514
4811	3515
1350	3516
8198	3517
7655	3518
5672	3519
676	3520
8239	3521
6251	3522
5113	3523
1496	3524
6119	3525
6443	3526
5876	3527
6329	3528
5607	3529
3184	3530
2262	3531
6543	3532
7047	3533
9126	3534
3110	3535
3537	3536
6231	3537
6779	3538
205	3539
3992	3540
9020	3541
5566	3542
9421	3543
9751	3544
6821	3545
2522	3546
4723	3547
7743	3548
3511	3549
2829	3550
674	3551
828	3552
9706	3553
615	3554
1216	3555
5930	3556
9610	3557
1673	3558
4389	3559
5994	3560
5669	3561
7106	3562
3392	3563
6691	3564
8182	3565
1867	3566
2959	3567
4788	3568
9518	3569
2303	3570
120	3571
600	3572
5075	3573
5824	3574
940	3575
7809	3576
746	3577
6111	3578
6416	3579
291	3580
8680	3581
6633	3582
8277	3583
7438	3584
2653	3585
5165	3586
6814	3587
3781	3588
2772	3589
1441	3590
5777	3591
2462	3592
5388	3593
8110	3594
7	3595
632	3596
607	3597
6683	3598
4967	3599
1697	3600
6420	3601
727	3602
649	3603
1764	3604
1075	3605
842	3606
8655	3607
7208	3608
5081	3609
6297	3610
9436	3611
6124	3612
2256	3613
6550	3614
4300	3615
443	3616
3194	3617
7766	3618
8215	3619
1523	3620
199	3621
5684	3622
6259	3623
3671	3624
7844	3625
89	3626
4751	3627
6627	3628
5926	3629
5683	3630
2857	3631
3702	3632
7034	3633
9050	3634
2361	3635
5604	3636
2198	3637
2285	3638
4375	3639
4049	3640
5724	3641
4635	3642
5530	3643
2999	3644
5913	3645
5636	3646
1982	3647
7729	3648
299	3649
5910	3650
3073	3651
4614	3652
6439	3653
973	3654
6400	3655
9679	3656
200	3657
408	3658
8305	3659
5922	3660
5276	3661
1403	3662
9555	3663
8013	3664
4437	3665
7128	3666
7394	3667
132	3668
132	3669
5856	3670
5961	3671
4797	3672
4692	3673
9549	3674
5174	3675
5599	3676
856	3677
9080	3678
6425	3679
8544	3680
4703	3681
772	3682
7299	3683
1911	3684
7153	3685
7765	3686
6538	3687
671	3688
4524	3689
2510	3690
7940	3691
3971	3692
7592	3693
2734	3694
4419	3695
4211	3696
4480	3697
1630	3698
28	3699
7373	3700
288	3701
6219	3702
9049	3703
8159	3704
1701	3705
5384	3706
2745	3707
76	3708
9477	3709
8537	3710
5753	3711
9232	3712
9243	3713
4695	3714
2962	3715
7935	3716
5	3717
7041	3718
817	3719
8797	3720
9818	3721
3146	3722
2641	3723
640	3724
6224	3725
3062	3726
8931	3727
8597	3728
3331	3729
4657	3730
8298	3731
3125	3732
1634	3733
1797	3734
4601	3735
238	3736
33	3737
9691	3738
7018	3739
5353	3740
407	3741
3027	3742
2309	3743
4738	3744
4392	3745
6508	3746
9052	3747
64	3748
8809	3749
6154	3750
3048	3751
7162	3752
4680	3753
4838	3754
6558	3755
3266	3756
471	3757
9441	3758
7277	3759
3940	3760
7536	3761
6611	3762
2413	3763
2210	3764
3778	3765
2579	3766
735	3767
8881	3768
9364	3769
4142	3770
3450	3771
9327	3772
5971	3773
3438	3774
1994	3775
5237	3776
5268	3777
2626	3778
8789	3779
162	3780
6637	3781
7109	3782
8836	3783
1587	3784
6507	3785
4140	3786
1392	3787
1466	3788
7422	3789
7327	3790
965	3791
530	3792
6935	3793
4826	3794
4583	3795
5951	3796
6301	3797
5715	3798
173	3799
7002	3800
6936	3801
9629	3802
6435	3803
4191	3804
4067	3805
3448	3806
3613	3807
6151	3808
3686	3809
5311	3810
1706	3811
9821	3812
942	3813
9801	3814
8325	3815
4724	3816
4761	3817
1228	3818
7799	3819
5645	3820
7787	3821
3760	3822
5030	3823
4892	3824
8681	3825
9378	3826
1660	3827
7991	3828
5767	3829
5754	3830
1805	3831
7481	3832
5992	3833
7858	3834
7784	3835
5284	3836
1345	3837
7471	3838
9040	3839
2492	3840
3759	3841
5656	3842
3588	3843
3630	3844
1770	3845
6863	3846
6115	3847
2041	3848
1400	3849
5380	3850
7077	3851
2597	3852
3228	3853
1702	3854
820	3855
3391	3856
2062	3857
464	3858
1773	3859
2832	3860
8907	3861
338	3862
8579	3863
2341	3864
6704	3865
9320	3866
621	3867
7794	3868
4490	3869
6985	3870
4735	3871
6592	3872
3440	3873
2140	3874
1851	3875
2254	3876
3495	3877
4821	3878
6337	3879
9230	3880
7035	3881
501	3882
8221	3883
3320	3884
21	3885
1074	3886
5140	3887
6106	3888
6392	3889
1425	3890
2118	3891
7348	3892
2915	3893
6537	3894
8818	3895
1052	3896
6957	3897
3736	3898
2150	3899
5591	3900
3643	3901
2237	3902
4675	3903
8998	3904
1179	3905
3	3906
3430	3907
4775	3908
1963	3909
2677	3910
5275	3911
4390	3912
8884	3913
3659	3914
8115	3915
1305	3916
148	3917
4938	3918
8166	3919
9177	3920
827	3921
4159	3922
9165	3923
6734	3924
5553	3925
430	3926
7894	3927
6722	3928
3802	3929
6180	3930
3382	3931
5938	3932
3393	3933
6816	3934
4523	3935
3231	3936
5029	3937
8567	3938
4529	3939
45	3940
5733	3941
2793	3942
8877	3943
3977	3944
4250	3945
6750	3946
1232	3947
8525	3948
3436	3949
4676	3950
736	3951
9433	3952
9807	3953
8997	3954
6369	3955
9565	3956
2219	3957
7866	3958
417	3959
2473	3960
8989	3961
239	3962
5097	3963
2178	3964
7304	3965
3247	3966
4603	3967
8805	3968
8659	3969
144	3970
6616	3971
7610	3972
4916	3973
9229	3974
5139	3975
1020	3976
992	3977
7493	3978
1696	3979
2034	3980
3654	3981
9180	3982
3715	3983
8109	3984
9090	3985
1756	3986
7876	3987
4395	3988
6248	3989
6966	3990
5966	3991
1913	3992
5408	3993
1629	3994
1040	3995
4360	3996
1914	3997
1920	3998
9065	3999
1542	4000
5574	4001
3308	4002
9608	4003
6324	4004
7285	4005
898	4006
2742	4007
5730	4008
8882	4009
3791	4010
3248	4011
4817	4012
5697	4013
6867	4014
8793	4015
876	4016
9468	4017
1786	4018
3181	4019
8772	4020
5863	4021
1916	4022
4234	4023
3508	4024
643	4025
2908	4026
7076	4027
743	4028
5138	4029
9824	4030
4856	4031
5689	4032
7709	4033
5927	4034
5839	4035
7599	4036
7566	4037
9455	4038
8373	4039
8891	4040
986	4041
8401	4042
1322	4043
7346	4044
9013	4045
3133	4046
9579	4047
9783	4048
2599	4049
3991	4050
9634	4051
6419	4052
1548	4053
2424	4054
4806	4055
3137	4056
3669	4057
3366	4058
2004	4059
3299	4060
9071	4061
795	4062
8775	4063
5044	4064
9464	4065
9739	4066
2257	4067
8883	4068
3107	4069
4709	4070
1374	4071
141	4072
4023	4073
6263	4074
6967	4075
7416	4076
3587	4077
8982	4078
9473	4079
7178	4080
5698	4081
8663	4082
3651	4083
8396	4084
9635	4085
1073	4086
6664	4087
7938	4088
8952	4089
6686	4090
5987	4091
748	4092
3951	4093
5901	4094
7595	4095
8448	4096
7378	4097
660	4098
2008	4099
648	4100
1298	4101
6583	4102
5514	4103
556	4104
9346	4105
9094	4106
1516	4107
9239	4108
126	4109
6317	4110
7023	4111
6070	4112
6081	4113
2075	4114
5196	4115
7687	4116
7022	4117
673	4118
4117	4119
7193	4120
3276	4121
5319	4122
6782	4123
553	4124
854	4125
3378	4126
7365	4127
6692	4128
7562	4129
8698	4130
6287	4131
1102	4132
764	4133
4435	4134
365	4135
5277	4136
85	4137
3765	4138
5539	4139
6212	4140
5858	4141
2831	4142
7987	4143
1410	4144
4182	4145
2520	4146
8042	4147
1876	4148
3775	4149
31	4150
630	4151
8498	4152
1859	4153
7360	4154
3804	4155
8501	4156
1280	4157
4091	4158
4699	4159
1556	4160
8757	4161
1586	4162
1088	4163
9580	4164
522	4165
6227	4166
5659	4167
2449	4168
3402	4169
3215	4170
4546	4171
4599	4172
57	4173
2656	4174
26	4175
3960	4176
3592	4177
9354	4178
6509	4179
8806	4180
7003	4181
1306	4182
3455	4183
8474	4184
4877	4185
5037	4186
7231	4187
2536	4188
5555	4189
3183	4190
4496	4191
2385	4192
2086	4193
9359	4194
4915	4195
9330	4196
10	4197
1053	4198
5192	4199
1217	4200
9042	4201
2736	4202
2153	4203
9000	4204
8807	4205
8779	4206
8586	4207
4439	4208
6494	4209
3213	4210
9613	4211
3957	4212
8043	4213
4727	4214
1082	4215
5049	4216
3343	4217
845	4218
9253	4219
2472	4220
3439	4221
7065	4222
5327	4223
52	4224
3593	4225
6203	4226
4114	4227
1207	4228
8988	4229
636	4230
3879	4231
2645	4232
1210	4233
3007	4234
9628	4235
8317	4236
7882	4237
1713	4238
8660	4239
5281	4240
9326	4241
7391	4242
905	4243
115	4244
5958	4245
1227	4246
3206	4247
7220	4248
5991	4249
8161	4250
8954	4251
4172	4252
139	4253
5235	4254
5488	4255
5198	4256
6342	4257
6737	4258
4948	4259
27	4260
7732	4261
9350	4262
717	4263
4961	4264
3772	4265
6828	4266
2885	4267
5939	4268
631	4269
7904	4270
222	4271
2732	4272
2975	4273
5629	4274
3211	4275
1142	4276
8086	4277
127	4278
9454	4279
8372	4280
8934	4281
4346	4282
891	4283
2143	4284
6366	4285
1167	4286
2136	4287
409	4288
3952	4289
593	4290
4836	4291
4174	4292
1520	4293
478	4294
6688	4295
6650	4296
7152	4297
3490	4298
5831	4299
3037	4300
9305	4301
8578	4302
2843	4303
1416	4304
9112	4305
8332	4306
7855	4307
69	4308
9592	4309
2273	4310
4871	4311
8011	4312
8475	4313
4870	4314
6082	4315
8195	4316
2751	4317
3728	4318
4993	4319
9491	4320
1519	4321
2939	4322
112	4323
4011	4324
7639	4325
5726	4326
8837	4327
8330	4328
5252	4329
9686	4330
3263	4331
1382	4332
8242	4333
5001	4334
3789	4335
4755	4336
3527	4337
1450	4338
3281	4339
2134	4340
5713	4341
4848	4342
2357	4343
481	4344
3056	4345
6576	4346
1152	4347
3449	4348
1944	4349
2012	4350
3441	4351
1069	4352
187	4353
1063	4354
4151	4355
5956	4356
3491	4357
4196	4358
5873	4359
3506	4360
1130	4361
4242	4362
1007	4363
5112	4364
4188	4365
4305	4366
1061	4367
2690	4368
5941	4369
1938	4370
2646	4371
2017	4372
1947	4373
5093	4374
1023	4375
2699	4376
5119	4377
3416	4378
2037	4379
1977	4380
4201	4381
4765	4382
6410	4383
2372	4384
1333	4385
6240	4386
3574	4387
5195	4388
8364	4389
8084	4390
3446	4391
2356	4392
6760	4393
5691	4394
9422	4395
64	4396
22	4397
3371	4398
1438	4399
8887	4400
8867	4401
2615	4402
3400	4403
4183	4404
7631	4405
4283	4406
3692	4407
4178	4408
2145	4409
8285	4410
1504	4411
6875	4412
2224	4413
1505	4414
145	4415
5887	4416
7525	4417
6125	4418
9358	4419
8175	4420
2738	4421
2209	4422
7999	4423
1849	4424
3464	4425
787	4426
292	4427
7893	4428
5706	4429
9074	4430
9367	4431
8542	4432
8522	4433
6363	4434
9503	4435
9646	4436
2837	4437
3999	4438
9673	4439
3270	4440
358	4441
2026	4442
4190	4443
2391	4444
1325	4445
3196	4446
812	4447
273	4448
723	4449
5624	4450
1896	4451
2600	4452
363	4453
6457	4454
524	4455
7704	4456
9077	4457
3972	4458
4693	4459
8471	4460
2172	4461
4930	4462
5743	4463
5342	4464
4984	4465
8008	4466
2833	4467
3847	4468
6103	4469
3721	4470
2176	4471
5948	4472
534	4473
5968	4474
2585	4475
9241	4476
4321	4477
3509	4478
1166	4479
5896	4480
4499	4481
2754	4482
9654	4483
4783	4484
5542	4485
8000	4486
7907	4487
1806	4488
3304	4489
5989	4490
4430	4491
3774	4492
8753	4493
5170	4494
9494	4495
2994	4496
653	4497
5782	4498
5298	4499
459	4500
2076	4501
1042	4502
1483	4503
124	4504
2283	4505
1357	4506
8645	4507
5783	4508
8020	4509
7413	4510
9117	4511
9325	4512
3678	4513
5168	4514
5125	4515
3635	4516
1288	4517
5649	4518
4465	4519
2716	4520
8690	4521
7396	4522
2186	4523
1262	4524
791	4525
999	4526
3224	4527
7966	4528
9018	4529
6200	4530
4471	4531
6597	4532
2083	4533
2945	4534
4198	4535
1540	4536
4522	4537
9765	4538
6851	4539
5823	4540
619	4541
6958	4542
8849	4543
6878	4544
4256	4545
7895	4546
59	4547
5701	4548
4613	4549
751	4550
1092	4551
1068	4552
9001	4553
1925	4554
2822	4555
2604	4556
7323	4557
6530	4558
2965	4559
9160	4560
6606	4561
6453	4562
7738	4563
1006	4564
6817	4565
6068	4566
284	4567
2778	4568
4887	4569
1897	4570
4056	4571
29	4572
4569	4573
3420	4574
866	4575
3739	4576
5339	4577
1899	4578
9172	4579
2813	4580
6568	4581
5379	4582
7613	4583
6492	4584
7134	4585
108	4586
5152	4587
2706	4588
618	4589
9011	4590
8006	4591
1064	4592
7226	4593
3614	4594
6099	4595
9600	4596
4977	4597
6330	4598
9798	4599
5418	4600
1906	4601
7900	4602
5331	4603
1011	4604
2652	4605
8397	4606
8919	4607
3128	4608
5050	4609
7368	4610
486	4611
5435	4612
150	4613
1247	4614
9388	4615
3606	4616
3151	4617
1570	4618
7555	4619
6915	4620
3257	4621
3524	4622
6796	4623
5220	4624
7825	4625
2887	4626
3216	4627
9780	4628
7982	4629
2844	4630
3138	4631
9309	4632
2124	4633
7996	4634
3906	4635
8594	4636
4784	4637
4728	4638
6487	4639
4778	4640
6478	4641
8902	4642
602	4643
2206	4644
692	4645
7764	4646
2366	4647
4312	4648
4801	4649
8209	4650
5010	4651
9213	4652
7483	4653
8172	4654
4373	4655
535	4656
6316	4657
4361	4658
7951	4659
234	4660
7516	4661
7703	4662
3120	4663
3668	4664
5145	4665
3596	4666
3570	4667
2126	4668
5398	4669
9360	4670
2398	4671
4789	4672
5622	4673
6593	4674
8185	4675
9653	4676
8136	4677
5731	4678
3152	4679
2694	4680
1387	4681
2781	4682
8300	4683
3725	4684
7307	4685
9662	4686
5407	4687
6430	4688
7038	4689
6276	4690
9655	4691
4231	4692
9469	4693
4538	4694
2625	4695
4057	4696
4163	4697
4438	4698
4016	4699
6062	4700
955	4701
3929	4702
6049	4703
9010	4704
8015	4705
5583	4706
5020	4707
8280	4708
1813	4709
938	4710
3554	4711
4362	4712
9667	4713
3148	4714
2218	4715
519	4716
2180	4717
8201	4718
2169	4719
2892	4720
1490	4721
8037	4722
6364	4723
130	4724
6866	4725
151	4726
2148	4727
749	4728
4087	4729
6284	4730
9546	4731
4003	4732
3385	4733
9300	4734
5244	4735
3177	4736
9425	4737
8973	4738
4413	4739
14	4740
5806	4741
7575	4742
3549	4743
4707	4744
8206	4745
6331	4746
3851	4747
5422	4748
9563	4749
1965	4750
1255	4751
8592	4752
4832	4753
8207	4754
3058	4755
4380	4756
5895	4757
5052	4758
9603	4759
1341	4760
7238	4761
6268	4762
247	4763
1153	4764
6865	4765
5295	4766
2337	4767
2804	4768
8384	4769
9511	4770
8453	4771
5158	4772
6947	4773
2619	4774
4780	4775
9594	4776
3632	4777
5190	4778
7653	4779
9806	4780
1485	4781
151	4782
7309	4783
8493	4784
7912	4785
6308	4786
620	4787
1564	4788
6749	4789
8258	4790
509	4791
5681	4792
9513	4793
7544	4794
2433	4795
8051	4796
8927	4797
8449	4798
6888	4799
9404	4800
2477	4801
71	4802
4254	4803
2349	4804
5921	4805
6137	4806
3583	4807
3829	4808
540	4809
5078	4810
8057	4811
458	4812
6299	4813
9284	4814
8893	4815
5486	4816
5451	4817
1291	4818
6891	4819
6345	4820
4840	4821
7029	4822
5137	4823
165	4824
6214	4825
8899	4826
2765	4827
4548	4828
9537	4829
6561	4830
5799	4831
7521	4832
1240	4833
328	4834
8629	4835
1103	4836
5773	4837
7908	4838
1596	4839
9028	4840
131	4841
2074	4842
1614	4843
3790	4844
8120	4845
6302	4846
6674	4847
2133	4848
3755	4849
4394	4850
738	4851
7930	4852
3433	4853
213	4854
7434	4855
4239	4856
8371	4857
8420	4858
963	4859
9100	4860
761	4861
2471	4862
1186	4863
8553	4864
3290	4865
4576	4866
6712	4867
3109	4868
2949	4869
3101	4870
4585	4871
5046	4872
5829	4873
9278	4874
6104	4875
6064	4876
1394	4877
9811	4878
7752	4879
4758	4880
8216	4881
2799	4882
5714	4883
6411	4884
3010	4885
8023	4886
8119	4887
5296	4888
1173	4889
96	4890
4992	4891
2913	4892
1067	4893
2743	4894
7224	4895
5481	4896
5993	4897
4100	4898
8411	4899
6573	4900
2241	4901
9714	4902
1178	4903
7755	4904
166	4905
8610	4906
6156	4907
1321	4908
7102	4909
8896	4910
5432	4911
327	4912
729	4913
9745	4914
80	4915
2973	4916
6670	4917
1572	4918
6096	4919
8104	4920
8445	4921
83	4922
4368	4923
371	4924
902	4925
8803	4926
1191	4927
7670	4928
612	4929
7457	4930
703	4931
4570	4932
3666	4933
566	4934
528	4935
1491	4936
3672	4937
9060	4938
293	4939
2061	4940
6007	4941
4597	4942
5160	4943
5750	4944
1315	4945
3261	4946
7609	4947
2808	4948
410	4949
628	4950
7414	4951
7120	4952
5378	4953
8027	4954
3575	4955
6862	4956
9627	4957
9668	4958
8139	4959
4098	4960
1281	4961
6371	4962
6963	4963
1039	4964
8854	4965
3939	4966
3355	4967
128	4968
3566	4969
5643	4970
1420	4971
7170	4972
9111	4973
7896	4974
2214	4975
108	4976
8426	4977
3528	4978
4757	4979
7412	4980
4506	4981
6984	4982
3091	4983
1983	4984
5233	4985
2838	4986
2681	4987
1704	4988
4227	4989
5180	4990
39	4991
444	4992
3737	4993
7971	4994
7330	4995
15	4996
6777	4997
916	4998
5603	4999
6006	5000
1189	5001
5981	5002
6528	5003
9103	5004
2834	5005
7560	5006
1196	5007
1847	5008
3442	5009
6441	5010
4064	5011
9356	5012
4769	5013
6949	5014
6693	5015
6651	5016
7962	5017
1030	5018
1188	5019
5590	5020
1452	5021
1569	5022
4408	5023
93	5024
3118	5025
3085	5026
2351	5027
3825	5028
801	5029
3746	5030
57	5031
2728	5032
7551	5033
5915	5034
1593	5035
7717	5036
8846	5037
3968	5038
6466	5039
6423	5040
6810	5041
948	5042
402	5043
3167	5044
4034	5045
6924	5046
1340	5047
1123	5048
8521	5049
4021	5050
7343	5051
588	5052
1346	5053
7694	5054
484	5055
1165	5056
2139	5057
3421	5058
1327	5059
4995	5060
1266	5061
6775	5062
3081	5063
584	5064
7511	5065
135	5066
7554	5067
1616	5068
851	5069
6746	5070
3422	5071
9569	5072
5802	5073
1538	5074
9176	5075
5568	5076
8743	5077
4194	5078
5707	5079
1422	5080
9272	5081
4278	5082
1719	5083
8458	5084
6953	5085
2634	5086
8648	5087
8568	5088
3541	5089
361	5090
7121	5091
6825	5092
9089	5093
2131	5094
1149	5095
2865	5096
6311	5097
6503	5098
8403	5099
665	5100
7462	5101
9496	5102
5619	5103
6847	5104
9312	5105
8163	5106
7050	5107
2291	5108
8274	5109
6669	5110
8222	5111
5827	5112
6798	5113
638	5114
5917	5115
157	5116
6318	5117
6394	5118
677	5119
8523	5120
2353	5121
5762	5122
4954	5123
2636	5124
9611	5125
2673	5126
5173	5127
1113	5128
5359	5129
5172	5130
5424	5131
6384	5132
865	5133
3212	5134
6244	5135
3462	5136
2363	5137
2698	5138
960	5139
6143	5140
9446	5141
8531	5142
9587	5143
6208	5144
1347	5145
5324	5146
6339	5147
1831	5148
143	5149
1174	5150
7180	5151
129	5152
1034	5153
5480	5154
3207	5155
9092	5156
8351	5157
550	5158
8468	5159
5954	5160
2390	5161
7104	5162
2622	5163
947	5164
5431	5165
1324	5166
5722	5167
7418	5168
2455	5169
9766	5170
6631	5171
4205	5172
9693	5173
5912	5174
3863	5175
4686	5176
594	5177
4966	5178
3356	5179
9656	5180
9711	5181
6475	5182
1838	5183
8267	5184
3539	5185
7942	5186
1559	5187
8979	5188
6468	5189
8335	5190
3867	5191
9744	5192
6991	5193
1610	5194
4653	5195
1908	5196
2335	5197
450	5198
5299	5199
237	5200
909	5201
1589	5202
1163	5203
6992	5204
8674	5205
1	5206
1319	5207
4164	5208
2746	5209
1550	5210
9701	5211
4621	5212
3336	5213
1684	5214
8040	5215
2389	5216
6404	5217
3922	5218
8353	5219
2553	5220
157	5221
8123	5222
5304	5223
9031	5224
3233	5225
7477	5226
6889	5227
4488	5228
4781	5229
4972	5230
8692	5231
1469	5232
1784	5233
4985	5234
6930	5235
6931	5236
8876	5237
7634	5238
4770	5239
4460	5240
2288	5241
160	5242
6496	5243
1409	5244
1584	5245
7064	5246
2744	5247
1501	5248
1900	5249
605	5250
3283	5251
5985	5252
3332	5253
5660	5254
319	5255
5974	5256
3209	5257
4491	5258
9485	5259
8921	5260
4645	5261
3459	5262
8268	5263
2607	5264
9009	5265
5467	5266
4161	5267
3751	5268
8414	5269
3783	5270
6118	5271
3845	5272
9607	5273
6687	5274
8620	5275
7920	5276
4279	5277
3567	5278
452	5279
6727	5280
1031	5281
6809	5282
2108	5283
4109	5284
7415	5285
9226	5286
8783	5287
4083	5288
669	5289
3824	5290
1788	5291
56	5292
5310	5293
4101	5294
5224	5295
6802	5296
294	5297
8551	5298
5678	5299
7443	5300
2630	5301
6860	5302
33	5303
6938	5304
8547	5305
8390	5306
4503	5307
8910	5308
5790	5309
5664	5310
5935	5311
6529	5312
8113	5313
36	5314
5318	5315
5905	5316
5662	5317
191	5318
4484	5319
4377	5320
8446	5321
6846	5322
5376	5323
6424	5324
9385	5325
3254	5326
3996	5327
9138	5328
306	5329
1241	5330
9682	5331
5468	5332
287	5333
8771	5334
8603	5335
699	5336
2704	5337
2058	5338
7654	5339
422	5340
28	5341
1964	5342
347	5343
2044	5344
1890	5345
8092	5346
3204	5347
5914	5348
6458	5349
6902	5350
2643	5351
5454	5352
5332	5353
100	5354
3394	5355
1022	5356
9196	5357
5391	5358
424	5359
2119	5360
6719	5361
7250	5362
5634	5363
8265	5364
4549	5365
4252	5366
8366	5367
122	5368
4896	5369
436	5370
3149	5371
4694	5372
8025	5373
439	5374
3305	5375
5058	5376
8282	5377
1145	5378
1561	5379
9291	5380
3445	5381
9178	5382
4920	5383
1258	5384
8684	5385
518	5386
1140	5387
9034	5388
3730	5389
6273	5390
9342	5391
8558	5392
7945	5393
6207	5394
4244	5395
5907	5396
4469	5397
3162	5398
867	5399
1250	5400
639	5401
25	5402
8810	5403
189	5404
5781	5405
5720	5406
9552	5407
8294	5408
5004	5409
4889	5410
502	5411
7627	5412
8799	5413
9659	5414
8697	5415
9582	5416
4508	5417
6476	5418
3144	5419
8624	5420
5804	5421
148	5422
9480	5423
7423	5424
595	5425
3544	5426
93	5427
460	5428
5023	5429
4535	5430
7437	5431
196	5432
2661	5433
3227	5434
3131	5435
2809	5436
2486	5437
136	5438
6135	5439
126	5440
6277	5441
5675	5442
6792	5443
3649	5444
708	5445
8241	5446
3481	5447
53	5448
4314	5449
934	5450
85	5451
7449	5452
9129	5453
2418	5454
2343	5455
8469	5456
6397	5457
6769	5458
8639	5459
3720	5460
4830	5461
1414	5462
114	5463
3995	5464
7939	5465
6681	5466
7419	5467
336	5468
5703	5469
2407	5470
7488	5471
6525	5472
8183	5473
5033	5474
8852	5475
3634	5476
6201	5477
174	5478
8425	5479
8915	5480
681	5481
8292	5482
3413	5483
8438	5484
3124	5485
809	5486
6253	5487
8460	5488
939	5489
9564	5490
7757	5491
6116	5492
416	5493
4696	5494
8654	5495
6296	5496
6176	5497
9212	5498
2313	5499
414	5500
3202	5501
4513	5502
7421	5503
9292	5504
9538	5505
2651	5506
313	5507
2966	5508
7	5509
5852	5510
4467	5511
7183	5512
7772	5513
8703	5514
2	5515
2225	5516
9723	5517
8048	5518
2394	5519
6970	5520
2245	5521
2823	5522
853	5523
7027	5524
9247	5525
1205	5526
3624	5527
253	5528
944	5529
4858	5530
8561	5531
102	5532
5401	5533
3745	5534
5414	5535
597	5536
7645	5537
5437	5538
5850	5539
5630	5540
9217	5541
9412	5542
45	5543
2701	5544
9736	5545
7561	5546
6714	5547
5291	5548
1834	5549
8126	5550
5612	5551
449	5552
2998	5553
1787	5554
1311	5555
8812	5556
3084	5557
9390	5558
8459	5559
7444	5560
8494	5561
8981	5562
7993	5563
4337	5564
6024	5565
5347	5566
9721	5567
9082	5568
130	5569
4316	5570
8540	5571
6585	5572
1781	5573
3873	5574
6574	5575
4206	5576
895	5577
3779	5578
9705	5579
7823	5580
5182	5581
2907	5582
3412	5583
1551	5584
6159	5585
4829	5586
9541	5587
1010	5588
2342	5589
7241	5590
6479	5591
8872	5592
6881	5593
4615	5594
3483	5595
5679	5596
4150	5597
3844	5598
5610	5599
8951	5600
3676	5601
8030	5602
7233	5603
5654	5604
2771	5605
9661	5606
2683	5607
8922	5608
7974	5609
5581	5610
1385	5611
4575	5612
4339	5613
5366	5614
3696	5615
5673	5616
680	5617
2064	5618
27	5619
9182	5620
5188	5621
4426	5622
8785	5623
6728	5624
4348	5625
3926	5626
5978	5627
4962	5628
832	5629
8436	5630
3923	5631
2911	5632
3690	5633
218	5634
3310	5635
3909	5636
7617	5637
5761	5638
1829	5639
5439	5640
3074	5641
473	5642
8327	5643
9302	5644
2328	5645
8141	5646
7200	5647
3067	5648
6882	5649
3429	5650
4632	5651
585	5652
9514	5653
55	5654
340	5655
1157	5656
3611	5657
7589	5658
781	5659
4742	5660
3264	5661
2649	5662
37	5663
8295	5664
3340	5665
4880	5666
7659	5667
2166	5668
9281	5669
6320	5670
6220	5671
1338	5672
2821	5673
8339	5674
8616	5675
217	5676
99	5677
3143	5678
3240	5679
7312	5680
4550	5681
9722	5682
8479	5683
106	5684
8604	5685
8263	5686
9357	5687
4429	5688
2792	5689
8314	5690
697	5691
9762	5692
7060	5693
6566	5694
7835	5695
1674	5696
6260	5697
7983	5698
2858	5699
8967	5700
1877	5701
5479	5702
3629	5703
6978	5704
4594	5705
210	5706
6186	5707
1948	5708
8641	5709
4046	5710
8236	5711
112	5712
6188	5713
1666	5714
6523	5715
5794	5716
1257	5717
6986	5718
773	5719
7337	5720
8320	5721
6477	5722
5225	5723
224	5724
6005	5725
5222	5726
5817	5727
1952	5728
6473	5729
7635	5730
8253	5731
4752	5732
4571	5733
384	5734
7841	5735
3892	5736
8443	5737
2528	5738
3309	5739
7597	5740
3893	5741
4807	5742
1747	5743
3016	5744
8046	5745
2419	5746
9406	5747
120	5748
5650	5749
4020	5750
8773	5751
941	5752
9735	5753
3989	5754
9277	5755
1463	5756
9400	5757
1237	5758
4815	5759
2128	5760
2760	5761
5116	5762
1884	5763
5084	5764
3453	5765
497	5766
2663	5767
3041	5768
4219	5769
7950	5770
6229	5771
2031	5772
7735	5773
9815	5774
62	5775
5409	5776
5999	5777
6307	5778
8686	5779
1478	5780
9078	5781
2993	5782
4149	5783
1159	5784
4913	5785
4949	5786
3377	5787
8191	5788
4943	5789
2864	5790
6174	5791
4388	5792
1970	5793
7257	5794
6056	5795
7660	5796
5315	5797
9140	5798
2936	5799
8781	5800
3242	5801
6590	5802
3417	5803
3259	5804
7672	5805
5457	5806
9231	5807
8419	5808
4458	5809
4843	5810
2979	5811
9683	5812
6873	5813
8850	5814
4028	5815
4005	5816
2512	5817
1659	5818
9775	5819
6223	5820
1056	5821
8352	5822
6000	5823
5545	5824
221	5825
4557	5826
388	5827
4718	5828
4162	5829
4370	5830
1444	5831
6194	5832
7677	5833
5088	5834
8016	5835
1267	5836
2802	5837
2711	5838
1571	5839
226	5840
7730	5841
7482	5842
2151	5843
9104	5844
3899	5845
1434	5846
8664	5847
216	5848
9043	5849
5671	5850
3005	5851
2590	5852
4487	5853
2184	5854
7149	5855
6648	5856
2774	5857
3551	5858
3397	5859
7686	5860
4660	5861
968	5862
1384	5863
7879	5864
6100	5865
2756	5866
6941	5867
421	5868
7484	5869
5329	5870
7901	5871
6803	5872
7295	5873
4376	5874
8164	5875
3515	5876
124	5877
1013	5878
7790	5879
2685	5880
1041	5881
5997	5882
7643	5883
3467	5884
279	5885
9590	5886
495	5887
8121	5888
6360	5889
8065	5890
9424	5891
9508	5892
9493	5893
9479	5894
7344	5895
7931	5896
8847	5897
3280	5898
733	5899
5717	5900
4945	5901
8859	5902
6605	5903
3292	5904
6604	5905
9355	5906
1873	5907
8350	5908
9759	5909
5848	5910
8079	5911
456	5912
525	5913
3817	5914
9462	5915
9146	5916
4411	5917
4418	5918
7537	5919
3768	5920
7269	5921
7328	5922
6130	5923
5632	5924
1122	5925
7253	5926
7795	5927
116	5928
9398	5929
4671	5930
3656	5931
7905	5932
5605	5933
4364	5934
4939	5935
3681	5936
2805	5937
1283	5938
4668	5939
9037	5940
1055	5941
3979	5942
7036	5943
5741	5944
1141	5945
7340	5946
2440	5947
765	5948
2244	5949
5778	5950
8834	5951
6702	5952
5369	5953
6139	5954
3333	5955
6831	5956
4816	5957
2550	5958
232	5959
4568	5960
8600	5961
546	5962
7146	5963
2112	5964
5395	5965
5900	5966
9533	5967
5394	5968
3956	5969
1856	5970
9593	5971
6933	5972
9640	5973
9743	5974
4281	5975
5105	5976
1307	5977
76	5978
8323	5979
6776	5980
8767	5981
6646	5982
8186	5983
8181	5984
4247	5985
7785	5986
8667	5987
7424	5988
4563	5989
6591	5990
5031	5991
7098	5992
3880	5993
1932	5994
4624	5995
1594	5996
8386	5997
4402	5998
1146	5999
3405	6000
4127	6001
7448	6002
6757	6003
5770	6004
977	6005
146	6006
6147	6007
373	6008
1242	6009
2052	6010
4514	6011
8560	6012
5070	6013
9047	6014
4734	6015
4658	6016
9670	6017
7431	6018
4516	6019
5461	6020
7217	6021
2117	6022
1097	6023
778	6024
9008	6025
3670	6026
7582	6027
8715	6028
9222	6029
133	6030
3150	6031
1320	6032
137	6033
953	6034
462	6035
1743	6036
1047	6037
8731	6038
9651	6039
8483	6040
6089	6041
1285	6042
4628	6043
3657	6044
4143	6045
8442	6046
6536	6047
1049	6048
4423	6049
8940	6050
2741	6051
1658	6052
9389	6053
1379	6054
6540	6055
8145	6056
9064	6057
841	6058
397	6059
3057	6060
7006	6061
4450	6062
5496	6063
9334	6064
8240	6065
4647	6066
8405	6067
4607	6068
1975	6069
897	6070
2795	6071
7012	6072
3905	6073
2402	6074
2229	6075
6189	6076
987	6077
7500	6078
3644	6079
1537	6080
2708	6081
7572	6082
1012	6083
8541	6084
2092	6085
4210	6086
7270	6087
7502	6088
84	6089
5592	6090
7051	6091
1200	6092
113	6093
971	6094
4819	6095
5183	6096
5133	6097
37	6098
207	6099
5925	6100
5950	6101
3	6102
2003	6103
9558	6104
1686	6105
4796	6106
4298	6107
8593	6108
2189	6109
7676	6110
8911	6111
3199	6112
2540	6113
4867	6114
9660	6115
6990	6116
9228	6117
4224	6118
5067	6119
7846	6120
3538	6121
4071	6122
3071	6123
479	6124
7147	6125
1290	6126
5789	6127
6429	6128
5045	6129
3697	6130
7429	6131
6999	6132
1891	6133
102	6134
4878	6135
1624	6136
5303	6137
6572	6138
7718	6139
5803	6140
3949	6141
557	6142
6780	6143
6520	6144
3279	6145
5642	6146
542	6147
7517	6148
7533	6149
6564	6150
4269	6151
8081	6152
2678	6153
5430	6154
5087	6155
8920	6156
6166	6157
6126	6158
6105	6159
1411	6160
5949	6161
1125	6162
2629	6163
8306	6164
2624	6165
8668	6166
2168	6167
2156	6168
2105	6169
3535	6170
1709	6171
7519	6172
8529	6173
5735	6174
724	6175
7329	6176
87	6177
6293	6178
8112	6179
66	6180
9483	6181
2835	6182
7556	6183
527	6184
1672	6185
2311	6186
1597	6187
5154	6188
8673	6189
4923	6190
5843	6191
4155	6192
5904	6193
4222	6194
1927	6195
2707	6196
3368	6197
5903	6198
5079	6199
967	6200
9524	6201
2192	6202
4849	6203
9297	6204
1878	6205
4591	6206
182	6207
2396	6208
5795	6209
6197	6210
3316	6211
7869	6212
5867	6213
1089	6214
5	6215
2404	6216
3201	6217
1778	6218
5617	6219
2901	6220
1181	6221
714	6222
4474	6223
4498	6224
3709	6225
4177	6226
917	6227
3113	6228
2087	6229
8838	6230
8343	6231
117	6232
3986	6233
5613	6234
1386	6235
4274	6236
5104	6237
1104	6238
46	6239
5688	6240
4243	6241
1955	6242
4729	6243
394	6244
1607	6245
2243	6246
164	6247
4486	6248
5460	6249
6198	6250
5352	6251
1451	6252
7928	6253
7630	6254
1636	6255
7074	6256
8862	6257
7801	6258
6589	6259
7850	6260
5600	6261
155	6262
3938	6263
8427	6264
2662	6265
4839	6266
8214	6267
779	6268
7341	6269
350	6270
6448	6271
1833	6272
2304	6273
658	6274
2474	6275
4338	6276
8938	6277
4355	6278
7197	6279
357	6280
2250	6281
6361	6282
1435	6283
7535	6284
4561	6285
2096	6286
8601	6287
2935	6288
7485	6289
6922	6290
3157	6291
7507	6292
5243	6293
6042	6294
3915	6295
2791	6296
8647	6297
6830	6298
784	6299
3756	6300
5759	6301
3795	6302
6484	6303
70	6304
5209	6305
7520	6306
3321	6307
4633	6308
7925	6309
2684	6310
3888	6311
687	6312
4944	6313
169	6314
5354	6315
8800	6316
5459	6317
3374	6318
6427	6319
4170	6320
6417	6321
9740	6322
5606	6323
8184	6324
1929	6325
3553	6326
8516	6327
839	6328
6211	6329
3744	6330
2816	6331
3260	6332
5091	6333
4106	6334
9785	6335
2207	6336
3711	6337
1314	6338
3232	6339
6138	6340
7898	6341
281	6342
6030	6343
2631	6344
6532	6345
8038	6346
249	6347
6117	6348
4062	6349
202	6350
7652	6351
7110	6352
5482	6353
4111	6354
1930	6355
8211	6356
7356	6357
8106	6358
2132	6359
7956	6360
7740	6361
1507	6362
9136	6363
521	6364
6286	6365
2933	6366
6708	6367
1848	6368
8423	6369
3658	6370
1679	6371
7142	6372
9528	6373
3053	6374
5251	6375
979	6376
1204	6377
2265	6378
6886	6379
3762	6380
2517	6381
7711	6382
8814	6383
9268	6384
6029	6385
7947	6386
370	6387
5178	6388
4332	6389
7648	6390
6436	6391
5423	6392
3197	6393
6861	6394
3966	6395
7308	6396
4333	6397
5161	6398
7756	6399
3769	6400
1595	6401
3381	6402
7123	6403
9252	6404
2350	6405
6357	6406
7105	6407
8156	6408
3859	6409
3036	6410
6373	6411
1498	6412
2348	6413
581	6414
6403	6415
2355	6416
7691	6417
4687	6418
5550	6419
1497	6420
4730	6421
9287	6422
7113	6423
4711	6424
1460	6425
554	6426
7097	6427
8710	6428
6374	6429
3049	6430
8691	6431
7101	6432
7665	6433
3012	6434
2345	6435
4681	6436
5540	6437
9296	6438
7084	6439
7053	6440
4747	6441
9688	6442
7095	6443
3032	6444
9307	6445
1458	6446
3055	6447
4777	6448
5101	6449
1025	6450
9154	6451
5705	6452
7990	6453
6073	6454
2782	6455
1762	6456
7293	6457
5509	6458
1109	6459
9764	6460
1236	6461
8707	6462
9254	6463
614	6464
6315	6465
2964	6466
3398	6467
2705	6468
9343	6469
2567	6470
520	6471
9554	6472
3798	6473
8672	6474
7568	6475
5800	6476
1745	6477
3822	6478
1230	6479
1783	6480
7143	6481
1802	6482
9331	6483
2561	6484
3719	6485
7031	6486
7796	6487
6010	6488
2664	6489
5818	6490
6914	6491
48	6492
1206	6493
9657	6494
1941	6495
6295	6496
9689	6497
1100	6498
7349	6499
5419	6500
9332	6501
1852	6502
9150	6503
5163	6504
3612	6505
1733	6506
2080	6507
5552	6508
2560	6509
9352	6510
4689	6511
5122	6512
111	6513
7680	6514
2726	6515
629	6516
6555	6517
1736	6518
4296	6519
1698	6520
8434	6521
4306	6522
296	6523
1661	6524
5405	6525
3489	6526
5723	6527
6182	6528
8478	6529
6598	6530
3763	6531
378	6532
2702	6533
6426	6534
8534	6535
8635	6536
1413	6537
77	6538
3185	6539
1592	6540
1950	6541
5328	6542
4994	6543
7232	6544
170	6545
996	6546
4454	6547
7618	6548
7604	6549
2769	6550
5945	6551
9063	6552
7965	6553
5036	6554
2347	6555
858	6556
7937	6557
7678	6558
532	6559
6084	6560
2382	6561
9393	6562
1111	6563
6791	6564
7245	6565
2267	6566
7915	6567
2479	6568
9195	6569
768	6570
8765	6571
1853	6572
5979	6573
2110	6574
3573	6575
6254	6576
1800	6577
7658	6578
1221	6579
949	6580
3636	6581
5238	6582
2129	6583
8499	6584
5822	6585
5221	6586
4593	6587
6548	6588
314	6589
4327	6590
8404	6591
110	6592
3550	6593
48	6594
892	6595
4025	6596
9779	6597
3079	6598
7548	6599
6148	6600
3103	6601
5657	6602
7222	6603
8488	6604
3334	6605
3834	6606
7661	6607
4013	6608
3468	6609
6047	6610
4220	6611
1464	6612
6549	6613
800	6614
5464	6615
5259	6616
6442	6617
5490	6618
9470	6619
9595	6620
1500	6621
3189	6622
9225	6623
2154	6624
3816	6625
5853	6626
8473	6627
6623	6628
3582	6629
4113	6630
1591	6631
3622	6632
6514	6633
386	6634
162	6635
2468	6636
6234	6637
8440	6638
3293	6639
1635	6640
2054	6641
7430	6642
8548	6643
4273	6644
6434	6645
44	6646
8774	6647
766	6648
6001	6649
4257	6650
7911	6651
8941	6652
7594	6653
7964	6654
8212	6655
8276	6656
2882	6657
8365	6658
2752	6659
1544	6660
2758	6661
5064	6662
5796	6663
6767	6664
9340	6665
2930	6666
9387	6667
2657	6668
2790	6669
5535	6670
68	6671
9700	6672
523	6673
7326	6674
7284	6675
261	6676
7734	6677
9415	6678
7673	6679
8307	6680
2493	6681
927	6682
8064	6683
5959	6684
1966	6685
1935	6686
689	6687
4604	6688
3408	6689
5211	6690
3117	6691
496	6692
321	6693
3330	6694
1259	6695
211	6696
4187	6697
7225	6698
2094	6699
6421	6700
9133	6701
168	6702
8310	6703
5135	6704
8890	6705
9079	6706
1054	6707
2640	6708
4862	6709
9822	6710
5458	6711
4221	6712
1637	6713
9795	6714
5757	6715
8530	6716
8127	6717
56	6718
9179	6719
9267	6720
9335	6721
9757	6722
8798	6723
1223	6724
8078	6725
2669	6726
6123	6727
2301	6728
722	6729
5944	6730
7997	6731
6761	6732
5996	6733
2914	6734
4618	6735
5513	6736
7185	6737
1508	6738
7811	6739
9151	6740
4489	6741
4997	6742
9625	6743
6720	6744
372	6745
5692	6746
8552	6747
3962	6748
5273	6749
8424	6750
2674	6751
6346	6752
9710	6753
9338	6754
1303	6755
2269	6756
7770	6757
918	6758
2093	6759
193	6760
1717	6761
7856	6762
8763	6763
8786	6764
5880	6765
4530	6766
141	6767
103	6768
7860	6769
2469	6770
6184	6771
4271	6772
7068	6773
2972	6774
8151	6775
5134	6776
9557	6777
3289	6778
3698	6779
1139	6780
5598	6781
5628	6782
1176	6783
2428	6784
8958	6785
5870	6786
6940	6787
278	6788
5868	6789
1014	6790
3548	6791
7219	6792
9032	6793
4528	6794
3773	6795
6724	6796
8618	6797
3217	6798
6534	6799
6647	6800
9084	6801
8735	6802
368	6803
4886	6804
698	6805
2065	6806
5851	6807
2095	6808
4095	6809
5426	6810
6524	6811
5002	6812
1	6813
3581	6814
9107	6815
3776	6816
2306	6817
5614	6818
6191	6819
1254	6820
1883	6821
1043	6822
651	6823
4831	6824
8745	6825
8651	6826
7829	6827
8972	6828
2768	6829
2785	6830
2720	6831
5952	6832
7400	6833
2315	6834
3347	6835
8125	6836
5973	6837
7523	6838
1735	6839
6338	6840
2456	6841
4214	6842
3484	6843
9137	6844
1271	6845
81	6846
466	6847
4706	6848
9166	6849
7239	6850
8248	6851
831	6852
1128	6853
3833	6854
9198	6855
7300	6856
73	6857
9336	6858
1264	6859
1652	6860
7216	6861
7169	6862
3621	6863
6685	6864
5537	6865
1147	6866
1631	6867
2890	6868
7317	6869
9240	6870
8358	6871
5567	6872
6545	6873
7528	6874
1202	6875
5111	6876
9076	6877
517	6878
6668	6879
5175	6880
5620	6881
3127	6882
1086	6883
6026	6884
228	6885
7875	6886
2406	6887
3023	6888
324	6889
7114	6890
4204	6891
79	6892
7179	6893
3097	6894
848	6895
5386	6896
2856	6897
2825	6898
80	6899
7021	6900
6837	6901
7014	6902
5351	6903
2613	6904
6658	6905
3898	6906
9674	6907
2682	6908
1854	6909
5123	6910
5476	6911
7644	6912
6560	6913
1801	6914
1436	6915
4015	6916
9202	6917
4452	6918
4310	6919
3741	6920
6249	6921
6213	6922
7315	6923
8370	6924
4978	6925
3521	6926
9293	6927
3180	6928
937	6929
2271	6930
83	6931
4857	6932
7130	6933
4500	6934
1810	6935
3912	6936
8189	6937
9235	6938
7578	6939
1112	6940
5737	6941
5099	6942
3914	6943
7392	6944
718	6945
2266	6946
5241	6947
8885	6948
4861	6949
8149	6950
9443	6951
5718	6952
8889	6953
4547	6954
6559	6955
4122	6956
5348	6957
1555	6958
4410	6959
541	6960
4416	6961
54	6962
2107	6963
3814	6964
9630	6965
6162	6966
4282	6967
9246	6968
5082	6969
8074	6970
4473	6971
4768	6972
6838	6973
5621	6974
6280	6975
4294	6976
1091	6977
8995	6978
8966	6979
6622	6980
9753	6981
4180	6982
5274	6983
1682	6984
4369	6985
9174	6986
6087	6987
2308	6988
2123	6989
8766	6990
1790	6991
3291	6992
2114	6993
6314	6994
844	6995
2762	6996
7062	6997
514	6998
2586	6999
9159	7000
6954	7001
4572	7002
5830	7003
2188	7004
2279	7005
5502	7006
8158	7007
1640	7008
6210	7009
1044	7010
6362	7011
6695	7012
1278	7013
5549	7014
7275	7015
6196	7016
5202	7017
1650	7018
6971	7019
3687	7020
5293	7021
4656	7022
6040	7023
494	7024
6795	7025
5074	7026
4785	7027
9504	7028
7164	7029
6763	7030
5446	7031
3597	7032
8055	7033
6474	7034
461	7035
3335	7036
5062	7037
9144	7038
5008	7039
9430	7040
923	7041
8506	7042
6609	7043
675	7044
7666	7045
5719	7046
7786	7047
8943	7048
2861	7049
23	7050
5760	7051
1718	7052
3685	7053
6962	7054
2737	7055
209	7056
3688	7057
7202	7058
9021	7059
9439	7060
7737	7061
3246	7062
7342	7063
8407	7064
6155	7065
9770	7066
8599	7067
8968	7068
2611	7069
1742	7070
7739	7071
7141	7072
8150	7073
4019	7074
4366	7075
1377	7076
6640	7077
8723	7078
1845	7079
77	7080
1211	7081
4110	7082
101	7083
140	7084
6412	7085
3555	7086
3812	7087
2932	7088
2071	7089
8433	7090
3078	7091
6852	7092
7336	7093
1581	7094
6294	7095
8058	7096
1453	7097
896	7098
6748	7099
4308	7100
2495	7101
4959	7102
1574	7103
4672	7104
346	7105
61	7106
2408	7107
3729	7108
6904	7109
2048	7110
9035	7111
5462	7112
1958	7113
2036	7114
2505	7115
8996	7116
4688	7117
9461	7118
1746	7119
1226	7120
4287	7121
4827	7122
3153	7123
29	7124
4212	7125
3426	7126
912	7127
3523	7128
4357	7129
6506	7130
6501	7131
8462	7132
5655	7133
5682	7134
3830	7135
5916	7136
43	7137
220	7138
5466	7139
5893	7140
3388	7141
4466	7142
91	7143
8554	7144
4289	7145
125	7146
8160	7147
1936	7148
6008	7149
4965	7150
2336	7151
9373	7152
2670	7153
9025	7154
5365	7155
731	7156
4081	7157
5816	7158
3303	7159
8082	7160
2729	7161
9273	7162
5845	7163
6217	7164
4068	7165
3325	7166
8986	7167
92	7168
9171	7169
5768	7170
7671	7171
2905	7172
2312	7173
3969	7174
487	7175
7303	7176
5494	7177
4453	7178
5551	7179
7048	7180
6676	7181
5854	7182
8480	7183
2508	7184
5608	7185
2852	7186
231	7187
9793	7188
7725	7189
8393	7190
4888	7191
235	7192
3485	7193
8374	7194
8428	7195
6531	7196
8502	7197
6955	7198
1969	7199
6129	7200
1956	7201
6063	7202
4554	7203
5523	7204
2164	7205
6407	7206
1293	7207
9197	7208
3786	7209
6190	7210
7008	7211
771	7212
5877	7213
8005	7214
420	7215
5471	7216
1268	7217
8662	7218
5690	7219
2814	7220
8978	7221
922	7222
9407	7223
4493	7224
6603	7225
3239	7226
2179	7227
8383	7228
3571	7229
2084	7230
8124	7231
6594	7232
7839	7233
1886	7234
6793	7235
1942	7236
6036	7237
8517	7238
7201	7239
5127	7240
8368	7241
116	7242
8381	7243
5411	7244
8652	7245
9715	7246
8053	7247
2379	7248
6718	7249
5234	7250
7167	7251
8031	7252
5162	7253
978	7254
4531	7255
8168	7256
7885	7257
8589	7258
8936	7259
1078	7260
5499	7261
6158	7262
2025	7263
4472	7264
3054	7265
7255	7266
513	7267
4125	7268
747	7269
3530	7270
8758	7271
8063	7272
2228	7273
780	7274
118	7275
175	7276
2996	7277
9269	7278
138	7279
1882	7280
198	7281
2919	7282
5072	7283
7994	7284
1335	7285
3390	7286
155	7287
1554	7288
8724	7289
863	7290
3718	7291
4533	7292
2896	7293
7254	7294
3742	7295
9303	7296
9162	7297
4845	7298
3895	7299
3278	7300
2934	7301
2001	7302
2459	7303
6389	7304
50	7305
9467	7306
7489	7307
911	7308
3963	7309
1473	7310
3415	7311
5022	7312
7569	7313
4947	7314
8338	7315
2213	7316
351	7317
7198	7318
9397	7319
1558	7320
6671	7321
8894	7322
8689	7323
512	7324
4404	7325
3102	7326
8009	7327
4383	7328
8395	7329
4263	7330
7156	7331
3717	7332
1251	7333
3250	7334
7161	7335
8948	7336
6656	7337
8224	7338
6065	7339
2547	7340
4582	7341
3903	7342
9168	7343
8819	7344
1304	7345
7922	7346
914	7347
1219	7348
3835	7349
2593	7350
9173	7351
928	7352
3552	7353
474	7354
4622	7355
5406	7356
1992	7357
7872	7358
7191	7359
7411	7360
3712	7361
2676	7362
1823	7363
7325	7364
9429	7365
2869	7366
6323	7367
4798	7368
3792	7369
2940	7370
11	7371
6578	7372
6638	7373
428	7374
6209	7375
7979	7376
6946	7377
7626	7378
8545	7379
5115	7380
9684	7381
1912	7382
7614	7383
2846	7384
3591	7385
1489	7386
49	7387
1087	7388
9596	7389
8452	7390
4772	7391
7736	7392
4485	7393
3443	7394
7037	7395
1774	7396
6449	7397
7011	7398
919	7399
538	7400
31	7401
5998	7402
6079	7403
8961	7404
1768	7405
5393	7406
6636	7407
6445	7408
1824	7409
5819	7410
6122	7411
2818	7412
870	7413
7138	7414
3609	7415
90	7416
7260	7417
6247	7418
5301	7419
7464	7420
3840	7421
1492	7422
5167	7423
625	7424
1928	7425
4973	7426
1879	7427
2787	7428
2113	7429
7276	7430
5524	7431
1349	7432
4128	7433
2275	7434
3093	7435
641	7436
7977	7437
8210	7438
2111	7439
1761	7440
2011	7441
4661	7442
8004	7443
5644	7444
7311	7445
5000	7446
7145	7447
5055	7448
1162	7449
4217	7450
6700	7451
86	7452
6745	7453
2465	7454
5073	7455
711	7456
7496	7457
3579	7458
3723	7459
161	7460
4299	7461
6900	7462
4820	7463
423	7464
8928	7465
5263	7466
1868	7467
6136	7468
7455	7469
929	7470
5270	7471
208	7472
5361	7473
4764	7474
2692	7475
8527	7476
3811	7477
9544	7478
4982	7479
8089	7480
1301	7481
8713	7482
8900	7483
1996	7484
4018	7485
9669	7486
4160	7487
5878	7488
5440	7489
1310	7490
58	7491
627	7492
380	7493
9619	7494
9507	7495
9396	7496
1234	7497
3452	7498
4627	7499
1366	7500
7194	7501
7009	7502
2697	7503
1136	7504
1557	7505
8180	7506
8898	7507
4940	7508
3203	7509
233	7510
399	7511
926	7512
9134	7513
4866	7514
792	7515
4044	7516
5732	7517
907	7518
2548	7519
3287	7520
9738	7521
7296	7522
9164	7523
6050	7524
2900	7525
6489	7526
1284	7527
3882	7528
7913	7529
1362	7530
6871	7531
3525	7532
6910	7533
379	7534
2541	7535
9567	7536
353	7537
125	7538
3883	7539
7960	7540
7573	7541
8596	7542
7492	7543
9337	7544
3328	7545
8602	7546
4189	7547
3964	7548
1135	7549
5114	7550
5128	7551
1750	7552
5477	7553
4578	7554
4063	7555
4630	7556
3907	7557
4291	7558
8903	7559
8022	7560
6358	7561
2504	7562
6367	7563
1197	7564
3363	7565
3547	7566
5068	7567
7880	7568
2917	7569
5508	7570
7959	7571
6032	7572
9	7573
4986	7574
3176	7575
9550	7576
6072	7577
485	7578
3469	7579
2853	7580
903	7581
3988	7582
3891	7583
1343	7584
2125	7585
6890	7586
9108	7587
6870	7588
9161	7589
4494	7590
1477	7591
1021	7592
2090	7593
2453	7594
9731	7595
2163	7596
2286	7597
40	7598
255	7599
6388	7600
245	7601
5120	7602
2767	7603
4983	7604
7973	7605
5323	7606
9505	7607
6899	7608
6908	7609
7188	7610
1239	7611
5136	7612
8014	7613
9362	7614
1828	7615
2847	7616
1187	7617
3418	7618
6856	7619
47	7620
3976	7621
4029	7622
9478	7623
6762	7624
9734	7625
1940	7626
2137	7627
2414	7628
1017	7629
4041	7630
8804	7631
7789	7632
9495	7633
1909	7634
2642	7635
635	7636
135	7637
1724	7638
776	7639
8417	7640
6177	7641
1456	7642
7370	7643
7874	7644
9233	7645
5888	7646
1270	7647
9234	7648
8570	7649
4868	7650
171	7651
4112	7652
5885	7653
6849	7654
5647	7655
6120	7656
4476	7657
7366	7658
4619	7659
4158	7660
3460	7661
1079	7662
4265	7663
105	7664
5616	7665
5694	7666
970	7667
6091	7668
8906	7669
4662	7670
4544	7671
956	7672
616	7673
9789	7674
932	7675
6547	7676
188	7677
1107	7678
3115	7679
7298	7680
4275	7681
5674	7682
983	7683
1915	7684
7495	7685
5334	7686
1090	7687
3641	7688
5336	7689
3646	7690
65	7691
2454	7692
68	7693
82	7694
7212	7695
7753	7696
7981	7697
5164	7698
6262	7699
6743	7700
5403	7701
1937	7702
4058	7703
7669	7704
9466	7705
4551	7706
4428	7707
5229	7708
4272	7709
7353	7710
5441	7711
4567	7712
2013	7713
99	7714
401	7715
7583	7716
4584	7717
5934	7718
9069	7719
6281	7720
2399	7721
5117	7722
320	7723
4431	7724
7532	7725
6132	7726
4344	7727
4270	7728
9606	7729
195	7730
864	7731
8244	7732
4065	7733
2637	7734
878	7735
4181	7736
8029	7737
9308	7738
30	7739
3424	7740
4651	7741
3315	7742
6164	7743
3354	7744
455	7745
1651	7746
1960	7747
1051	7748
1024	7749
7598	7750
4047	7751
8246	7752
9423	7753
4881	7754
5536	7755
5338	7756
6965	7757
1816	7758
1129	7759
2739	7760
1171	7761
9545	7762
2387	7763
3139	7764
105	7765
383	7766
7266	7767
3018	7768
8536	7769
3586	7770
1185	7771
7129	7772
2868	7773
8908	7774
427	7775
50	7776
6467	7777
4925	7778
4262	7779
810	7780
6682	7781
936	7782
5057	7783
9152	7784
993	7785
2466	7786
5019	7787
8687	7788
8615	7789
10	7790
9266	7791
1393	7792
6348	7793
9648	7794
8985	7795
1372	7796
7590	7797
4505	7798
4000	7799
142	7800
8507	7801
1224	7802
7334	7803
8047	7804
8591	7805
8924	7806
4147	7807
3565	7808
7244	7809
5179	7810
14	7811
1632	7812
1361	7813
9365	7814
9370	7815
6703	7816
4664	7817
3576	7818
5181	7819
2995	7820
8399	7821
654	7822
7332	7823
2552	7824
4276	7825
8636	7826
8197	7827
1276	7828
4837	7829
3001	7830
8111	7831
4586	7832
6701	7833
1295	7834
3618	7835
1725	7836
7889	7837
7791	7838
2038	7839
562	7840
3881	7841
4691	7842
2551	7843
4094	7844
5886	7845
5383	7846
5864	7847
5670	7848
1841	7849
552	7850
7944	7851
732	7852
3218	7853
710	7854
3691	7855
3068	7856
8760	7857
4384	7858
6621	7859
1356	7860
8669	7861
5563	7862
3716	7863
374	7864
3514	7865
262	7866
5663	7867
9522	7868
6250	7869
6303	7870
5159	7871
5931	7872
5390	7873
8607	7874
7927	7875
6341	7876
2050	7877
8234	7878
6948	7879
7668	7880
2696	7881
3536	7882
5412	7883
6169	7884
5028	7885
1988	7886
9445	7887
3302	7888
7108	7889
3900	7890
6498	7891
6497	7892
4650	7893
7767	7894
1612	7895
6868	7896
2232	7897
4641	7898
2632	7899
4763	7900
3578	7901
3852	7902
1065	7903
2452	7904
2197	7905
475	7906
6183	7907
2735	7908
6563	7909
7698	7910
3060	7911
2635	7912
9124	7913
9649	7914
7132	7915
4400	7916
2689	7917
9183	7918
5416	7919
8752	7920
4483	7921
624	7922
9666	7923
7701	7924
1175	7925
8	7926
2323	7927
3470	7928
142	7929
3025	7930
5699	7931
6840	7932
4903	7933
7417	7934
4638	7935
79	7936
7667	7937
9181	7938
5811	7939
9036	7940
8513	7941
3503	7942
548	7943
3134	7944
6045	7945
7550	7946
4352	7947
7466	7948
6160	7949
7699	7950
3559	7951
6912	7952
7603	7953
5898	7954
1687	7955
9527	7956
5470	7957
6288	7958
6067	7959
5226	7960
7706	7961
3505	7962
4412	7963
8135	7964
6205	7965
1360	7966
3799	7967
7586	7968
9586	7969
3386	7970
4553	7971
4315	7972
7004	7973
4525	7974
9377	7975
989	7976
9054	7977
3341	7978
114	7979
972	7980
2556	7981
6827	7982
1256	7983
9664	7984
719	7985
266	7986
8177	7987
8204	7988
6705	7989
4166	7990
4096	7991
7313	7992
2144	7993
6113	7994
2928	7995
988	7996
2733	7997
9517	7998
7450	7999
8574	8000
8290	8001
1299	8002
924	8003
8937	8004
4141	8005
551	8006
7288	8007
1499	8008
8391	8009
3075	8010
8828	8011
2441	8012
5443	8013
2121	8014
6328	8015
2234	8016
5648	8017
5556	8018
8959	8019
8382	8020
3600	8021
7565	8022
2332	8023
6730	8024
964	8025
8990	8026
7016	8027
9185	8028
9698	8029
8450	8030
716	8031
1669	8032
4050	8033
4024	8034
6004	8035
2922	8036
799	8037
1753	8038
4391	8039
1213	8040
7059	8041
9637	8042
283	8043
7805	8044
8019	8045
5859	8046
1359	8047
3807	8048
626	8049
8060	8050
9499	8051
1431	8052
7409	8053
8514	8054
8012	8055
1212	8056
3466	8057
7754	8058
5216	8059
3463	8060
9732	8061
1917	8062
5815	8063
4957	8064
7958	8065
6996	8066
1715	8067
6667	8068
134	8069
5908	8070
2033	8071
9560	8072
2880	8073
5640	8074
7649	8075
7237	8076
9066	8077
980	8078
9510	8079
650	8080
7069	8081
6444	8082
8634	8083
1470	8084
6772	8085
707	8086
6739	8087
6393	8088
1428	8089
9132	8090
348	8091
1552	8092
1427	8093
5071	8094
9135	8095
2715	8096
1677	8097
9604	8098
5355	8099
9113	8100
3155	8101
3208	8102
5325	8103
3894	8104
8170	8105
8010	8106
7760	8107
2421	8108
2388	8109
4297	8110
1993	8111
1005	8112
1918	8113
8638	8114
1567	8115
6414	8116
5712	8117
7820	8118
5700	8119
544	8120
6225	8121
8138	8122
3407	8123
688	8124
7115	8125
6906	8126
6527	8127
9776	8128
8843	8129
7310	8130
4809	8131
5976	8132
3015	8133
1058	8134
830	8135
7112	8136
5890	8137
4617	8138
1835	8139
152	8140
7398	8141
6723	8142
9747	8143
4443	8144
6944	8145
2438	8146
246	8147
9119	8148
2216	8149
5571	8150
4791	8151
5538	8152
6034	8153
1933	8154
5953	8155
172	8156
9562	8157
4233	8158
8026	8159
1990	8160
95	8161
8840	8162
5053	8163
8062	8164
3877	8165
2317	8166
6291	8167
8486	8168
3014	8169
7032	8170
2859	8171
580	8172
890	8173
179	8174
663	8175
6770	8176
4683	8177
7636	8178
5491	8179
3474	8180
3777	8181
5472	8182
6355	8183
3994	8184
7384	8185
1201	8186
5260	8187
7917	8188
2200	8189
3590	8190
4078	8191
5473	8192
2883	8193
3529	8194
5456	8195
3647	8196
8296	8197
5153	8198
2938	8199
8100	8200
2410	8201
5370	8202
9190	8203
9322	8204
7357	8205
2077	8206
2106	8207
9361	8208
3645	8209
5512	8210
7837	8211
3714	8212
3389	8213
364	8214
5169	8215
7189	8216
67	8217
2067	8218
1986	8219
5709	8220
5265	8221
1670	8222
5218	8223
984	8224
8505	8225
3504	8226
260	8227
8056	8228
6236	8229
8835	8230
8470	8231
3598	8232
7751	8233
153	8234
5150	8235
5855	8236
6422	8237
5040	8238
2984	8239
2170	8240
5814	8241
3869	8242
5350	8243
4822	8244
4002	8245
7674	8246
4793	8247
5891	8248
6149	8249
4652	8250
8345	8251
4864	8252
3229	8253
1085	8254
5593	8255
9547	8256
3461	8257
3020	8258
7359	8259
6437	8260
4336	8261
4865	8262
20	8263
8318	8264
4317	8265
8283	8266
4497	8267
3534	8268
6918	8269
9376	8270
159	8271
808	8272
3077	8273
1282	8274
1161	8275
2010	8276
8729	8277
1576	8278
6481	8279
7333	8280
7494	8281
6150	8282
1622	8283
3494	8284
6721	8285
1934	8286
11	8287
4288	8288
441	8289
2443	8290
678	8291
957	8292
5837	8293
2898	8294
5292	8295
2789	8296
9123	8297
1430	8298
1170	8299
1415	8300
2024	8301
5227	8302
2633	8303
8500	8304
1300	8305
107	8306
7727	8307
7998	8308
4901	8309
144	8310
4477	8311
6336	8312
6145	8313
5402	8314
6450	8315
2968	8316
9184	8317
1703	8318
269	8319
8075	8320
4197	8321
885	8322
2039	8323
451	8324
3684	8325
3520	8326
8496	8327
7884	8328
9497	8329
6887	8330
4135	8331
5995	8332
7600	8333
3750	8334
4	8335
1124	8336
7777	8337
2205	8338
1183	8339
5247	8340
5051	8341
4032	8342
7543	8343
9716	8344
4118	8345
4542	8346
2365	8347
8284	8348
4040	8349
7135	8350
9410	8351
4409	8352
757	8353
8049	8354
5375	8355
3674	8356
8945	8357
813	8358
5861	8359
8	8360
9002	8361
5932	8362
1169	8363
9216	8364
446	8365
7380	8366
1337	8367
9641	8368
3533	8369
745	8370
1344	8371
3186	8372
5146	8373
8640	8374
613	8375
9456	8376
590	8377
9374	8378
7017	8379
3615	8380
6490	8381
4893	8382
9449	8383
1168	8384
6447	8385
8657	8386
8247	8387
9012	8388
4436	8389
7542	8390
894	8391
7955	8392
1406	8393
6256	8394
2371	8395
9450	8396
6090	8397
4974	8398
7234	8399
5306	8400
587	8401
7100	8402
147	8403
3425	8404
143	8405
6482	8406
2089	8407
4976	8408
6167	8409
8935	8410
5131	8411
2797	8412
1514	8413
5271	8414
1037	8415
9022	8416
2101	8417
9685	8418
6405	8419
8133	8420
925	8421
13	8422
8768	8423
6053	8424
1457	8425
6613	8426
1989	8427
4666	8428
3296	8429
1968	8430
2581	8431
4293	8432
2545	8433
8421	8434
8347	8435
4447	8436
442	8437
5680	8438
4588	8439
9301	8440
7819	8441
7883	8442
480	8443
1981	8444
7657	8445
7963	8446
8018	8447
8683	8448
3542	8449
8068	8450
9790	8451
1215	8452
7902	8453
7287	8454
4931	8455
4952	8456
1312	8457
6552	8458
5197	8459
1080	8460
9383	8461
8612	8462
3616	8463
5565	8464
6877	8465
5333	8466
5186	8467
248	8468
1840	8469
6600	8470
4926	8471
1732	8472
9819	8473
8693	8474
9696	8475
3653	8476
1902	8477
5980	8478
8039	8479
1448	8480
81	8481
4326	8482
3496	8483
7534	8484
3061	8485
5255	8486
5693	8487
8744	8488
4726	8489
9687	8490
9344	8491
8154	8492
2127	8493
7052	8494
7778	8495
1273	8496
3126	8497
6017	8498
2420	8499
6939	8500
7576	8501
4445	8502
2985	8503
5410	8504
4168	8505
5201	8506
7367	8507
9220	8508
7015	8509
161	8510
225	8511
9782	8512
4559	8513
3735	8514
2416	8515
7090	8516
4746	8517
5511	8518
852	8519
981	8520
9434	8521
4470	8522
1734	8523
1776	8524
3033	8525
4767	8526
3608	8527
4069	8528
908	8529
5842	8530
3997	8531
2392	8532
5215	8533
4860	8534
7171	8535
4721	8536
4378	8537
7354	8538
8289	8539
6075	8540
1972	8541
6310	8542
7849	8543
1539	8544
400	8545
7824	8546
9053	8547
1907	8548
165	8549
8028	8550
4026	8551
4545	8552
7827	8553
3235	8554
3431	8555
6575	8556
3545	8557
1974	8558
2826	8559
3748	8560
23	8561
4102	8562
8573	8563
1808	8564
6020	8565
6142	8566
8315	8567
103	8568
2383	8569
9200	8570
3933	8571
9663	8572
9474	8573
1292	8574
390	8575
774	8576
4663	8577
9095	8578
3476	8579
5421	8580
503	8581
6732	8582
5988	8583
257	8584
6202	8585
1246	8586
3961	8587
3710	8588
1154	8589
25	8590
1402	8591
4714	8592
2976	8593
7280	8594
305	8595
7508	8596
2109	8597
184	8598
5054	8599
3577	8600
8167	8601
6495	8602
1048	8603
8539	8604
3974	8605
8585	8606
715	8607
5262	8608
3531	8609
8340	8610
4950	8611
7588	8612
3980	8613
2881	8614
1245	8615
2194	8616
5933	8617
728	8618
9730	8619
7851	8620
6279	8621
835	8622
1748	8623
1752	8624
823	8625
1763	8626
1767	8627
1771	8628
843	8629
1777	8630
837	8631
1793	8632
846	8633
1803	8634
1811	8635
859	8636
6261	8637
8858	8638
6505	8639
5874	8640
4979	8641
7040	8642
5108	8643
3410	8644
7961	8645
5653	8646
9142	8647
8632	8648
2967	8649
6635	8650
6456	8651
149	8652
7372	8653
7854	8654
9186	8655
412	8656
857	8657
1002	8658
9605	8659
3625	8660
762	8661
3749	8662
9617	8663
8820	8664
2079	8665
8702	8666
1454	8667
9639	8668
2190	8669
1475	8670
1035	8671
6607	8672
8623	8673
8098	8674
9224	8675
2925	8676
5919	8677
9030	8678
9093	8679
38	8680
9005	8681
4433	8682
3345	8683
5203	8684
4053	8685
40	8686
2099	8687
3665	8688
3642	8689
9531	8690
5967	8691
6752	8692
7103	8693
6641	8694
5447	8695
6274	8696
5047	8697
679	8698
7364	8699
742	8700
9265	8701
8392	8702
8199	8703
1527	8704
9414	8705
8045	8706
2030	8707
5096	8708
6857	8709
2212	8710
8412	8711
3163	8712
9347	8713
2142	8714
8007	8715
9784	8716
4504	8717
7230	8718
700	8719
6387	8720
6222	8721
1028	8722
2018	8723
8101	8724
3447	8725
9548	8726
3572	8727
7705	8728
429	8729
5385	8730
1083	8731
755	8732
1018	8733
5151	8734
7151	8735
19	8736
879	8737
9149	8738
7836	8739
3488	8740
6596	8741
3116	8742
7229	8743
3052	8744
4036	8745
775	8746
3861	8747
7039	8748
7731	8749
7491	8750
8759	8751
149	8752
4449	8753
7459	8754
7580	8755
913	8756
9746	8757
4266	8758
8255	8759
4818	8760
8431	8761
622	8762
91	8763
5269	8764
5313	8765
9368	8766
160	8767
1398	8768
1096	8769
8077	8770
6937	8771
7514	8772
8324	8773
1700	8774
2191	8775
5442	8776
3828	8777
5041	8778
5738	8779
1339	8780
5027	8781
1000	8782
7771	8783
3444	8784
7499	8785
3164	8786
3342	8787
6385	8788
4322	8789
6755	8790
2276	8791
3782	8792
3038	8793
4055	8794
369	8795
4124	8796
3652	8797
3787	8798
2725	8799
8348	8800
1769	8801
8227	8802
2043	8803
2562	8804
2518	8805
847	8806
6039	8807
8588	8808
7747	8809
6066	8810
2555	8811
7026	8812
2740	8813
3770	8814
8153	8815
8225	8816
8892	8817
5185	8818
935	8819
3599	8820
3095	8821
1057	8822
3788	8823
2873	8824
5356	8825
9492	8826
6168	8827
6859	8828
6157	8829
8826	8830
7369	8831
7297	8832
3358	8833
4213	8834
5095	8835
5126	8836
4208	8837
47	8838
4386	8839
156	8840
7376	8841
6228	8842
3884	8843
3301	8844
4340	8845
3862	8846
6283	8847
6898	8848
705	8849
7082	8850
1363	8851
7155	8852
1549	8853
5889	8854
8833	8855
6519	8856
5517	8857
3009	8858
7515	8859
3985	8860
1525	8861
8730	8862
4145	8863
1115	8864
4253	8865
101	8866
236	8867
5924	8868
8087	8869
7476	8870
9427	8871
9194	8872
123	8873
2393	8874
5577	8875
7527	8876
6431	8877
1214	8878
5515	8879
9015	8880
7137	8881
4157	8882
1726	8883
1193	8884
2247	8885
1110	8886
6839	8887
4434	8888
3838	8889
5107	8890
4673	8891
7204	8892
9614	8893
5396	8894
1059	8895
5373	8896
1967	8897
6660	8898
5711	8899
6773	8900
2955	8901
4277	8902
1710	8903
1976	8904
1355	8905
2783	8906
6565	8907
185	8908
4108	8909
6019	8910
3942	8911
121	8912
2610	8913
2608	8914
5911	8915
8228	8916
9210	8917
44	8918
7817	8919
5469	8920
7867	8921
5725	8922
4030	8923
7140	8924
2467	8925
7832	8926
570	8927
1683	8928
6654	8929
3917	8930
9703	8931
7085	8932
7173	8933
4319	8934
2130	8935
2292	8936
4716	8937
6413	8938
2779	8939
2990	8940
8562	8941
117	8942
3223	8943
4313	8944
4241	8945
910	8946
4104	8947
2658	8948
66	8949
5018	8950
1910	8951
3478	8952
5787	8953
5213	8954
6192	8955
5883	8956
7612	8957
8482	8958
5345	8959
961	8960
4990	8961
6349	8962
5399	8963
1076	8964
8625	8965
2282	8966
3731	8967
1235	8968
4009	8969
2161	8970
838	8971
42	8972
215	8973
9206	8974
1106	8975
6140	8976
5963	8977
8734	8978
4341	8979
3500	8980
5223	8981
2601	8982
5742	8983
3262	8984
694	8985
6804	8986
931	8987
4921	8988
8621	8989
7512	8990
463	8991
7596	8992
3580	8993
7247	8994
9532	8995
1785	8996
1779	8997
5249	8998
975	8999
6101	9000
3987	9001
8963	9002
5548	9003
6826	9004
381	9005
2867	9006
1532	9007
4137	9008
7887	9009
8559	9010
9727	9011
6753	9012
8984	9013
1690	9014
4209	9015
4704	9016
8152	9017
6098	9018
2713	9019
3945	9020
468	9021
392	9022
1711	9023
58	9024
5130	9025
2623	9026
6783	9027
7864	9028
7044	9029
995	9030
2059	9031
8675	9032
2063	9033
1144	9034
8321	9035
806	9036
8512	9037
5362	9038
3193	9039
990	9040
6710	9041
6842	9042
4988	9043
8750	9044
4909	9045
8825	9046
2712	9047
7504	9048
8054	9049
19	9050
9589	9051
8270	9052
3993	9053
1244	9054
3694	9055
4708	9056
7873	9057
2227	9058
7020	9059
642	9060
2871	9061
317	9062
4987	9063
6347	9064
7707	9065
1862	9066
7387	9067
6663	9068
3623	9069
5847	9070
8777	9071
6013	9072
7685	9073
331	9074
7969	9075
6483	9076
7776	9077
6051	9078
4116	9079
304	9080
395	9081
869	9082
6665	9083
9786	9084
9128	9085
1792	9086
156	9087
3479	9088
9	9089
9588	9090
8108	9091
3234	9092
169	9093
5450	9094
5828	9095
8665	9096
3473	9097
3815	9098
3810	9099
7049	9100
5294	9101
267	9102
7335	9103
7539	9104
1405	9105
9191	9106
5132	9107
26	9108
5531	9109
6907	9110
1070	9111
3497	9112
8816	9113
5285	9114
3076	9115
1426	9116
382	9117
4175	9118
8764	9119
111	9120
9261	9121
6952	9122
6306	9123
8576	9124
9573	9125
4121	9126
6662	9127
5752	9128
3870	9129
5487	9130
5646	9131
1926	9132
8235	9133
7719	9134
5149	9135
6909	9136
5872	9137
2368	9138
7741	9139
9105	9140
2002	9141
2569	9142
1482	9143
2570	9144
2571	9145
3089	9146
8362	9147
5308	9148
9498	9149
9810	9150
637	9151
1072	9152
1924	9153
6595	9154
1098	9155
1510	9156
65	9157
9109	9158
7503	9159
6811	9160
966	9161
6794	9162
3532	9163
3277	9164
5465	9165
9169	9166
2230	9167
6653	9168
861	9169
4248	9170
3435	9171
1184	9172
4302	9173
7479	9174
4808	9175
2775	9176
4512	9177
3295	9178
7924	9179
4823	9180
789	9181
8510	9182
4580	9183
709	9184
6257	9185
8269	9186
5316	9187
645	9188
6185	9189
1903	9190
2072	9191
8490	9192
16	9193
7903	9194
7118	9195
7650	9196
4631	9197
4048	9198
6462	9199
1371	9200
1885	9201
8904	9202
6313	9203
6832	9204
8580	9205
1984	9206
4284	9207
3732	9208
4059	9209
6581	9210
6756	9211
8712	9212
6608	9213
8769	9214
419	9215
8090	9216
4712	9217
7390	9218
6657	9219
3472	9220
2447	9221
1253	9222
3499	9223
6960	9224
1641	9225
7640	9226
8333	9227
4802	9228
9720	9229
6058	9230
930	9231
9754	9232
387	9233
303	9234
8630	9235
214	9236
6754	9237
17	9238
5498	9239
2141	9240
8582	9241
6500	9242
5495	9243
5118	9244
69	9245
55	9246
2403	9247
3557	9248
9760	9249
154	9250
5142	9251
6321	9252
8299	9253
6807	9254
2264	9255
177	9256
1560	9257
4215	9258
2091	9259
5193	9260
1494	9261
2022	9262
7452	9263
572	9264
6309	9265
6011	9266
9057	9267
7463	9268
9440	9269
4084	9270
8609	9271
6689	9272
4464	9273
8187	9274
2327	9275
9624	9276
277	9277
3249	9278
3911	9279
152	9280
2069	9281
1860	9282
8162	9283
49	9284
3166	9285
3195	9286
230	9287
1999	9288
6131	9289
3069	9290
2439	9291
2019	9292
9490	9293
6353	9294
5109	9295
167	9296
7054	9297
1208	9298
301	9299
5280	9300
994	9301
2750	9302
5504	9303
1821	9304
6232	9305
7611	9306
9153	9307
1857	9308
4890	9309
5092	9310
7063	9311
7432	9312
2364	9313
1131	9314
8264	9315
601	9316
1741	9317
2521	9318
8569	9319
904	9320
8122	9321
5637	9322
8451	9323
9258	9324
2386	9325
954	9326
7158	9327
8555	9328
9816	9329
4093	9330
9704	9331
8144	9332
3627	9333
5042	9334
2181	9335
6335	9336
1611	9337
3028	9338
2122	9339
756	9340
92	9341
5314	9342
2431	9343
3950	9344
4596	9345
2977	9346
7559	9347
1126	9348
7899	9349
241	9350
2753	9351
5048	9352
6836	9353
7972	9354
8606	9355
4844	9356
1979	9357
2997	9358
9713	9359
4052	9360
3087	9361
9380	9362
3813	9363
656	9364
644	9365
7374	9366
5899	9367
1681	9368
515	9369
6943	9370
9085	9371
6074	9372
4179	9373
1233	9374
2943	9375
5021	9376
7926	9377
8738	9378
204	9379
5089	9380
1132	9381
1077	9382
6521	9383
664	9384
6451	9385
1654	9386
9623	9387
3329	9388
3370	9389
2612	9390
1626	9391
7859	9392
3569	9393
7111	9394
8429	9395
4374	9396
8844	9397
107	9398
3648	9399
5309	9400
4345	9401
5543	9402
4073	9403
1939	9404
9418	9405
3387	9406
5257	9407
3650	9408
8704	9409
3703	9410
3682	9411
9048	9412
2761	9413
8732	9414
3887	9415
6204	9416
3021	9417
46	9418
4719	9419
1119	9420
8377	9421
6021	9422
2300	9423
325	9424
1148	9425
359	9426
6758	9427
4228	9428
8422	9429
6461	9430
693	9431
998	9432
2434	9433
9193	9434
3560	9435
3540	9436
2666	9437
8511	9438
9294	9439
4382	9440
872	9441
8067	9442
3339	9443
5744	9444
8260	9445
8035	9446
3568	9447
4037	9448
1642	9449
2693	9450
9087	9451
2538	9452
7695	9453
6806	9454
6815	9455
8088	9456
7688	9457
4495	9458
1407	9459
8878	9460
3094	9461
3660	9462
5631	9463
2480	9464
30	9465
2060	9466
8519	9467
9756	9468
337	9469
7842	9470
343	9471
2183	9472
6546	9473
4899	9474
6951	9475
7524	9476
6994	9477
9486	9478
3764	9479
4679	9480
2675	9481
1120	9482
4359	9483
9121	9484
2195	9485
2496	9486
104	9487
7803	9488
4397	9489
7897	9490
3251	9491
3990	9492
9583	9493
5397	9494
8543	9495
13	9496
3043	9497
5826	9498
9553	9499
4006	9500
3827	9501
5836	9502
2476	9503
7690	9504
6759	9505
3677	9506
7475	9507
2281	9508
41	9509
2878	9510
2850	9511
6742	9512
1138	9513
4700	9514
8249	9515
9317	9516
7936	9517
5740	9518
8257	9519
2951	9520
2537	9521
1263	9522
6706	9523
3372	9524
2638	9525
1839	9526
9575	9527
2912	9528
1530	9529
4556	9530
8508	9531
5821	9532
6195	9533
6515	9534
4971	9535
2149	9536
4969	9537
9809	9538
3754	9539
3595	9540
5264	9541
8230	9542
3376	9543
3156	9544
6790	9545
7750	9546
3319	9547
9526	9548
2417	9549
4648	9550
4674	9551
1895	9552
6470	9553
4119	9554
8874	9555
2730	9556
4	9557
8633	9558
5518	9559
1579	9560
3119	9561
1904	9562
8813	9563
5372	9564
8041	9565
696	9566
9251	9567
6835	9568
3066	9569
9203	9570
9101	9571
9690	9572
3886	9573
5983	9574
4185	9575
646	9576
8736	9577
3766	9578
2310	9579
362	9580
2849	9581
7980	9582
5100	9583
78	9584
5290	9585
9304	9586
7624	9587
2370	9588
5676	9589
4908	9590
2770	9591
7166	9592
5635	9593
5371	9594
4520	9595
3913	9596
1275	9597
6161	9598
7615	9599
1855	9600
2235	9601
1531	9602
7888	9603
4824	9604
7545	9605
7637	9606
7758	9607
4953	9608
9702	9609
9339	9610
9290	9611
1728	9612
4153	9613
4351	9614
4625	9615
3689	9616
8711	9617
7546	9618
1765	9619
7428	9620
685	9621
6901	9622
8447	9623
2827	9624
6696	9625
9719	9626
54	9627
8528	9628
9157	9629
5080	9630
6242	9631
8875	9632
8546	9633
6729	9634
2893	9635
7019	9636
3849	9637
5943	9638
2333	9639
5	9640
3594	9641
5570	9642
6893	9643
7616	9644
6272	9645
6121	9646
7975	9647
8754	9648
8801	9649
4054	9650
9551	9651
4350	9652
1991	9653
9796	9654
9585	9655
6057	9656
3099	9657
8695	9658
7279	9659
4365	9660
4884	9661
8605	9662
9676	9663
6031	9664
9602	9665
6854	9666
6945	9667
3307	9668
9075	9669
8193	9670
5500	9671
4885	9672
5187	9673
8361	9674
906	9675
2812	9676
7456	9677
4387	9678
3919	9679
5205	9680
2324	9681
9333	9682
1099	9683
2989	9684
6438	9685
561	9686
7779	9687
2334	9688
875	9689
7526	9690
5171	9691
5230	9692
445	9693
6774	9694
5452	9695
7552	9696
8761	9697
6716	9698
2531	9699
1905	9700
9787	9701
8991	9702
9091	9703
2085	9704
2748	9705
4912	9706
5639	9707
5801	9708
6406	9709
1563	9710
4605	9711
5667	9712
2854	9713
3161	9714
3129	9715
2909	9716
8992	9717
8309	9718
9205	9719
5510	9720
7184	9721
5415	9722
8726	9723
6271	9724
2786	9725
2722	9726
9286	9727
6553	9728
1177	9729
9808	9730
9647	9731
6678	9732
3832	9733
2231	9734
197	9735
1664	9736
1837	9737
1998	9738
2445	9739
7647	9740
6517	9741
8977	9742
2614	9743
8925	9744
1892	9745
5860	9746
8848	9747
976	9748
2429	9749
1029	9750
5528	9751
3369	9752
7362	9753
5596	9754
4842	9755
9432	9756
3512	9757
3092	9758
9242	9759
9447	9760
5204	9761
6076	9762
75	9763
1050	9764
1158	9765
1137	9766
22	9767
5012	9768
263	9769
1613	9770
7861	9771
7228	9772
6097	9773
9431	9774
3706	9775
3458	9776
6736	9777
5569	9778
1599	9779
1358	9780
7788	9781
1408	9782
6325	9783
9601	9784
8994	9785
2221	9786
2158	9787
9802	9788
6624	9789
702	9790
3135	9791
2991	9792
9650	9793
9465	9794
1707	9795
1342	9796
5833	9797
8413	9798
70	9799
4620	9800
2027	9801
1395	9802
3086	9803
5200	9804
4492	9805
6233	9806
4342	9807
2098	9808
7075	9809
1830	9810
7806	9811
4951	9812
1889	9813
6988	9814
5942	9815
396	9816
2201	9817
8435	9818
1036	9819
2289	9820
1980	9821
9086	9822
1287	9823
8549	9824
6454	9825
7258	9826
4061	9827
4076	9828
9192	9829
958	9830
6327	9831
9143	9832
8266	9833
9038	9834
9131	9835
6822	9836
5882	9837
344	9838
2240	9839
4107	9840
3855	9841
2820	9842
6929	9843
8179	9844
4639	9845
6632	9846
7857	9847
2284	9848
3267	9849
9428	9850
4560	9851
5734	9852
147	9853
2988	9854
9772	9855
8796	9856
1775	9857
4173	9858
1336	9859
840	9860
9791	9861
3747	9862
8467	9863
5894	9864
5106	9865
6725	9866
5519	9867
8409	9868
7033	9869
5404	9870
1391	9871
2167	9872
8394	9873
4756	9874
4602	9875
2763	9876
6717	9877
403	9878
8613	9879
8824	9880
5897	9881
251	9882
8895	9883
9615	9884
2876	9885
74	9886
3172	9887
9769	9888
6319	9889
5400	9890
4606	9891
7486	9892
7529	9893
7792	9894
9777	9895
2023	9896
2397	9897
3904	9898
5923	9899
18	9900
322	9901
491	9902
3002	9903
6378	9904
258	9905
4446	9906
7852	9907
356	9908
8032	9909
9033	9910
1740	9911
8083	9912
1864	9913
901	9914
3244	9915
8590	9916
8003	9917
6059	9918
4123	9919
5357	9920
5219	9921
611	9922
712	9923
4176	9924
8949	9925
3860	9926
8965	9927
8492	9928
2667	9929
8034	9930
617	9931
6923	9932
4482	9933
7243	9934
4459	9935
8557	9936
1222	9937
9299	9938
5358	9939
153	9940
1583	9941
8976	9942
5086	9943
662	9944
5627	9945
4007	9946
3121	9947
9458	9948
4637	9949
8661	9950
9351	9951
7656	9952
6172	9953
1714	9954
5977	9955
115	9956
4577	9957
6925	9958
4463	9959
7324	9960
89	9961
3471	9962
6526	9963
5017	9964
5739	9965
8355	9966
1419	9967
7267	9968
539	9969
60	9970
4740	9971
6380	9972
6460	9973
3236	9974
2295	9975
7407	9976
921	9977
1545	9978
4051	9979
8308	9980
887	9981
4766	9982
4	9983
5302	9984
95	9985
7862	9986
113	9987
691	9988
2146	9989
8322	9990
345	9991
4200	9992
579	9993
1331	9994
24	9995
6980	9996
2478	9997
286	9998
3589	9999
8416	10000
