101	890	9	20.7
101	1042	4	4.15
164	241	5	35.27
101	2385	3	6.02
225	114	17	114
2145	12	4	9.28
107	4878	3	24.03
1925	12	5	13.01
109	214	28	189.24
101	5630	3	11.52
2414	14	3	8.12
102	254	8	12.24
102	202	54	268.09
101	2067	3	5.3
101	5427	3	11.52
710	106	3	8.72
210	12	37	80.34
182	339	4	31.65
1364	464	5	67.7
101	2488	5	16.31
1396	103	14	116.29
12	1840	10	52.22
456	14	9	15.46
481	152	3	21.32
145	21	3	7.17
2566	348	8	133.74
2834	101	3	6.9
226	197	3	19.87
109	906	3	15.03
117	102	20	4.93
104	588	3	6.3
999	102	5	15.44
101	2942	5	18.37
140	106	7	5.48
816	1	23	278.36
967	116	3	19.67
577	207	3	26.33
253	14	10	9.42
2481	12	6	22.64
101	7565	3	15.87
12	2799	3	6.71
102	2254	7	41.82
7405	16	3	31.01
101	3918	4	16.3
12	413	7	4.04
137	101	41	23.36
12	6422	3	15.66
101	6143	3	15.87
101	4105	3	9.43
762	160	3	24.77
465	480	7	84.86
151	14	15	4.29
2503	159	4	45.93
106	1577	3	13.5
356	12	11	11.41
103	360	6	15.22
253	1119	4	45.13
121	14	46	24.88
117	418	3	14.97
158	634	3	23.45
239	101	23	35.74
101	2747	4	12.04
104	331	7	18.75
101	482	12	20.54
106	261	6	14.76
101	438	24	75.51
102	8112	3	21.96
926	101	8	17.17
1324	120	6	54.03
1376	12	5	9.23
114	182	4	12.32
1663	108	3	17.49
122	1194	4	31.18
12	205	92	469.98
104	1461	4	17.78
12	325	10	6.93
13	1287	4	25.32
115	203	4	13.79
12	3130	5	20.85
108	2494	3	19.76
459	16	3	10.42
106	1236	4	18.58
124	111	11	29.83
773	700	21	381.47
1400	194	3	31.23
972	14	5	9.83
2179	14	3	7.35
167	349	7	61.64
101	4949	3	11.52
2360	120	8	97.53
3505	12	6	31.33
698	12	24	111.54
101	6293	3	15.87
2063	101	3	5.3
948	115	3	17.99
7089	101	3	15.87
249	1672	6	80.18
367	107	3	7.07
507	101	35	185.23
101	2413	4	10.66
101	4587	3	11.52
5830	12	3	11.32
104	2216	5	29.7
461	284	3	27.6
120	12	70	37.27
101	738	5	4.38
102	6674	3	21.96
3926	12	3	9.24
112	356	3	12.31
157	1983	3	30.42
127	450	4	25.29
102	2975	4	19.88
104	2073	4	21.34
2238	12	3	5.12
1717	14	5	15.79
107	351	4	11.08
107	419	5	17.74
107	503	4	13.45
1995	12	5	13.01
872	12	6	8.49
101	951	8	17.17
1336	12	6	13.43
1821	101	3	4.68
102	5844	4	29.29
12	1940	7	24.79
101	2336	4	10.66
101	4255	3	9.43
462	1682	3	38.51
102	6627	3	21.96
8088	14	3	18.21
3720	6156	3	65.66
12	2315	3	5.84
1500	14	6	19.17
231	636	3	27.69
12	892	20	96.56
262	636	3	28.71
143	183	3	13.68
7130	101	3	15.87
102	1135	12	70.09
253	1979	4	50.22
798	130	23	297.56
154	108	7	14.4
102	1307	9	47.91
120	122	8	20.32
101	749	5	4.69
1882	12	3	4.51
537	14	8	14.03
130	184	6	30.82
591	1113	3	36.84
102	1559	4	14.43
130	228	23	202.42
1427	14	3	5.15
435	14	7	8.65
101	1072	5	7.62
6933	611	3	52.89
7454	353	3	49.95
102	3696	3	15.34
109	172	8	26.1
102	3748	3	15.34
101	2208	5	14.68
101	2291	5	16.31
205	127	3	12.02
169	160	19	163.73
155	125	3	8.35
107	1140	3	13.29
613	402	3	31.14
466	14	9	15.9
12	280	10	5.37
12	196	21	18.61
494	131	11	97.85
12	130	84	111.62
2492	12	3	5.84
110	102	63	68.33
101	1259	6	12.88
101	1335	4	5.88
118	101	55	15.91
3231	119	4	41.1
1009	245	3	31.24
102	693	11	45.91
7675	110	3	33.5
134	102	13	4.38
114	155	4	9.52
1590	12	5	10.87
104	566	6	20.24
12	1223	4	5.17
5077	194	3	40.77
131	14	35	21.6
1046	14	7	19.53
909	101	5	6.17
252	101	29	65.45
101	3880	4	16.3
101	3668	4	16.3
280	106	9	30.25
5394	12	4	20.88
109	1826	6	50.13
407	12	23	63.76
2568	12	3	6.71
101	1486	6	14.83
106	1314	4	19.2
1757	12	3	3.99
2678	12	3	6.71
1204	119	4	30.79
203	107	5	9.9
12	488	36	179
16	59	19	68.23
104	1345	4	17.11
3234	101	3	7.99
1428	12	5	10
106	552	3	7.38
101	323	22	47.23
538	12	12	22.6
2401	12	3	5.84
101	580	25	102.71
152	1874	5	56.34
101	408	10	11.51
109	780	3	13.89
1137	101	7	16.43
101	2816	3	6.9
101	4734	4	21.16
181	101	19	11.57
293	279	5	46.57
15	475	6	103.66
12	179	108	502.53
762	115	5	33.57
162	102	16	22.13
3023	1305	6	117.34
5230	12	4	20.88
102	784	13	62.67
103	437	4	8.35
101	1350	5	9.53
101	1170	4	4.93
1289	14	8	30.04
304	14	38	160.14
1012	12	5	6.82
317	1537	4	50.13
105	1262	3	12
493	388	5	55.39
155	114	18	95.4
1220	12	4	5.17
4320	110	3	26.79
101	1737	5	12.18
101	7869	3	15.87
803	121	3	18.93
102	6343	3	21.96
656	102	3	4.2
106	625	4	13.03
9	16	8	6.61
104	2512	4	22.58
524	270	3	27.9
102	1556	6	27.61
130	125	4	8.77
621	102	3	4.03
113	494	8	54.41
3730	377	4	62.22
2214	108	3	18.9
1191	12	4	4.72
3750	120	3	29.82
893	12	9	20.14
142	3927	3	34.3
105	108	30	13.24
106	985	7	37.79
369	102	6	10.39
107	342	4	10.93
586	119	4	25.01
4612	7677	3	67.89
102	1150	6	23.28
3688	1541	5	99.24
152	188	3	14.8
2	163	6	17.24
207	921	9	111.16
2	104	24	10.81
2074	6499	3	60.93
101	5244	3	11.52
113	1586	9	90.46
108	421	5	20.53
1358	12	6	13.43
13	5023	4	41.97
106	6545	3	26.79
106	433	3	6.33
1072	534	5	66.56
4412	101	3	9.43
101	2958	3	6.9
12	1141	16	83.55
1565	119	3	23.08
101	5753	3	11.52
336	127	3	15.44
3929	115	5	58.02
4785	3675	4	89.22
990	1	5	38.48
310	189	4	31.02
5023	14	4	24.28
101	7430	3	15.87
248	122	35	334.25
7971	12	3	15.66
101	7294	3	15.87
3504	106	3	18.54
3997	12	3	9.24
122	6515	3	36.83
208	4425	3	39.36
12	174	105	442.04
12	218	12	4.59
101	3985	3	9.43
2087	117	3	24.83
339	137	3	17.05
3882	101	3	9.43
2721	176	6	82.88
877	115	6	44.59
574	124	9	75.39
12	3758	5	26.11
1698	12	3	3.99
107	2824	3	19.02
109	334	3	9.32
101	7171	3	15.87
106	624	4	13.03
475	16	36	364.04
101	982	9	22.8
101	1848	4	8.58
101	1744	4	7.77
123	101	70	59.07
408	13	8	43.43
101	3471	3	7.99
128	772	3	20.35
609	12	9	13.55
12	731	21	88.29
101	5307	4	21.16
12	986	5	6.34
104	1745	3	12.52
101	3388	6	31.74
2385	14	3	8.12
1650	223	4	47.84
275	101	11	7.74
107	1612	3	15.17
159	119	4	12.21
101	727	5	4.38
6364	6555	3	72.39
242	101	17	18.57
4987	12	3	11.32
1836	12	4	8.34
1021	2525	4	64.06
104	1081	4	15.4
101	2548	3	6.02
215	255	3	21.83
105	162	5	4.05
105	246	7	17.97
1029	7412	3	56.17
107	116	24	47
2041	14	6	25.27
4638	14	3	13.81
1766	12	3	3.99
101	678	13	33.45
107	2928	3	19.02
105	313	5	12.05
104	928	4	14.02
439	160	11	110.59
113	59	3	4.08
341	101	12	13.97
222	146	3	15.96
182	308	4	30.73
812	12	8	14.34
3525	12	4	13.55
102	169	20	39.2
428	3046	6	102.65
112	118	9	18.33
109	1558	4	27.16
101	3424	4	13.82
204	102	12	20.34
734	759	24	470.92
102	5935	3	21.96
158	101	20	6.23
1897	110	9	94.09
1969	121	4	35.44
101	4195	5	26.45
104	606	9	39.49
569	127	8	66.12
4044	101	3	9.43
1	9	6	10.05
2443	12	4	10.4
3047	14	4	16.84
101	1071	5	7.62
1632	242	4	47.83
118	5741	3	31.96
1229	12	5	8.54
101	346	17	31.39
759	4612	3	49.81
101	7381	3	15.87
102	6743	3	21.96
107	1714	5	32.47
12	341	47	223.29
104	1370	3	10.95
874	108	3	13.28
101	3885	3	9.43
137	126	4	10.47
388	106	4	9.84
4583	1643	3	55
4484	12	3	11.32
483	103	3	5.16
2235	12	7	27.32
610	14	8	15.94
119	832	5	37.41
103	188	6	6.63
101	1373	4	5.88
1138	115	6	48.52
101	301	14	16.44
7265	102	3	21.96
1605	110	8	74.15
476	107	4	13.24
107	741	7	37.2
102	1827	9	59.45
118	1181	8	75.16
13	126	5	3.93
687	4735	4	71.9
3795	14	5	30.36
109	1055	3	16.06
448	167	5	42.8
1772	101	3	4.16
841	101	5	5.37
3758	101	3	9.43
5497	12	4	20.88
2372	2062	5	92.59
665	664	4	48.61
2312	13	5	41.91
108	786	4	19
1505	14	4	9.12
137	1348	4	36.29
125	264	3	13.69
101	2733	4	12.04
784	3457	3	45.99
1684	14	3	6.11
3665	830	4	68.35
339	12	10	7.99
4934	12	3	11.32
102	2085	4	17.18
118	1202	4	30.68
107	611	8	41.63
102	1626	4	14.43
101	2920	3	6.9
3766	535	3	45.37
185	12	24	22.7
2659	14	3	9.05
5066	14	3	13.81
3388	12	3	7.8
4417	14	3	11.68
6555	8	3	35.54
1069	12	7	15.04
107	5230	3	24.03
118	2848	4	39.07
3690	284	4	59.83
163	1435	5	54.39
1522	101	4	6.44
102	1008	3	6.52
102	1068	5	16.64
102	856	11	50.62
4092	115	5	58.02
603	16	8	48.19
104	1755	4	19.34
107	1516	6	39.2
756	13	3	13.61
101	1901	3	4.68
12	2196	4	9.28
107	106	59	55.03
154	118	5	16.42
101	630	16	46.68
791	13	4	20.92
101	801	15	50.82
105	192	4	4.07
126	102	34	44.41
168	146	3	12.99
101	2410	3	6.02
857	156	4	36.34
109	6248	3	31.77
274	102	6	7.27
101	2327	4	10.66
101	4246	3	9.43
101	2224	5	14.68
102	1441	3	8.44
102	1525	4	13.71
5438	12	3	11.32
101	936	6	9.37
8152	131	3	38.67
107	1176	4	20.23
3329	14	3	10.19
829	399	3	33.11
1002	14	4	6.2
112	162	6	19.42
122	998	4	29.63
148	234	4	24.37
1875	16	10	103.43
232	101	21	28.64
101	3429	3	7.99
104	3260	3	16.94
290	101	10	6.2
101	1873	3	4.68
2634	638	5	80.89
2025	2045	8	164.79
102	6267	3	21.96
102	59	12	5.09
4418	12	3	9.24
101	3446	3	7.99
593	503	8	103.81
12	1878	4	8.34
410	248	35	536.33
2377	2566	8	177.35
794	12	7	10.72
101	953	9	21.71
101	1105	13	50.82
5967	4634	3	67.89
101	848	5	5.37
101	6789	3	15.87
107	146	6	6.94
102	1286	6	24.21
618	891	3	35.88
4122	14	3	11.68
109	512	6	31.77
6355	7265	3	72.39
1153	106	3	11.65
2188	14	3	7.35
934	14	7	17.88
101	5260	3	11.52
5822	2880	3	58.33
4483	3481	3	59.57
1650	12	4	7.53
789	788	4	51.34
102	2700	3	12.61
1165	101	6	12.04
102	472	5	8.73
164	1335	3	28.49
159	102	9	4.73
2378	160	3	32.24
360	107	3	6.96
4701	12	3	11.32
102	905	3	5.94
177	178	3	16.47
2333	12	3	5.84
101	1620	4	7.06
2750	14	3	9.05
166	114	3	6.37
101	1410	5	10.31
1032	12	4	3.95
101	187	47	106.91
12	4144	4	16.03
3262	150	3	33.6
458	290	8	91.13
109	1021	3	15.7
101	3140	3	7.99
101	3088	4	13.82
167	463	7	65.51
4958	101	3	11.52
104	190	18	56.47
347	101	12	14.38
167	208	16	149.6
419	111	3	13.07
3579	101	3	7.99
104	132	22	35.16
101	2680	4	12.04
101	4854	3	11.52
101	2884	3	6.9
146	336	6	46.09
1604	14	4	9.8
898	12	6	8.49
145	995	3	24.67
5524	12	3	11.32
1615	103	3	11.7
3177	12	6	31.33
208	1876	3	33.87
101	1290	6	13.8
1307	4616	3	53.34
12	6427	3	15.66
12	247	70	347.81
128	190	9	53.63
5425	101	3	11.52
4364	101	3	9.43
1677	14	6	21.76
101	4090	5	26.45
12	173	118	553.36
5144	14	3	13.81
13	1307	4	25.32
350	260	49	833.34
102	850	6	18.98
102	782	4	8.7
846	101	6	8.32
1532	156	5	54.69
2702	101	7	37.03
111	1245	3	19.35
101	2806	3	6.9
2560	5083	3	57.31
101	2762	3	6.9
5175	14	3	13.81
569	6955	3	52.48
102	3596	4	21.75
108	1690	3	17.49
5758	12	3	11.32
4764	12	4	20.88
687	2649	7	126.76
101	3062	3	7.99
683	106	13	79.07
157	12	70	161.17
104	571	6	20.24
101	3138	3	7.99
140	117	3	5.6
116	143	12	54.4
595	101	6	5.25
423	107	4	12.44
142	1624	8	94.34
101	317	16	23.54
102	955	9	38.95
679	101	11	24.05
213	127	15	112.26
690	102	3	4.57
12	4760	3	11.32
12	2662	7	36.55
4381	14	3	11.68
1585	1104	3	43.05
401	1809	10	170.58
12	474	8	7.24
12	370	43	202.9
654	1253	3	38.31
101	1932	3	4.68
996	1022	8	126.76
101	2104	6	20.73
2857	12	5	18.04
5075	12	3	11.32
128	1080	8	78.95
139	101	34	16.23
115	7202	3	34.8
147	795	3	23.97
1023	101	6	10.59
104	976	3	9.08
105	102	198	222.95
528	193	3	24.94
152	1471	4	40.1
4088	14	3	11.68
101	770	5	4.69
12	5471	4	20.88
107	332	3	6.32
242	14	15	22.28
1367	14	3	4.75
101	1087	17	89.95
101	983	8	18.08
9	103	21	16.19
101	907	13	43.91
2573	607	3	43.33
118	1995	4	35.18
1819	12	3	4.51
149	107	9	16.88
101	4287	3	9.43
161	1173	16	230.22
109	273	3	8.25
101	3644	4	16.3
155	121	3	7.35
7756	120	3	36.54
3226	140	3	32.41
822	8	3	17.83
102	222	39	174.55
326	101	19	35.64
1224	141	5	48.98
101	1070	5	7.62
101	1010	7	14.6
1269	390	3	35.48
102	3866	3	15.34
105	569	7	29.35
104	808	3	7.96
12	1975	4	8.34
109	481	4	17.34
196	106	7	13.82
126	118	4	6.72
101	2456	3	6.02
101	4526	3	11.52
107	283	13	61.24
101	755	10	22.37
217	615	3	26.95
107	1387	5	29.43
2012	167	3	32.08
187	161	3	15.48
102	545	5	9.99
604	893	6	81.32
109	1201	6	42.48
5145	12	4	20.88
122	610	4	25.67
1227	120	5	41.87
101	3220	5	21.19
418	116	5	30.06
103	271	6	11.84
101	1372	5	9.53
365	14	10	15.7
4319	14	5	30.36
2308	282	3	37.89
1785	5697	3	55
12	597	6	4.97
3263	150	4	48.27
2715	110	3	23.97
101	2910	5	18.37
245	299	3	23.88
109	1054	8	61.33
101	302	40	142.5
379	103	3	4.2
107	688	6	29.28
142	2004	4	41.28
6685	12	3	15.66
4087	12	3	9.24
101	4785	4	21.16
114	165	5	15.1
109	799	3	14.15
128	299	4	22.23
105	7864	3	26.73
2252	12	3	5.12
7069	14	3	18.21
110	235	3	8.71
101	1269	6	12.88
614	103	3	6.26
430	101	19	48.27
567	14	9	18.88
981	12	6	9.61
101	291	22	43.92
2172	12	5	14.35
324	12	12	11.52
8	4453	4	42.39
1018	1	3	20.03
310	164	4	28.5
1933	12	3	4.51
124	122	5	10.29
101	7660	3	15.87
707	14	4	4.13
444	102	5	8.29
16	113	11	10.69
12	468	12	19.23
101	3803	3	9.43
845	102	3	5.43
722	101	18	66.62
1649	101	4	7.77
12	143	105	280.02
747	170	3	25.74
115	257	3	10.69
108	636	3	11.32
7169	298	3	48.78
1369	14	5	12.99
1772	14	3	6.11
9	6966	3	35.9
2321	12	4	10.4
810	304	4	44.01
101	4702	3	11.52
220	328	8	79.57
1020	102	3	6.52
130	101	47	23.79
236	107	3	4.44
638	306	4	42.3
616	12	7	7.46
101	2326	4	10.66
101	2223	4	9.53
2354	442	3	40.5
1112	120	4	30.23
232	14	10	7.67
107	1177	3	13.29
112	102	44	35.17
884	773	21	406.92
101	1645	4	7.77
7677	101	3	15.87
5554	101	3	11.52
303	111	3	11.03
247	101	32	76.3
1987	101	4	8.58
12	2366	3	5.84
1437	12	6	14.45
101	5212	3	11.52
1227	14	3	4.38
1829	12	3	4.51
3346	14	3	10.19
1311	106	3	12.49
101	3293	3	7.99
348	12	8	4.41
113	134	4	6.21
101	2531	4	10.66
167	1076	3	27.7
107	310	8	30.65
102	1322	10	56.68
101	629	14	36.11
104	2226	3	13.89
101	680	6	6.23
257	102	5	4.27
104	1035	5	21.07
210	1378	3	31.61
570	718	25	463.62
397	1624	3	36.99
811	12	5	4.77
173	134	3	11.39
2675	242	3	37.72
12	5596	3	11.32
6159	6055	3	72.39
2005	14	6	23.36
16	2642	7	72.38
1165	14	3	4.05
101	1977	5	13.32
213	658	6	63.86
101	3342	6	31.74
305	101	27	68.43
1302	101	4	5.88
102	2701	3	12.61
2055	101	3	5.3
12	673	7	8.7
109	1425	3	17.82
101	1662	5	12.18
112	142	9	30.7
1287	14	7	23.78
290	14	14	24.34
706	12	14	39.05
12	2454	4	10.4
2	539	5	27.55
183	106	8	16.21
101	2240	4	9.53
169	133	10	60.73
101	2375	3	6.02
2047	359	3	38.62
109	152	21	96.1
123	3761	3	31
102	2049	6	32.63
406	107	8	35.33
632	101	7	8.22
109	833	3	14.43
2314	2486	8	177.35
2076	12	3	5.12
13	494	12	80.42
101	2681	3	6.9
7646	7421	3	72.39
783	14	5	7.66
1307	4617	4	77.47
1614	594	3	39.19
12	105	2159	10983.4
101	4167	3	9.43
642	102	4	7.57
785	197	9	104.96
121	1511	3	22.65
549	431	3	30.99
536	102	9	27.9
103	422	3	4.65
108	2261	3	18.9
102	904	6	19.58
766	101	11	27.01
124	137	6	19.52
101	1409	11	47.33
101	7555	3	15.87
102	4214	3	15.34
108	875	8	53.03
137	13	5	5.85
615	14	5	5.78
117	108	15	25.18
170	217	3	17.95
107	2557	3	18.01
3146	12	3	7.8
199	3104	3	37.31
12	1327	4	5.66
101	2936	3	6.9
102	1674	4	15.23
2648	2637	4	75.1
116	132	3	3.92
107	838	5	24.23
351	102	6	9.74
101	188	15	5.87
733	101	8	13.48
523	156	5	42.63
101	6348	3	15.87
1809	101	10	52.91
101	1984	5	13.32
7847	12	3	15.66
119	122	14	50.21
108	4839	4	40.37
681	14	5	6.65
1053	13	6	41.01
101	846	5	5.37
573	14	16	54.37
173	126	4	15.69
2834	14	3	9.05
107	212	4	6.85
12	1635	3	3.99
101	2489	4	10.66
1533	156	4	41.5
105	281	3	4.16
107	4982	3	24.03
3079	16	3	22.73
149	117	4	10.74
211	131	4	19.21
101	1043	7	14.6
102	1528	4	13.71
2306	7410	3	61.81
101	1659	5	12.18
1110	12	5	7.34
103	868	9	46.44
1794	14	3	6.11
8	577	3	15.97
101	5631	4	21.16
243	148	5	33.29
1059	527	3	36.26
559	101	11	20.11
108	172	12	43.03
108	292	3	7.28
102	3022	4	21.75
102	834	7	24.51
151	101	30	19.28
1200	101	4	4.93
102	663	3	4.2
571	292	6	66.8
2083	101	4	9.53
101	1352	4	5.88
8	4224	5	59.25
1993	191	5	61.39
508	12	35	182.81
4842	14	3	13.81
6472	12	3	15.66
101	2686	4	12.04
239	14	10	7.85
101	2898	3	6.9
702	211	4	39.28
102	1996	7	39.19
121	101	45	6.67
101	378	41	190.59
163	396	3	21.14
211	702	7	77.74
189	146	3	14.28
101	590	15	38.78
995	101	5	6.61
860	102	4	9.72
465	1571	4	53.37
140	107	8	11.09
224	101	21	27.24
101	333	15	22.33
235	102	10	17.25
873	101	7	12.36
385	498	5	55.39
1822	12	3	4.51
218	3506	3	38.12
7289	12	3	15.66
137	14	32	23.46
4617	14	4	24.28
101	3713	3	9.43
1003	156	3	26.36
2237	101	3	5.3
102	919	4	10.1
213	261	7	63.92
103	308	5	9.28
388	117	3	14.54
1793	12	3	3.99
2160	594	3	41.22
101	1507	5	10.31
1111	14	4	7.01
5364	12	4	20.88
12	4045	4	16.03
1481	1457	3	44.3
118	1240	7	64.43
101	2926	3	6.9
943	101	5	6.17
1926	101	5	13.32
102	3563	5	31.25
3667	4627	3	61.16
117	261	3	12.15
814	160	4	35.9
101	2731	5	18.37
180	101	15	5.02
106	142	6	3.91
103	1230	3	10.28
101	437	14	26.1
102	8111	3	21.96
2429	12	3	5.84
12	3129	5	20.85
5146	12	3	11.32
107	1621	4	22.88
957	14	7	18.67
102	751	12	55.23
3204	505	3	43.6
198	102	7	5.46
104	1564	4	18.52
101	4057	5	26.45
101	6179	3	15.87
12	250	54	209.3
102	2392	5	26.18
209	101	29	49.3
489	167	3	22.92
101	1764	3	4.16
102	2974	3	12.61
1856	14	3	6.68
2630	884	7	130.32
6168	106	3	26.79
1040	12	7	14.17
101	3491	4	13.82
158	114	3	5.93
274	108	3	6.93
1342	5467	3	53.34
5000	14	3	13.81
1119	253	3	31.88
101	4332	5	26.45
107	420	6	23.5
1319	915	3	40.94
101	695	15	45.56
145	272	3	17.21
3038	317	3	40.68
101	6808	3	15.87
1531	170	3	30.32
126	108	9	12.12
2498	14	4	13.59
104	877	6	25.66
101	2592	7	37.03
104	997	3	9.08
1266	228	4	45.17
102	4893	3	17.52
493	298	3	28.14
2253	12	3	5.12
101	3236	4	13.82
12	914	6	9.03
5614	115	3	30.31
756	101	5	4.69
12	2182	9	46.99
105	404	5	14.53
4686	4644	4	94.22
169	311	3	20.19
101	4381	4	16.3
104	823	3	7.96
495	934	4	49.09
146	1949	3	29.34
214	132	3	12.92
101	1765	4	7.77
153	8124	3	42.08
8141	110	3	33.5
3454	120	3	28.23
4217	9	3	29.18
102	484	13	48.48
101	1886	3	4.68
2	1418	3	19.27
1531	167	3	30.05
101	613	10	17.66
420	14	7	8.37
3002	607	3	44.57
104	866	3	8.49
1136	12	4	4.72
815	535	3	34.29
143	114	4	8.06
821	14	6	11.7
3367	12	5	20.85
4664	12	4	20.88
2848	12	3	6.71
400	13	3	10.13
131	101	67	68.14
150	102	13	10.62
2299	809	8	147.63
2331	101	3	6.02
1221	101	4	5.38
16	101	150	58.6
2222	103	3	13.64
160	487	5	42.18
124	307	4	21.54
101	7600	3	15.87
3106	103	4	25.64
3313	157	3	34.31
111	196	3	7.92
907	1056	11	187.25
13	6131	3	31.47
142	761	9	91.63
194	6690	3	45.26
101	7447	3	15.87
103	453	6	17.38
101	6054	3	15.87
167	1567	3	30.05
12	129	215	753.38
101	2716	4	12.04
3179	101	3	7.99
1324	101	4	5.88
445	403	4	41.61
104	234	7	13.94
256	102	6	6.57
12	3707	3	9.24
449	3561	6	102.98
292	106	3	4.37
12	1386	8	23.57
104	249	4	4.81
125	116	4	6.07
406	117	4	21.92
102	2117	3	10.82
2006	197	5	61.88
4453	9	4	42.87
431	16	3	10.12
1774	12	6	16.93
2695	12	3	6.71
115	182	3	7.77
5049	12	4	20.88
12	180	107	502.53
12	116	54	10.81
4420	12	4	16.03
101	3971	4	16.3
1624	12	6	15.61
2359	120	4	37.65
101	5890	3	15.87
107	8244	3	28.51
967	107	7	41.73
103	285	5	8.84
124	256	3	13.37
101	1603	5	11.18
166	101	20	8.03
212	102	6	4.3
1104	101	4	4.53
1297	2612	6	111.6
102	3593	3	13.8
318	14	11	15.73
1243	14	7	22.56
533	6465	3	52.1
101	2952	3	6.9
12	1311	8	23.57
4647	3731	3	61.16
971	14	6	14.01
107	189	6	12.35
3927	12	4	16.03
3842	102	3	15.34
104	975	3	9.08
113	154	4	9.29
976	115	9	78.26
384	156	3	20.71
3853	101	3	9.43
104	1683	5	26.97
16	829	4	20.69
1706	101	3	4.16
119	12	68	33.81
8	5175	4	47.39
101	8125	3	15.87
12	2164	4	9.28
142	416	3	19.5
6560	242	3	47.28
102	531	7	18.08
1343	12	4	5.66
1689	14	3	6.11
101	1782	4	7.77
101	1738	4	7.77
525	14	20	76.76
102	336	7	12.51
102	276	25	101.45
101	3641	4	16.3
12	689	25	122.24
101	3461	3	7.99
4724	3315	3	59.57
3694	101	3	9.43
143	137	3	8.98
384	167	3	21.68
101	649	21	80.66
1982	12	6	18.48
871	12	6	8.49
369	106	3	5.6
3094	12	5	20.85
101	768	18	69.13
1367	12	7	18.21
8	3139	3	27.23
775	5361	3	49.81
6499	1	3	36.18
362	102	8	17.72
1465	101	5	10.31
1482	14	3	5.15
7412	873	3	55.17
101	1845	3	4.68
101	1673	5	12.18
193	114	3	8.1
101	7170	3	15.87
6930	242	3	47.28
101	981	17	77.46
223	126	3	12.63
714	361	23	382.23
121	798	23	282.07
101	2370	5	16.31
104	775	4	12.53
205	117	3	10.18
12	2010	3	4.51
101	4289	3	9.43
5235	5097	4	94.22
102	3699	4	24.33
102	5873	3	21.96
174	101	30	34.96
2390	2325	3	51.22
343	447	5	52.91
170	349	16	173.41
126	1034	3	21.92
108	1887	3	18.15
807	1757	4	58.55
109	784	4	20.93
278	2322	3	37.79
1537	2483	3	48.31
101	4156	3	9.43
6362	164	3	43.02
102	696	3	4.57
102	645	7	20.86
102	780	14	70.45
2944	101	3	6.9
2	668	3	14.59
591	762	3	34.6
142	1012	5	47.19
12	4758	4	20.88
12	2660	7	36.55
147	116	6	20.34
12	476	15	31.72
101	3899	3	9.43
6067	4662	3	67.89
111	3860	3	27.57
449	8261	3	51.24
686	2563	4	60.81
262	169	6	47.24
1167	103	3	9.88
117	116	15	51.28
2022	1056	5	82.58
101	2957	3	6.9
113	603	5	30.83
104	465	3	5.24
142	3557	3	32.72
831	12	6	7.99
1146	14	4	7.47
12	1142	16	83.55
1141	107	3	13.29
3697	263	3	41.35
129	121	4	7.44
101	59	25	4.48
142	1774	4	40.32
1940	101	5	13.32
101	2908	3	6.9
117	129	10	33.93
5597	176	4	59.01
13	3002	4	34.35
2572	607	3	43.33
761	12	7	10.17
199	6263	3	45.63
4677	4521	3	63.39
102	1826	3	10.11
103	134	11	7.65
101	1575	8	27.64
104	6168	3	25.16
365	12	10	9.21
4737	14	4	24.28
111	58	4	5.24
101	3732	3	9.43
102	8339	3	21.96
101	5989	3	15.87
245	1188	6	74
1912	401	10	170.58
3309	101	4	13.82
138	101	45	34.66
101	1187	7	16.43
110	106	17	7.09
3124	14	3	10.19
785	6417	3	54.31
1186	106	3	11.65
134	106	14	20.94
660	12	20	72.16
4435	14	3	11.68
106	196	5	7.07
121	274	5	26.43
870	14	5	8.88
339	121	11	81.58
989	101	6	9.96
114	101	56	4.42
109	693	3	13.4
596	101	8	10.77
343	941	3	32.79
3033	1411	3	50.03
830	14	22	133.6
104	674	3	7.06
12	2057	5	14.35
101	2144	3	5.3
149	147	5	24.15
1184	114	3	19.3
855	767	22	429.43
169	1521	3	29.59
2960	12	3	6.71
1273	13	8	63.31
12	777	9	17.53
232	122	3	11.73
13	1727	3	18.67
525	152	3	21.84
135	1175	3	24.09
102	172	14	20.08
561	101	11	20.11
550	102	4	6.42
112	117	13	34.19
107	1385	3	14.15
161	159	23	201.79
109	1135	4	24.48
12	956	5	5.9
105	264	3	3.87
101	2534	3	6.02
1924	12	5	13.01
2426	14	8	48.57
1341	2314	8	158.23
343	804	5	58.96
1386	102	4	13.05
847	101	9	19.76
108	336	5	18.15
335	327	51	908.59
2004	12	6	18.48
6025	6216	3	72.39
5944	12	3	15.66
12	655	7	8.26
232	12	11	4.2
101	3504	3	7.99
489	156	3	21.95
767	101	22	102.94
165	227	7	53.68
102	1574	6	27.61
101	887	8	16.33
745	102	4	8.4
101	939	7	13.05
363	101	10	9.7
2473	14	8	48.57
105	598	3	7.86
102	5804	3	17.52
253	3538	4	56.04
1219	13	3	16.59
132	336	4	23.55
105	386	3	5.78
739	873	3	36.82
1314	12	8	23.57
4832	5462	3	63.39
199	2309	3	35.05
104	626	7	27.34
2075	12	3	5.12
348	14	6	4.23
101	2409	4	10.66
104	940	3	8.77
101	2529	4	10.66
104	1060	6	28.59
187	1447	4	43.74
5080	101	3	11.52
123	1155	3	22.33
101	6947	3	15.87
112	1190	3	19.11
101	802	7	11.12
535	102	4	6.22
737	107	13	89.2
127	2935	4	41.42
6054	1785	3	59.5
2599	107	3	19.02
106	1735	3	14.08
333	1660	4	51.6
108	591	4	16.88
2979	12	3	6.71
108	531	4	16.13
101	1393	6	13.8
102	859	16	94.39
102	7080	3	21.96
108	4410	3	23.57
128	551	6	45.58
336	107	3	6.42
101	3805	3	9.43
16	225	3	6.24
12	1280	4	5.17
13	6468	3	31.47
104	371	3	4.29
101	3042	3	7.99
1118	101	4	4.53
5311	705	4	71.9
2726	115	3	25.26
567	12	6	4.41
981	14	4	6.2
124	1570	3	24.26
116	118	4	4.73
5154	12	3	11.32
2524	12	3	5.84
101	374	8	5.41
286	106	7	20.51
102	2088	7	41.82
107	1000	6	33.55
1609	115	8	77.62
12	1594	4	6.83
1887	101	4	8.58
102	8410	3	21.96
12	209	13	5.3
198	107	4	6.15
108	785	3	12.46
115	59	3	4.22
115	215	4	14.55
545	137	12	116.21
178	623	4	36.04
258	1491	5	62.66
1164	14	3	4.05
783	12	11	26.32
361	131	46	590.1
12	6426	3	15.66
101	4033	3	9.43
12	162	24	12.46
12	103	721	815.15
3686	199	3	38.9
12	5088	4	20.88
3208	101	3	7.99
133	107	6	4.05
352	723	21	336.1
101	389	36	149.98
277	101	10	5.78
189	141	3	13.56
1779	253	3	34.83
105	986	7	37.66
1852	164	3	30.81
101	2887	3	6.9
4676	284	3	44.07
2633	13	4	32.44
1970	14	3	6.68
195	487	3	24.53
113	733	15	139.79
13	239	4	11.29
102	1676	3	9.49
3781	115	5	58.02
101	338	8	4.34
3004	102	3	13.8
101	186	28	34.99
2366	101	3	6.02
129	101	44	18.42
102	906	8	32.28
111	102	59	69.75
101	7733	3	15.87
142	943	4	34.74
124	135	5	14.19
103	101	538	389.91
789	278	3	30.57
109	1860	3	19.62
880	14	4	5.51
360	108	3	8.53
320	108	3	7.66
106	1772	3	14.08
102	573	17	81.05
186	4074	3	38.08
101	3400	3	7.99
582	101	6	4.96
2039	2294	5	92.59
16	711	4	19.61
102	4877	3	17.52
106	2134	3	15.47
327	104	5	10.11
1533	167	3	30.05
105	218	16	62.04
201	12	21	20.24
101	699	12	29.66
1086	12	8	19.64
102	1233	4	12.46
102	1337	5	18.83
3021	1395	3	49.53
101	1038	7	14.6
6131	103	3	24.91
4137	12	5	26.11
200	126	4	17.86
107	404	3	7.44
104	776	5	17.96
105	549	3	7.33
109	202	8	30.72
794	101	7	11.12
288	125	3	14.16
665	156	3	23.75
101	5694	3	11.52
4014	7152	3	65.66
106	2095	3	15.47
214	108	5	13.36
102	214	50	251.45
102	6266	3	21.96
107	1226	4	20.81
125	108	8	8.73
239	12	15	11.85
104	128	34	77.06
101	2744	3	6.9
790	101	12	33.27
188	1562	4	44.66
385	101	8	5.9
2468	107	3	18.01
1872	101	4	8.58
2740	133	3	29.88
1859	102	3	10.11
661	110	3	14.62
103	493	3	5.3
241	1608	3	33.79
104	3770	3	18.49
101	1354	8	24.09
110	342	4	17.14
132	2007	3	26.5
5814	1321	3	53.34
473	14	16	47.59
4524	3097	4	86.58
101	4172	3	9.43
102	2358	3	11.64
101	3915	3	9.43
1855	14	3	6.68
137	12	33	9.59
107	1927	3	16.41
102	917	3	5.94
102	1021	5	16.01
490	101	9	11.1
245	5841	3	42.95
637	167	3	24.5
1428	121	3	22.65
106	420	4	10.36
1577	101	4	7.06
3435	101	3	7.99
101	199	52	147.9
402	14	7	7.84
114	455	3	13.74
12	1178	4	4.72
104	585	11	52.58
13	166	5	10.5
7567	12	3	15.66
101	2941	4	12.04
12	1262	6	12.51
3489	12	4	13.55
104	2381	3	14.73
101	633	7	8.22
352	464	3	28.85
101	2491	3	6.02
179	101	20	13.07
168	102	14	18.7
101	3337	3	7.99
12	1077	6	10.93
102	4870	3	17.52
101	2066	3	5.3
2399	12	3	5.84
103	751	4	12.22
1260	14	3	4.38
102	512	13	50.17
681	12	9	15.37
6284	3681	3	65.66
112	325	4	17.62
101	7821	3	15.87
309	106	53	445.57
3349	14	3	10.19
1378	131	12	143.56
600	4178	4	65.66
8266	12	3	15.66
3026	791	4	65.33
169	279	4	28.6
281	101	15	18.08
205	107	4	6.56
132	222	7	42.77
102	3835	3	15.34
268	545	3	28.09
108	7717	3	30.28
852	2364	3	44.28
2009	107	4	24.66
12	5404	3	11.32
101	965	5	6.61
101	1101	6	11.29
3075	155	3	34.05
253	1779	4	49.26
3557	12	3	7.8
149	343	5	37.31
101	2160	3	5.3
101	7137	3	15.87
104	2589	3	15.72
745	16	3	12.92
223	101	23	33.06
112	107	30	55.82
108	269	15	82.46
397	660	5	58.12
741	12	9	16.76
21	58	7	22.61
624	12	6	5.27
1011	1271	3	41.16
104	1715	3	12.52
101	3358	3	7.99
208	111	5	19.1
882	279	3	31.15
107	161	6	9.01
643	2473	8	143.85
101	797	5	5.02
134	943	4	32.64
120	101	102	114.81
105	280	6	15.35
1561	12	4	6.83
329	644	4	42.9
102	1842	4	16.14
146	480	3	20.79
8151	232	3	46.96
672	307	4	42.61
1296	380	3	35.8
101	2924	3	6.9
719	102	5	12.63
109	1068	3	16.06
109	856	4	21.68
117	143	3	5.91
16	6300	3	31.01
1284	1893	4	63.36
444	107	6	23.8
3487	133	3	31.12
102	4210	5	36.61
1127	12	5	7.34
5715	12	3	11.32
12	3127	5	20.85
102	614	12	48.43
543	14	8	14.48
171	13	3	4.31
101	4055	5	26.45
101	6177	3	15.87
12	252	65	309.7
293	160	5	37.27
102	2394	6	35.04
1760	102	3	9.49
101	2729	5	18.37
1107	1580	3	43.05
676	107	10	59.77
101	483	11	16.99
101	543	21	69.62
101	6551	3	15.87
121	139	4	9.56
1065	1434	5	77.62
121	318	28	266.22
104	1263	4	16.49
101	1512	6	14.83
12	4744	4	20.88
4224	14	5	30.36
103	126	14	10.03
142	1094	4	36.2
12	2826	3	6.71
102	1055	12	67.54
371	2938	3	40.65
101	237	15	12.55
4082	12	3	9.24
106	598	4	12.76
622	103	3	6.44
116	108	21	46.84
13	340	16	104.98
758	102	4	8.7
170	208	19	187.17
125	127	3	4.8
959	608	3	36.32
101	2802	3	6.9
328	115	4	18.34
170	463	5	43.53
632	274	3	29
1031	12	9	23.41
121	339	11	81.58
3302	12	3	7.8
900	968	3	38.6
101	1256	5	8.83
142	660	13	139.8
101	1332	7	18.66
142	2556	3	30.46
104	1517	3	11.42
1705	101	3	4.16
2046	102	4	17.18
136	120	6	16.96
204	106	6	10.99
13	1798	5	38.66
101	5543	4	21.16
102	5871	3	21.96
102	3697	5	36.61
109	169	4	7.64
101	2137	4	9.53
101	2205	6	20.73
12	8136	3	15.66
944	110	3	16.72
1121	101	6	11.29
102	1558	7	35.21
211	102	8	8.99
101	871	10	25.46
4124	500	3	45.01
106	702	3	8.72
4027	110	3	26.79
278	111	5	22.77
1436	403	5	67.31
13	2426	8	83.97
4941	101	3	11.52
129	634	8	68.84
420	12	25	78.16
101	2597	4	12.04
113	151	48	351.41
821	12	5	4.77
1322	169	4	41.45
759	1283	14	254.74
187	234	4	28.41
6611	101	3	15.87
102	542	5	9.99
214	447	15	181.16
101	2024	4	9.53
101	1888	3	4.68
108	424	3	9.3
1023	110	4	25.71
735	16	25	258.93
104	3534	3	16.94
12	2266	9	46.99
13	5424	3	26.99
101	2115	3	5.3
12	4184	4	16.03
1360	274	4	47.68
6254	8189	3	72.39
145	14	29	27.15
2376	14	8	48.57
2581	12	5	18.04
3578	12	3	7.8
1474	12	5	10
6314	12	3	15.66
101	2440	3	6.02
169	581	4	34.38
101	4478	3	11.52
1325	101	4	5.88
105	107	52	38.91
127	1380	3	23.7
2439	328	5	71.84
149	102	16	17.45
219	599	23	329.45
867	107	14	106.52
593	1204	3	37.24
246	107	4	8.3
132	303	7	47.81
368	622	18	269.77
101	1022	4	4.15
101	1090	4	4.53
1308	14	4	8.52
1724	12	3	3.99
2243	14	3	7.35
9	106	12	5.63
399	13	4	15.76
101	7031	3	15.87
2479	12	4	10.4
130	124	3	5.08
102	334	15	49.3
303	395	4	38.32
2980	101	4	12.04
8286	110	3	33.5
6575	101	3	15.87
102	787	5	13.03
101	1169	6	12.04
160	127	3	9.16
1666	106	4	21.46
2695	14	3	9.05
231	439	3	25.68
12	178	18	8.46
1055	1126	16	317.3
102	8321	3	21.96
13	1318	3	17.04
121	21	6	13.73
102	2119	4	17.18
2655	279	3	38.81
107	852	3	11.31
163	137	5	22.82
105	612	9	44.05
102	3591	4	21.75
318	12	20	36.94
2803	103	7	58.13
2618	861	6	105.6
928	1256	3	40.47
588	14	5	5.52
104	1174	9	53.79
4890	12	3	11.32
101	5968	3	15.87
8087	4826	3	67.89
104	1346	4	17.11
460	624	4	45.39
1379	102	3	7.99
101	1601	4	7.06
111	108	11	8.08
103	237	4	4.08
101	1473	6	14.83
103	305	5	9.28
1491	101	5	10.31
12	491	21	63.05
182	850	3	27.2
360	102	6	10.17
107	2449	3	18.01
104	534	5	14.43
12	1179	16	83.55
101	2940	4	12.04
102	1858	3	10.11
106	351	3	5.28
1755	3896	3	52.77
1577	14	3	5.6
873	12	5	5.5
121	12	56	17.1
101	379	24	67.9
3956	12	3	9.24
106	164	7	9.32
1341	104	3	10.95
3211	4831	3	59.57
108	631	5	24.12
12	6424	3	15.66
270	301	3	24.59
101	6193	3	15.87
102	833	6	18.98
151	12	44	51.58
165	648	4	34.62
356	14	7	6.66
1476	14	4	9.12
108	169	10	31.29
108	221	3	5.44
112	250	5	21.85
460	491	4	43.54
112	146	3	4.82
193	101	16	8.31
102	152	71	290.76
123	181	3	10.34
102	204	6	3.89
1077	101	4	4.53
183	102	12	16.81
101	888	7	12.36
101	1100	7	15.47
2490	1946	3	49.59
102	1425	9	50.06
281	14	10	11.31
149	118	4	10.98
132	169	7	35.71
4572	6370	3	67.89
428	1219	15	260.75
101	2490	7	31.15
101	2430	6	23.04
104	895	7	32.42
105	116	17	16.17
6014	6314	3	72.39
285	102	6	7.73
101	709	11	24.98
104	2229	3	13.89
102	1231	9	46.02
190	107	6	12.45
164	424	3	21.61
101	1913	3	4.68
12	864	20	96.56
102	2765	3	12.61
101	1898	3	4.68
613	194	3	25.79
7602	255	3	47.8
101	3237	4	13.82
250	102	9	15.36
105	129	18	29.7
126	107	23	56.34
1037	107	5	26.47
13	652	3	12.67
386	12	11	12.99
918	106	7	36.92
101	796	9	18.89
101	736	14	41.39
120	14	61	54.45
257	106	5	10.51
107	501	10	52.98
2515	12	3	5.84
101	1053	5	7.62
861	103	3	8.25
1336	14	3	4.75
1688	12	3	3.99
13	2293	7	67.45
132	186	3	11.45
1770	115	10	109.42
243	234	9	87.38
127	452	4	25.29
102	2973	7	51.25
136	101	51	41.82
108	186	7	19.77
104	2015	3	13.89
12	836	6	7.99
118	733	3	18.21
381	108	3	8.78
3469	12	3	7.8
124	949	5	40.46
101	1813	5	13.32
214	262	3	22.01
112	233	4	14.98
101	4056	3	9.43
1094	12	5	7.34
113	1727	5	42.59
115	201	4	13.71
138	114	3	3.84
102	4569	3	17.52
124	364	6	39.75
828	234	3	29.53
121	1488	3	22.65
2580	170	3	34.25
101	440	15	30.12
102	2022	7	41.82
5963	400	3	50.63
104	230	5	7.01
4425	14	3	11.68
131	122	6	15.93
101	3028	4	13.82
3054	12	4	13.55
1926	12	3	4.51
1279	12	4	5.17
102	1841	5	23.01
12	4942	3	11.32
101	7520	3	15.87
103	254	5	7.67
103	322	4	6.16
276	484	5	51.49
4642	4580	4	94.22
102	2342	4	18.4
101	409	21	55.98
101	357	28	85.91
3577	101	3	7.99
12	1549	10	41.71
101	2855	3	6.9
167	217	3	17.69
4065	12	3	9.24
892	12	6	8.49
5521	428	4	68.21
107	2227	4	25.73
102	8273	3	21.96
4444	12	4	16.03
1359	12	5	9.23
170	1278	3	28.8
115	126	12	37.71
102	4435	3	15.34
661	197	4	37.61
392	101	12	16.64
101	1121	7	15.47
263	16	18	110.14
1844	101	5	13.32
102	799	13	64.23
123	712	6	48.02
102	6748	3	21.96
1018	16	3	14.96
118	498	3	15.95
577	9	3	16.33
549	146	3	21.5
102	1054	9	42.81
13	7556	3	31.47
175	230	6	46.4
5813	12	3	11.32
739	14	4	4.37
131	12	64	57.37
3645	284	4	59.83
262	336	5	47.24
761	110	3	15.58
129	125	4	8.71
140	127	3	7.28
6256	6353	3	72.39
240	121	4	17.96
105	146	7	6.7
101	2544	3	6.02
215	101	20	22.25
102	1201	4	11.92
428	6099	3	51.08
955	14	5	9.34
537	12	9	11.51
173	155	3	14.17
122	2538	3	26.27
107	1502	4	22.12
717	12	5	4.14
102	481	25	137.14
165	499	4	32.48
101	2099	5	14.68
101	1947	5	13.32
119	216	3	10.88
161	102	14	16.26
108	59	6	7.93
170	1681	4	44.02
288	101	29	74.91
101	5586	3	11.52
1154	304	4	47.27
102	226	14	31.76
118	603	3	17.07
101	7780	3	15.87
112	116	7	10.77
4756	14	3	13.81
107	552	4	14.14
308	106	3	4.53
804	12	6	7.52
102	1388	5	18.83
59	116	3	5.3
715	735	25	497.24
2538	12	3	5.84
173	360	3	21.73
1196	232	5	58.53
109	222	11	52.63
102	3698	3	15.34
2173	101	3	5.3
101	7184	3	15.87
104	2438	4	22.58
908	101	5	6.17
3693	4532	4	89.22
1	58	6	15.08
2094	14	3	7.35
113	360	3	12.58
101	4275	4	16.3
246	106	8	22.7
2361	14	3	8.12
6374	4572	3	67.89
170	1076	3	27.98
554	258	3	28
101	5635	3	11.52
12	690	24	111.54
112	129	8	19.5
3198	101	3	7.99
101	1783	3	4.16
102	6281	3	21.96
102	273	34	163.69
118	652	8	63.89
119	101	108	131.95
1237	101	10	34.55
2628	1411	3	48.79
2965	101	4	12.04
102	6718	3	21.96
652	12	15	41.64
2225	14	3	7.35
1706	12	4	7.53
777	13	7	44.67
143	124	7	27.79
101	2441	7	31.15
13	733	4	20.21
3455	12	3	7.8
893	14	6	12.78
101	4615	4	21.16
3180	14	3	10.19
120	135	3	4.83
776	2256	3	42.85
135	102	14	5.88
144	484	3	20.4
109	955	5	30.61
101	5045	3	11.52
104	583	6	20.63
317	904	4	44.96
101	5197	3	11.52
4786	12	3	11.32
5602	12	3	11.32
602	935	16	271.05
129	114	5	8.43
103	1390	4	16.78
155	2158	3	30.92
4757	12	3	11.32
1075	12	10	30.25
111	178	4	11.53
4254	388	3	43.76
103	184	10	18.88
2262	12	3	5.12
102	4347	4	24.33
167	1157	4	40.09
3086	5985	3	64.07
101	5967	3	15.87
181	165	3	15.51
963	306	3	32.32
1383	101	5	9.53
12	177	117	577.21
104	1599	3	11.94
104	1429	5	24.86
796	411	7	90.94
4672	13	3	26.99
3073	12	3	7.8
1881	12	3	4.51
919	8	3	18.72
101	8010	3	15.87
1482	101	5	10.31
254	125	3	13.34
165	322	4	28.96
609	14	10	24.49
111	2151	3	22.87
917	12	6	9.03
387	106	5	14.4
108	153	10	26.54
503	14	5	4.4
149	108	7	13.58
101	4290	5	26.45
1691	794	4	58.55
109	276	4	13.28
5112	298	4	65.11
122	1684	5	46.28
183	281	3	20.9
142	1522	3	27.01
104	2501	4	22.58
101	980	6	9.96
781	102	4	8.7
3184	236	3	38.72
107	382	5	16.82
760	101	5	4.69
558	581	3	32.78
107	586	6	27
380	102	4	4.42
3417	101	3	7.99
101	769	18	69.13
101	2506	3	6.02
179	114	3	7.47
101	4544	4	21.16
8	1410	3	21.54
4370	14	3	11.68
710	118	3	17.96
102	4751	3	17.52
5315	101	3	11.52
103	734	24	191.06
203	102	12	20.12
101	3780	3	9.43
16	204	4	9.29
156	186	9	65.69
101	3728	4	16.3
474	711	3	33.06
107	1912	10	95.07
1398	13	14	147.03
1250	14	4	7.97
12	4759	3	11.32
12	2661	6	25.74
101	1539	6	15.99
116	142	6	19.01
2804	12	4	11.78
107	706	4	16.07
101	6328	3	15.87
241	471	3	26.32
449	8262	3	51.24
312	652	4	42.45
2057	101	3	5.3
101	3059	3	7.99
4654	101	3	11.52
12	1143	12	45.28
102	3190	4	21.75
810	3004	3	46.26
101	2805	4	12.04
153	2914	3	32.53
101	2881	3	6.9
314	106	3	4.62
1765	12	3	3.99
102	2053	7	41.82
101	515	11	18.16
277	120	8	50.08
106	116	11	4.66
2915	14	4	15.02
1051	14	4	7.01
118	151	38	281.34
101	1235	5	8.83
101	1167	5	8.2
124	575	6	44.71
1254	102	3	7.58
321	102	8	15.4
270	111	7	36.23
123	652	3	18.75
12	191	73	255.02
1466	12	4	6.21
7944	14	3	18.21
101	4782	3	11.52
12	1548	5	10.87
101	2788	4	12.04
2768	12	3	6.71
109	617	3	12.53
12	5774	3	11.32
267	3108	4	56.66
2926	141	4	44.87
870	101	6	8.82
101	243	50	177.07
129	135	3	6.51
163	111	5	14.27
101	6251	3	15.87
116	102	32	23.97
245	103	4	4.47
101	2909	3	6.9
1351	14	3	4.75
8133	253	3	47.71
16	2	22	37.1
1967	14	3	6.68
610	12	7	7.46
505	16	35	362.83
1230	133	5	46.68
2137	121	3	25.22
615	1978	8	132.55
102	4754	4	29.29
101	5396	3	11.52
7500	101	3	15.87
101	5224	3	11.52
102	428	16	64.59
411	14	6	5.52
103	699	4	11.58
12	2167	3	5.12
101	1882	4	8.58
164	531	4	32.8
1658	106	3	14.08
1162	12	4	4.72
847	14	5	8.45
2868	3941	4	79.66
724	101	8	13.48
4830	115	3	30.31
126	117	6	13.88
12	1665	8	29.34
101	2459	6	23.04
5222	101	3	11.52
554	156	7	65.88
3743	101	3	9.43
104	675	3	7.06
12	2058	9	46.99
101	4273	3	9.43
101	2143	3	5.3
101	4377	4	16.3
3333	115	5	52.62
843	102	3	5.43
164	126	5	20.24
107	365	3	6.96
104	4522	3	20.7
2408	14	3	8.12
165	153	3	13.09
561	14	10	23.13
716	715	25	497.24
101	7841	3	15.87
343	1702	3	36.81
101	1693	7	23.2
326	12	12	11.86
254	114	3	10.39
1251	12	12	48.11
104	1955	4	20.27
3237	4014	3	57.34
101	2408	7	31.15
113	340	10	65.28
108	532	3	10.38
503	593	4	45.27
284	8	5	25.12
1987	12	4	8.34
178	537	7	69.38
516	14	35	212.6
101	1903	6	18.87
101	8171	3	15.87
3643	478	3	44.84
3566	14	3	10.19
101	1752	4	7.77
415	119	4	22.48
12	656	13	31.5
1205	16	5	31.94
102	5805	3	17.52
498	101	7	5.84
5097	101	4	21.16
101	2222	4	9.53
169	294	3	19.98
101	4192	4	16.3
107	416	11	56.81
102	1573	4	14.43
1847	14	6	23.36
12	5235	4	20.88
6966	12	3	15.66
363	14	6	4.56
3090	377	3	42.03
1684	12	3	3.99
339	14	9	11.25
101	2667	3	6.9
2611	2702	7	157.05
883	119	3	19.39
103	7347	3	24.91
1721	3483	3	51.18
101	425	12	18.19
286	107	5	14.05
1174	1222	3	41.94
1818	3632	5	101.68
2419	16	6	53.06
500	117	4	23.38
1052	101	6	11.29
1145	102	3	7.2
2231	119	4	36.38
198	106	9	22.15
102	4451	3	15.34
4653	14	3	13.81
101	3686	4	16.3
214	4433	4	56.86
101	5725	4	21.16
1149	14	5	11.56
802	2974	4	63.41
7317	12	3	15.66
101	1392	4	5.88
950	101	5	6.17
103	215	9	19.53
111	141	4	7.31
289	101	22	43.14
931	102	3	5.94
1407	127	3	24.2
1212	170	4	41.05
2052	107	3	17.15
104	2840	3	15.72
199	333	9	89.59
1004	170	3	27.6
101	2922	5	18.37
104	372	4	7.65
13	151	61	416.67
185	14	24	38.4
121	4939	3	32.15
430	12	7	4.49
2541	12	3	5.84
102	1675	5	21.76
1032	14	4	6.59
104	2829	5	33.63
117	107	47	152.01
102	2249	6	32.63
231	303	3	23.39
147	107	21	71.92
170	1567	3	30.32
101	3701	4	16.3
5667	110	3	29.01
2003	101	5	13.32
107	1989	3	16.41
101	1468	6	14.83
241	1364	3	32.74
118	124	6	13.59
515	12	14	29.2
1988	14	4	11.41
107	1786	4	23.71
103	423	4	8.17
115	101	165	241.47
270	156	3	18.43
12	102	443	18.62
107	2260	3	17.15
527	16	3	11.07
125	102	21	11.68
104	268	4	5.45
2301	1065	6	105.39
630	3297	3	44.78
277	14	12	16.86
104	701	3	7.27
2081	8	3	24.11
4683	12	3	11.32
2777	101	3	6.9
2407	101	3	6.02
568	101	7	7.09
101	1723	3	4.16
101	7887	3	15.87
101	1875	10	52.91
12	2453	8	41.77
101	7991	3	15.87
3632	14	3	11.68
113	1318	3	20.14
102	3018	3	13.8
103	4528	3	20.44
862	114	5	34.84
12	931	8	16.68
12	1067	17	88.77
723	14	4	4.37
107	3892	3	21.81
4074	428	3	44.35
108	363	7	31.62
103	602	17	100.58
101	2132	3	5.3
104	3449	3	16.94
6334	3232	3	64.07
5147	110	3	29.01
3788	101	3	9.43
2098	115	6	58.19
102	1284	5	18.03
101	2629	3	6.9
7880	2074	3	60.93
4593	1	3	31.68
3552	120	4	41.1
302	492	35	585.54
109	510	3	11.61
168	108	4	5.98
1410	9	3	21.9
102	2482	4	18.4
101	1327	5	9.53
101	1267	6	12.88
4086	131	4	46.57
263	12	42	138.42
2231	12	3	5.12
107	995	3	12.21
2318	1535	7	134.72
101	4779	3	11.52
101	4711	3	11.52
383	102	4	4.42
101	2861	4	12.04
169	1008	4	39.14
104	346	4	7.21
2108	12	3	5.12
3210	2252	3	52.62
107	738	8	45
726	221	3	28.18
101	1370	5	9.53
636	106	3	8.1
2380	12	3	5.84
102	7069	3	21.96
2532	232	4	51.58
111	339	9	55.68
12	391	16	30.14
115	445	3	13.71
175	172	4	23.56
303	107	3	5.85
189	1749	3	32.04
182	106	5	6.19
1255	14	5	12.25
1520	12	7	19.52
126	169	3	9.78
2019	106	4	23.47
143	118	4	10.12
705	12	5	3.85
154	101	22	7.2
107	111	56	164.97
5649	101	3	11.52
6091	369	3	50.21
2597	4638	3	58.33
101	6870	3	15.87
173	102	8	5.05
101	606	16	45.26
200	107	10	32.4
135	407	5	35.05
101	928	7	13.05
112	1451	3	20.49
102	5930	3	21.96
774	8	3	17.56
158	162	3	13.49
101	2200	4	9.53
104	678	4	11.6
101	4322	3	9.43
587	108	4	16.88
1803	12	5	13.01
1133	14	3	4.05
102	220	41	186.3
123	209	8	47.02
1885	101	3	4.68
326	102	8	15.67
740	7141	3	54.04
266	2159	3	36.62
3468	1121	3	48.23
112	134	4	6.05
750	12	16	54.22
101	7937	3	15.87
2734	12	5	18.04
101	1669	3	4.16
101	1745	6	17.32
2090	2504	4	70.76
146	8053	3	41.55
193	116	3	9.46
102	267	41	218.08
102	343	24	107.92
104	4542	4	33.55
9	14	78	86.14
524	278	4	39.94
4084	101	3	9.43
599	813	23	428.7
132	234	3	13.57
104	982	4	14.45
101	4541	3	11.52
105	101	559	705.31
101	772	9	18.07
154	140	4	16.78
530	12	8	8.64
119	106	13	8.95
159	120	4	12.21
104	1744	4	19.34
2089	101	6	20.73
12	937	18	81.3
233	107	7	20.83
6896	206	3	45.89
127	167	4	15.27
111	172	4	10.94
102	7042	3	21.96
103	117	16	8.16
690	101	5	4.09
454	110	5	26.24
147	114	5	12.98
109	1653	3	18.96
137	8	3	4.25
1084	12	6	10.93
101	3903	4	16.3
101	3827	3	9.43
101	5957	3	15.87
101	2961	3	6.9
721	101	6	6.99
595	102	11	42.11
202	132	4	18.72
106	113	15	7.21
1754	101	4	7.77
12	3759	5	26.11
101	520	10	14.71
106	227	9	25.97
718	617	25	470.21
216	159	10	81.23
820	106	4	14.9
181	108	3	3.92
13	1205	5	32.71
438	2468	4	57.12
450	106	5	15.57
566	14	5	5.28
12	223	75	345.17
103	369	3	4.09
101	1342	4	5.88
133	113	4	6.18
544	878	3	35.07
486	14	9	16.35
101	5184	3	11.52
296	117	4	19.36
4954	101	4	21.16
107	832	3	11.31
101	266	28	64.75
101	190	55	149.25
351	101	12	14.38
101	132	69	73.79
102	7091	3	21.96
779	101	5	4.69
5751	115	3	30.31
382	101	8	5.65
166	115	6	20.58
1915	705	3	41.58
329	1457	3	35.29
101	3706	3	9.43
449	1047	18	316.01
155	758	3	24.32
12	166	137	661.57
162	114	3	6.13
642	101	7	8.63
151	16	14	48.8
156	2809	5	62.61
106	1435	3	12.97
2842	101	5	18.37
2457	102	3	11.64
1445	107	3	14.64
653	912	9	134.71
102	3272	3	13.8
104	187	20	65.91
101	2679	5	18.37
383	191	3	23.09
1180	12	4	4.72
12	7585	3	15.66
101	2831	6	26.15
13	4385	5	52.47
755	365	3	32
692	12	12	28.91
4278	131	5	64.48
308	337	3	26.09
12	2087	4	9.28
3377	101	3	7.99
149	111	3	4.88
205	101	13	5.31
101	2377	8	42.32
1839	113	10	115.5
176	101	29	33.33
12	679	25	116.61
4829	482	3	47.07
109	1427	3	17.82
101	1720	5	12.18
101	1668	4	7.77
366	1	45	537.23
489	207	5	47.83
101	8243	3	15.87
101	1923	4	8.58
159	14	17	9.46
2685	12	3	6.71
101	3260	3	7.99
101	3192	5	21.19
1328	545	12	201.55
305	102	16	51.64
3223	101	3	7.99
101	2420	5	16.31
167	919	3	26.64
101	6968	3	15.87
106	922	3	10.27
12	5650	3	11.32
298	106	3	4.45
13	761	8	53.58
7285	12	3	15.66
101	2405	3	6.02
104	936	3	8.77
107	240	5	11.99
405	238	3	25.31
899	102	3	5.68
247	102	8	11.68
2204	101	3	5.3
12	1027	12	40.66
2206	124	4	37.96
7256	12	3	15.66
101	3295	5	21.19
3814	12	3	9.24
12	651	13	31.5
101	3500	3	7.99
176	216	4	26.76
4633	1843	3	55.68
254	107	3	4.97
112	101	91	43.18
101	1755	3	4.16
107	495	4	13.45
101	7148	3	15.87
223	107	3	4.14
117	918	3	19.43
274	14	11	13.55
397	2102	3	39.03
109	233	3	7.16
101	4323	3	9.43
1950	14	3	6.68
101	2328	4	10.66
104	630	7	27.34
101	4247	4	16.3
106	253	10	33.58
7953	12	3	15.66
7877	159	3	42.74
13	507	35	368.31
422	107	7	29.65
12	138	233	1144.5
12	257	24	44.48
711	167	3	25.21
1145	12	4	4.72
101	1192	9	26.72
1045	253	6	72.79
4763	12	3	11.32
2150	12	3	5.12
102	1015	5	16.01
111	318	3	11.24
1922	12	6	18.48
101	3689	3	9.43
4430	101	3	9.43
7713	160	3	42.82
102	2197	7	41.82
115	468	3	14.02
943	16	3	14.3
5024	101	3	11.52
430	102	5	8.29
101	293	10	6.42
118	1205	8	75.16
472	106	6	21.17
1891	12	3	4.51
548	14	5	5.04
1358	131	4	34.85
911	12	7	12.64
3473	14	3	10.19
101	5417	3	11.52
552	3417	3	43.97
104	3440	3	16.94
4314	101	4	16.3
386	102	5	7.48
107	165	6	9.4
101	6886	3	15.87
323	583	3	29.41
6481	115	3	34.8
103	1992	3	12.91
755	133	3	21.4
105	126	20	33.95
420	118	6	38.97
104	951	7	33.22
1442	14	5	13.82
998	12	7	13.37
676	819	16	267.75
109	300	6	25.49
101	4338	3	9.43
6557	12	3	15.66
101	2216	4	9.53
1707	101	3	4.16
101	996	8	18.08
511	101	35	185.23
8348	115	3	34.8
2246	1263	3	45.92
2641	107	5	39.18
850	121	3	19.21
101	7770	3	15.87
108	265	4	11.11
105	1355	4	19.13
2004	235	3	34.83
170	1863	7	90.21
155	147	3	12.02
102	3111	4	21.75
3930	12	3	9.24
101	3617	4	16.3
103	2181	3	13.64
1695	106	4	21.46
556	12	8	9.44
102	669	12	51.56
393	464	3	29.51
319	14	8	7.36
1303	107	5	29.43
398	869	3	33.27
209	102	13	24.87
115	146	3	5.09
105	1726	3	14.03
668	5497	3	49.06
1061	102	3	6.85
109	757	4	20.93
180	102	8	6.07
1835	115	7	69.05
297	103	4	5.81
3277	103	3	16.69
702	12	7	9.16
276	7260	3	48.37
104	2670	4	24.08
101	6292	3	15.87
2554	12	3	5.84
8223	12	3	15.66
102	1838	3	10.11
852	12	5	5.12
324	106	4	8.23
1775	12	3	3.99
101	4950	3	11.52
104	438	10	39.83
104	482	3	5.37
943	102	3	5.94
445	125	3	16.6
105	634	3	8.05
336	101	10	8.18
2192	101	3	5.3
3139	9	3	27.59
1884	101	5	13.32
101	1461	4	6.44
103	325	4	6.16
101	1563	6	15.99
110	478	3	12.93
562	194	3	25.38
3638	12	3	9.24
1414	12	4	6.21
1041	103	3	9.16
207	2724	6	86.5
12	360	21	49.01
1942	101	3	4.68
253	102	5	4.07
146	387	4	28.69
101	331	24	58.26
103	1581	3	11.7
129	107	28	82.94
1523	115	4	30.41
5570	7646	3	67.89
7231	12	3	15.66
101	5171	3	11.52
2110	14	3	7.35
114	196	5	18.58
3805	12	3	9.24
109	720	4	20.59
3116	14	3	10.19
214	1883	4	48.41
101	588	9	13.5
4615	1645	4	79.8
110	135	6	11.58
12	155	35	31.77
101	1805	6	18.87
101	1865	4	8.58
520	3123	3	43.6
102	251	13	30.97
1413	14	3	5.15
165	189	8	58.29
102	3128	4	21.75
457	279	4	38.79
101	4301	3	9.43
101	4353	5	26.45
2432	101	3	6.02
102	3839	4	24.33
105	544	4	11.94
3399	12	3	7.8
2693	14	3	9.05
101	1097	8	20.14
107	393	7	28.62
190	13	3	5.17
8371	12	3	15.66
106	2203	3	15.47
101	4489	3	11.52
105	287	18	88.18
836	101	8	15.54
105	183	14	42.7
139	115	3	4.2
3768	101	4	16.3
349	9	3	13.56
488	116	35	408.83
5483	12	3	11.32
485	197	3	24.59
169	202	4	25.14
101	2361	5	16.31
4953	101	3	11.52
9	13	23	61.41
386	388	3	28.6
1321	12	4	5.66
272	12	22	39.63
112	126	13	41.49
101	1736	8	29.87
2425	226	3	36.22
123	108	21	56.68
788	101	7	10.56
260	16	49	433.48
2863	447	4	58.65
387	101	7	3.92
685	170	4	36.14
169	1349	3	29.09
101	5383	3	11.52
101	3328	3	7.99
136	445	4	26.82
108	352	11	59.39
6453	101	3	15.87
5698	12	3	11.32
1216	12	4	5.17
102	449	30	178.13
1818	5939	3	60.17
8205	14	3	18.21
2357	12	3	5.84
135	12	38	14.9
101	2436	6	23.04
3685	3678	3	58.93
395	110	4	18.17
142	3926	3	34.3
7410	101	3	15.87
126	125	5	12.17
108	1266	4	23.12
4730	4645	4	94.22
102	6019	3	21.96
212	101	22	26.72
187	1936	4	46.33
107	696	7	36.57
101	6334	3	15.87
106	373	3	5.6
1696	1459	3	45.46
117	221	10	60.02
1877	14	3	6.68
104	580	3	6.3
13	175	3	4.57
157	106	18	51.78
12	541	31	147.13
1113	106	3	11.27
12	361	23	58.64
177	101	35	52.31
352	1864	6	86.57
102	962	3	6.22
166	102	17	26.55
101	7693	3	15.87
151	119	10	45.8
2908	279	3	38.81
101	1345	4	5.88
1215	3105	4	69.18
1198	145	13	163.8
102	2484	7	45.28
249	169	3	18.86
12	112	588	2875.33
114	249	4	15.86
292	239	4	33.56
161	1847	3	30.69
104	323	8	22.92
195	14	15	14.46
146	141	3	10.37
102	2063	3	10.82
106	121	26	45.6
13	2780	3	21.96
1964	101	3	4.68
2589	1583	4	69.38
256	101	12	8.36
114	107	51	147.21
2123	110	3	22.09
114	310	4	17.59
106	337	3	5.08
129	383	3	16.65
101	566	6	4.69
101	1124	5	7.62
110	14	80	46.34
465	467	3	30.42
1094	119	5	40.38
12	123	215	665.36
138	310	3	16.72
138	107	17	42.49
12	454	7	4.73
504	16	35	353.7
16	102	48	12.03
1221	102	4	12.46
3335	101	3	7.99
340	1911	3	37.36
101	7698	3	15.87
238	14	9	5.79
113	3381	3	26.32
101	1381	6	13.8
101	1432	4	6.44
1978	14	4	11.41
355	685	3	31.36
213	221	7	60.39
1320	14	5	12.99
107	681	6	28.79
109	2269	3	20.37
116	155	3	6.92
1027	101	7	14.6
12	1148	4	4.72
131	102	19	11.67
1697	16	9	82.67
807	1980	3	42.36
150	101	51	74.84
4820	150	3	37.41
496	398	3	29.85
152	1447	4	40.1
13	2574	4	32.44
101	670	16	49.78
105	321	10	38.03
102	4010	3	15.34
126	114	5	7.81
104	7013	3	25.16
2534	14	4	13.59
2476	120	5	50.35
835	14	5	8.45
3381	12	3	7.8
1762	14	3	6.11
161	12	18	3.85
109	1312	3	17.33
124	611	4	26.85
101	1944	6	18.87
104	5544	3	20.7
326	16	6	24.91
101	1771	5	12.18
478	121	3	15.98
108	144	17	57.28
128	614	3	18.95
292	662	5	55.04
249	2131	3	36.08
109	217	4	10.91
158	108	8	19.47
1166	13	5	32.71
1529	14	7	25.15
1408	101	4	6.44
5114	121	4	48.87
596	107	3	9.47
4263	1859	3	53.44
102	1460	7	33.62
183	137	5	25.7
435	102	5	8.29
471	133	4	27.1
12	3251	6	31.33
3940	470	3	44.67
3701	2054	3	54.2
130	108	12	23.51
109	3048	3	23.48
236	12	12	5.94
164	212	4	24.88
106	724	3	8.95
145	446	3	19.97
101	997	6	9.96
101	7210	3	15.87
363	106	3	5.49
1821	102	3	10.11
446	111	3	13.22
122	1707	3	23.98
101	2334	3	6.02
104	695	4	11.9
644	279	4	41.61
102	2977	3	12.61
2582	101	4	12.04
101	3542	3	7.99
101	3618	4	16.3
102	311	27	120.5
1188	12	4	4.72
2	271	3	9.5
460	151	8	73.11
493	101	13	25.07
101	3361	3	7.99
13	2003	6	49.55
102	6102	3	21.96
102	3996	4	24.33
4899	115	4	46.41
199	2634	3	36.07
104	994	6	27.03
101	2523	3	6.02
135	136	6	22.44
101	792	6	7.84
101	5019	4	21.16
12	1274	4	5.17
1638	12	3	3.99
102	3570	3	13.8
282	103	4	5.49
1057	101	6	11.29
2905	101	3	6.9
101	231	12	6.23
102	1837	4	16.14
130	1077	3	22.81
1127	102	4	11.41
103	146	9	8.01
101	1506	5	10.31
3369	101	5	21.19
1257	14	3	4.38
13	1593	8	68.73
3515	12	3	7.8
198	14	25	47.21
1123	14	5	10.94
162	134	3	10.41
12	203	17	11.41
113	1807	10	115.5
2550	3676	5	104.96
102	744	3	4.76
101	6548	3	15.87
106	319	4	8.1
286	101	9	4.4
12	1426	12	55.76
2677	12	3	6.71
1760	12	3	3.99
1173	103	16	132.91
114	116	27	109.72
102	2041	9	65.9
3562	12	3	7.8
13	4884	4	41.97
101	451	35	160.03
106	14	202	73.81
771	12	8	13.66
3953	110	5	55.85
239	102	6	5.48
104	333	7	19
545	115	4	22.21
1310	101	4	5.88
115	107	12	7.03
13	1324	3	17.04
12	308	23	48.42
844	748	22	429.43
375	12	12	15.04
200	1975	4	47.51
7202	7271	3	72.39
103	414	3	4.53
107	1932	3	16.41
1535	114	8	77.26
1403	788	3	40.26
103	157	8	7.8
292	1252	3	33.67
147	101	21	4.44
16	344	49	508.6
137	102	29	43.33
6027	115	3	34.8
117	101	54	13.05
114	536	7	46.53
249	1186	3	32.1
150	135	3	9.5
102	3585	3	13.8
999	101	8	18.08
915	107	8	49.33
104	378	3	4.4
101	5066	3	11.52
16	1413	5	34.46
1032	106	3	10.91
102	1854	5	23.01
235	14	13	15.31
163	142	4	18.15
1708	12	3	3.99
106	499	3	6.9
104	1103	3	9.75
4038	12	3	9.24
101	6902	3	15.87
12	3489	6	31.33
5971	831	3	54.87
1669	133	4	38.18
1086	16	3	15.33
586	101	8	10.31
163	1927	3	30.77
182	189	3	17.35
1430	14	13	78.94
582	106	3	7.72
807	14	5	8.04
5604	12	3	11.32
127	184	5	23.22
1530	14	5	14.74
104	1984	3	13.16
2191	12	4	9.28
3247	12	4	13.55
108	217	3	5.38
101	1730	3	4.16
112	254	3	10.21
5786	115	3	30.31
102	328	5	5.99
102	148	48	147.65
3490	1925	3	51.86
13	4319	5	52.47
162	5347	3	38.44
106	677	3	8.51
101	1044	10	29.35
1501	14	3	5.15
3887	14	3	11.68
109	144	15	53.86
246	114	3	10.15
152	132	6	25.77
101	1992	3	4.68
730	716	25	497.24
123	491	3	17.19
226	3276	3	38.49
101	3207	3	7.99
139	108	7	10.91
101	3327	6	31.74
104	1782	3	12.52
101	5450	3	11.52
197	122	5	22.02
1963	12	3	4.51
105	305	4	7.91
101	659	18	60.21
101	6847	3	15.87
369	101	8	5.41
4195	195	3	38.59
107	137	32	115.56
101	1019	5	7.1
9	306	3	12.66
1593	101	8	27.64
101	975	8	18.08
621	101	8	11.25
3305	12	4	13.55
1202	12	6	11.68
101	5639	4	21.16
1233	12	5	8.54
2631	103	7	58.13
108	164	8	20.23
5414	14	3	13.81
101	1787	9	37.48
656	101	8	11.77
545	160	4	32.79
181	102	11	13.41
122	516	35	432.52
102	2485	4	18.4
101	4098	3	9.43
12	181	101	444.92
162	101	45	69.78
12	285	13	12.33
1628	12	5	10.87
101	1276	5	8.83
110	216	5	18.31
102	2064	4	17.18
12	3749	3	9.24
106	221	4	5.41
114	146	4	8.58
12	1456	4	6.21
13	475	4	16.97
3347	101	5	21.19
348	841	8	104.9
329	303	3	25.75
101	3026	3	7.99
3245	101	3	7.99
212	14	10	5.94
423	12	8	6.34
945	106	3	10.27
851	12	7	11.32
895	169	3	26.42
102	963	15	90.5
101	1428	5	10.31
12	2730	5	18.04
1379	12	4	5.66
103	116	16	7.88
300	243	5	45.06
12	362	42	188.3
238	101	12	6.42
1355	101	4	5.88
102	1050	5	16.01
104	1122	3	9.75
101	3742	3	9.43
104	412	6	16.98
12	1353	10	36.07
514	153	3	21.66
5401	131	3	34.18
117	134	4	8
101	6362	3	15.87
101	234	27	50.46
3170	7971	3	64.07
103	1552	3	11.7
909	102	3	5.94
761	16	5	27.35
252	102	6	6.44
888	101	5	5.75
4465	133	3	34.93
883	110	10	82.79
134	101	39	17.54
1186	101	4	4.93
106	135	26	67.45
2097	101	6	20.73
3841	12	4	16.03
605	12	8	10.33
2240	14	3	7.35
4426	1032	3	49.44
102	3180	5	31.25
101	3929	4	16.3
101	6051	3	15.87
640	12	7	8.26
1686	12	5	11.86
110	101	154	150.75
101	1177	6	12.04
1217	101	5	8.83
102	743	13	61.21
102	624	3	4.03
155	193	4	22.77
102	2982	5	28.34
102	282	23	89.61
102	6442	3	21.96
165	164	5	28.41
101	1688	3	4.16
266	1038	4	45.11
1777	14	4	10.55
840	535	4	48.73
178	12	17	6.88
12	2428	3	5.84
112	184	4	12.14
1244	3502	3	49.06
12	5375	3	11.32
7353	103	3	24.91
817	14	7	15.81
101	866	6	8.82
105	405	4	9.94
2557	110	4	33.62
101	4204	4	16.3
479	570	25	417
13	957	4	22.57
102	6047	3	21.96
102	4009	3	15.34
105	254	6	14.17
107	2921	3	19.02
114	927	3	17.86
12	1728	7	22.74
2642	324	7	115.12
101	4518	4	21.16
107	122	25	55.64
3502	185	3	36.49
659	145	4	32.05
106	902	3	9.98
101	823	11	28.12
391	142	3	19.21
1928	12	4	8.34
2751	487	3	42.01
101	1943	7	25.26
228	114	3	9.63
1277	12	4	5.17
2189	1791	3	48.04
132	1238	4	34.24
147	698	3	23.19
101	3364	4	13.82
294	125	3	14.26
101	299	14	16.44
106	592	4	12.5
296	143	6	43.58
101	2913	3	6.9
107	8349	3	28.51
374	106	9	35.76
4083	12	3	9.24
206	122	3	10.72
4645	3665	4	89.22
105	1930	3	14.68
147	126	3	8.07
4867	12	3	11.32
3153	277	4	56.92
3421	110	4	37.05
202	1447	3	31.72
12	136	132	343.08
409	546	3	30.68
104	302	6	13.33
1000	12	12	38.72
7783	108	3	30.28
102	2010	5	23.01
187	1694	3	31.93
105	472	4	10.86
1147	161	3	27.48
1461	115	6	51.73
6238	1218	3	57.38
104	755	4	12.53
101	929	11	32
1920	14	3	6.68
104	2456	3	14.73
4297	12	4	16.03
183	124	3	10.49
118	745	6	45.48
1270	14	4	7.97
2795	12	3	6.71
337	14	8	8.49
1645	990	4	60.24
1885	14	3	6.68
669	4647	3	49.06
8	475	3	14.89
6780	101	3	15.87
341	102	7	13
3964	119	3	29.82
101	5340	3	11.52
1290	1965	3	45.63
5035	12	3	11.32
101	8222	3	15.87
920	106	7	36.92
1753	12	4	7.53
2690	12	4	11.78
1318	120	11	119.64
2900	195	4	50.91
105	59	13	21.18
104	1070	3	9.75
1109	110	6	45.04
13	791	4	20.92
101	654	7	8.63
258	989	4	44.37
102	1295	10	56.68
242	102	9	14.5
395	12	9	7.75
104	907	3	8.77
12	7762	3	15.66
126	134	4	10.11
105	244	5	9.8
8403	14	3	18.21
101	3318	3	7.99
233	106	4	5.96
108	566	3	10.74
102	387	9	23.14
101	1850	3	4.68
101	7938	3	15.87
101	1670	4	7.77
123	102	28	25.79
7152	115	3	34.8
3444	12	3	7.8
21	2	7	11.17
8	524	3	15.41
2247	14	3	7.35
6477	12	3	15.66
104	770	5	17.96
373	159	8	71.79
101	4218	3	9.43
1709	12	3	3.99
109	196	3	5.74
105	347	3	5.23
101	1080	5	7.62
101	1028	10	29.35
1392	115	5	39.82
102	1413	6	26.35
1236	1990	5	82.59
2588	6165	3	62.83
596	143	3	21.64
101	2757	3	6.9
4416	14	3	11.68
12	3760	5	26.11
101	571	9	12.98
4385	14	5	30.36
5725	12	3	11.32
253	485	6	62.91
394	703	23	381.8
1117	12	4	4.32
1787	14	5	15.79
101	1239	6	12.88
792	14	18	85.71
3644	103	3	18.24
138	143	4	14.55
4726	2308	3	57.31
1761	110	7	63.82
101	4159	4	16.3
101	3979	3	9.43
102	4418	3	15.34
809	101	6	7.84
108	1003	3	14.25
12	479	25	85.77
107	8080	3	28.51
382	120	4	21.91
418	124	3	16.4
1919	12	3	4.51
230	573	4	38.57
307	12	11	8.54
1295	2591	4	67.91
4553	527	3	47.6
12	1319	5	9.23
101	3011	4	13.82
5356	101	3	11.52
1348	12	4	5.66
3411	103	3	16.69
101	1156	8	21.32
4822	12	3	11.32
231	352	4	34.99
102	2621	3	12.61
442	5570	3	46.58
2574	518	3	42.36
12	6429	3	15.66
12	165	20	7.02
101	4166	5	26.45
1691	110	7	63.82
1607	1859	5	85.38
206	394	23	296.37
347	102	5	6.6
725	119	3	18.29
1562	5032	4	78.94
258	12	11	6.15
121	108	10	11.45
107	968	4	18.72
297	207	3	22.46
101	522	11	18.16
1222	13	3	16.59
109	2257	3	20.37
102	1791	3	9.49
101	265	14	13.85
318	115	6	31.79
282	328	3	25.44
102	3572	3	13.8
8058	101	3	15.87
105	2008	3	14.68
4723	16	3	26.52
12	422	18	41.28
101	3909	3	9.43
905	1218	4	56.81
657	101	7	8.63
111	12	128	108.22
3554	14	5	25.05
990	12	5	6.34
101	1614	7	21.47
210	106	8	19.52
2134	14	4	12.41
139	118	5	13.67
101	3343	5	21.19
101	3259	3	7.99
101	3191	3	7.99
170	2081	3	32.35
102	4932	3	17.52
103	673	4	11.29
1165	102	5	17.31
101	1924	7	25.26
102	466	18	80.3
159	101	22	9.2
4870	7663	3	67.89
12	5479	3	11.32
3673	1812	4	75.76
154	338	3	19.49
107	256	8	27.82
520	1285	3	36.91
148	1350	4	38.95
677	12	15	43.06
13	745	9	61.97
105	289	4	7.56
105	221	4	5.35
1554	12	4	6.83
456	108	3	9.59
2335	120	8	97.53
12	1884	6	18.48
1363	120	3	22.04
186	103	6	6.47
471	160	5	41.89
12	5394	3	11.32
113	2780	3	25.08
101	1035	9	23.99
130	209	3	12.58
102	7682	3	21.96
107	407	13	71.43
112	59	4	7.12
930	101	6	9.37
193	107	8	21.3
1767	12	6	16.93
176	14	14	8.69
1826	3309	4	73.12
102	246	16	43.81
254	106	11	39.06
2770	12	3	6.71
133	835	4	31.77
5697	14	3	13.81
101	1756	3	4.16
178	286	10	94.72
1364	101	4	5.88
101	5470	4	21.16
232	102	7	7.85
274	101	11	7.5
16	1820	10	103.43
3485	150	5	64.5
101	2329	3	6.02
102	1443	10	59.34
3584	12	3	7.8
118	1896	3	24.27
2071	14	3	7.35
14	58	51	61.58
163	1000	7	75.49
745	12	5	4.14
102	1325	3	7.99
101	687	6	6.6
104	2223	3	13.89
173	118	4	13.64
120	106	11	5.4
2371	101	8	42.32
240	107	5	11.99
126	101	86	109.4
104	885	3	8.49
108	452	3	9.59
102	553	14	58.53
102	417	15	56.51
123	448	4	24.65
641	12	9	14.73
6300	13	3	31.47
112	347	3	12.19
2912	12	3	6.71
12	469	32	134.9
13	1430	13	136.51
1160	12	5	7.91
845	14	5	8.45
102	1014	5	16.01
102	1066	3	6.85
393	261	3	26.11
707	102	3	4.57
595	133	3	20
1680	101	4	7.77
106	405	4	10.01
102	1776	8	45.84
101	2918	4	12.04
101	5092	4	21.16
3791	14	3	11.68
3036	1607	6	119.83
104	291	8	21.83
12	1487	7	19.52
2973	1	7	84.47
102	3164	3	13.8
7522	7018	3	72.39
180	108	3	3.92
106	322	7	21.7
2545	101	4	10.66
574	107	9	47.93
426	101	11	14.93
102	2091	3	10.82
352	6764	3	49.82
102	2031	6	32.63
101	1313	9	30.1
2781	110	7	78.21
1772	102	3	9.49
422	106	3	6.2
12	139	204	913.67
101	3945	4	16.3
102	2400	4	18.4
209	108	3	5.09
155	722	3	24.06
101	1504	6	14.83
228	816	23	366
1257	12	5	8.54
12	406	8	5.8
170	1555	7	86.13
4269	14	3	11.68
203	126	3	11.77
2490	2875	3	52.25
101	5021	3	11.52
104	439	4	8.64
101	3034	5	21.19
104	483	3	5.37
109	1015	3	15.7
430	106	3	6.33
150	122	7	27.65
3831	145	4	49.96
324	16	7	31
106	213	4	5.26
759	2630	7	128.08
4728	4700	4	94.22
105	2384	3	16.26
462	123	14	126.56
740	1341	13	233.75
12	7538	3	15.66
12	1424	12	55.76
1534	106	4	20.63
198	12	14	5.38
3354	12	3	7.8
5032	14	4	24.28
2955	12	3	6.71
115	147	3	5.25
293	13	3	8.35
102	2601	3	12.61
101	1248	6	12.88
1128	127	3	22.42
349	382	3	27.8
136	102	19	15.2
6028	115	3	34.8
4424	2170	3	54.2
232	107	3	4.38
1205	101	6	12.04
102	233	11	20.83
112	155	4	9.29
478	12	10	13.15
1661	8	4	33
101	1715	4	7.77
1357	14	3	4.75
211	120	4	16.47
2849	131	3	29.12
914	107	9	58.22
354	137	3	17.42
998	101	5	6.61
401	104	9	32.42
3218	3505	4	78.94
959	170	3	27.25
196	121	6	28.24
7979	176	3	44.23
340	206	26	334.22
4074	1222	3	50.65
104	948	6	26.32
113	129	4	5.28
101	2589	3	6.9
3885	8188	3	65.66
770	12	7	10.17
7361	8	3	35.54
58	14	40	33.48
7903	14	3	18.21
127	123	94	814.71
2486	764	8	146.8
377	16	4	14.82
250	101	19	26.18
241	1732	3	34.4
7045	137	3	39.75
320	101	12	12.11
159	110	4	8.61
139	116	4	9
1215	1006	8	131.89
1790	12	3	3.99
197	14	12	7.98
2647	12	4	11.78
108	372	4	13.73
104	1101	3	9.75
1798	562	5	73.94
533	2435	3	41.51
201	107	6	13.7
285	101	18	28.12
3103	2282	5	99.55
2279	167	3	32.95
1168	101	4	4.93
101	1046	9	23.99
105	2671	3	17.26
116	964	3	19.67
107	396	5	17.04
102	1427	4	13.71
485	253	11	131.29
101	2381	5	16.31
457	194	15	176.22
540	12	26	102.75
104	2066	3	13.89
101	3663	3	9.43
155	106	9	14.04
101	1656	7	23.2
101	7880	3	15.87
2950	102	3	12.61
2920	3215	6	130.72
731	115	5	33.12
193	102	8	7.17
623	102	3	4.03
12	154	144	611.66
375	14	13	27.41
2725	103	4	23.75
4989	564	4	70.11
4313	14	3	11.68
1174	428	6	81.48
393	354	5	52.33
1189	12	5	7.91
2125	12	3	5.12
101	585	15	38.78
114	127	4	4.99
5274	101	4	21.16
8	7951	3	35.54
104	199	14	39.92
2522	119	4	37.65
2577	9	3	26.36
617	730	25	470.21
5824	380	4	67.22
13	104	31	12.77
932	114	3	17.86
1247	480	4	51.48
102	1856	4	16.14
140	13	4	4.31
153	363	6	48.44
13	2965	4	32.44
101	330	31	95.35
101	128	173	494.3
1356	12	4	5.66
235	12	22	31.14
129	108	12	23.31
2227	12	3	5.12
103	1584	3	11.7
813	367	23	397.53
101	1609	7	21.47
103	108	41	18.58
101	1475	7	19.97
272	3547	3	39.95
102	2258	6	32.63
102	2301	8	58.58
12	493	7	5.51
13	1522	3	17.53
712	170	3	25.48
314	12	12	11.18
174	108	10	32.76
135	3478	4	45.04
469	101	9	10.28
101	4096	3	9.43
12	183	34	51.97
12	287	26	58.86
2447	14	3	8.12
526	517	34	646.26
101	1174	5	8.2
101	7355	3	15.87
111	184	3	7.37
103	178	9	14.58
3587	119	3	28.23
12	544	18	50.81
101	3719	5	26.45
104	1229	6	30.42
162	498	3	22.34
13	1396	14	147.03
105	613	3	7.86
102	3590	4	21.75
101	2949	3	6.9
212	12	15	8.88
140	114	5	11.47
116	201	7	34.73
102	1653	8	45.84
103	1561	3	11.7
12	4124	4	16.03
199	6360	3	45.63
5932	103	3	24.91
101	2439	3	6.02
255	14	8	5.22
101	4477	3	11.52
1037	124	4	31.29
104	970	3	9.08
149	423	4	29.62
105	155	7	8.07
126	124	4	8.12
101	760	14	42.94
517	16	35	362.83
217	1925	3	34.22
107	135	41	165.39
334	141	4	26.32
1237	102	3	7.58
119	102	33	28.89
101	1938	3	4.68
119	161	16	93.65
101	2110	3	5.3
275	107	3	5.51
102	452	4	5.32
8	130	4	6.29
139	157	3	11.02
101	3329	6	31.74
102	4742	3	17.52
16	1029	4	22.44
2756	12	4	11.78
3217	101	3	7.99
101	973	5	6.61
272	101	11	7.5
1321	101	6	13.8
225	106	15	57.91
2683	1165	4	66.66
3574	12	4	13.55
5449	12	3	11.32
109	343	12	72.44
109	267	15	89.8
105	360	5	13.68
130	116	3	3.86
3059	4642	4	86.58
106	781	5	20.53
211	14	10	5.94
13	2376	8	83.97
109	220	13	66.1
107	2734	3	19.02
158	107	9	19.18
170	919	6	63.33
777	403	5	60.08
103	3452	4	25.64
1878	101	3	4.68
191	107	4	5.72
108	141	13	35.75
924	101	9	21.71
4669	110	4	44.68
1911	101	4	8.58
107	1240	3	13.7
1063	14	5	10.94
309	124	4	21.54
1175	14	3	4.05
112	182	5	17.2
1511	12	4	6.21
1928	14	3	6.68
101	2025	5	14.68
213	2478	3	35.78
161	101	27	19.06
108	466	3	9.74
4039	101	3	9.43
101	3314	4	13.82
105	204	4	4.66
126	111	13	40.75
101	4640	3	11.52
113	326	4	17.96
101	4520	3	11.52
154	155	5	25.83
1753	13	3	18.67
1658	12	4	7.53
1246	14	4	7.97
13	2573	6	57.23
257	286	7	68.99
12	1151	7	15.99
101	4970	3	11.52
12	1355	6	13.43
150	12	30	17.56
106	1367	3	12.49
2369	236	4	51.68
2800	371	3	40.65
101	1433	4	6.44
127	2510	4	39.89
1138	224	3	31.3
1174	317	3	33.56
207	463	10	110.42
118	420	15	128.95
12	455	7	4.73
3540	14	4	16.84
2359	131	4	40.5
2303	147	3	31.17
768	103	3	7.49
128	237	3	13.26
104	1512	5	24.86
12	126	62	44.04
1844	102	3	10.11
3555	101	3	7.99
207	208	21	228.95
2711	101	5	18.37
106	137	7	4.08
102	1893	4	16.14
104	153	9	9.68
4532	8	4	47.39
104	237	4	4.32
256	12	14	12.19
605	14	10	24.49
480	298	3	27.97
102	217	27	94.54
253	1045	5	58.41
839	106	3	9.7
3675	4669	3	61.16
4119	12	3	9.24
550	14	8	14.48
102	5931	3	21.96
492	511	35	663.45
101	2145	6	20.73
616	119	6	43.2
7738	12	3	15.66
1920	12	3	4.51
3077	3218	5	104.73
502	169	4	33.12
102	1312	5	18.83
1246	13	3	16.59
101	674	8	12.31
724	102	4	8.4
101	2537	3	6.02
4094	115	3	28.08
579	102	6	14.77
367	121	23	218.4
143	117	12	54.76
705	101	6	6.6
565	101	6	4.69
169	1184	9	109.35
1665	101	5	12.18
2778	101	3	6.9
749	1398	14	262.09
2	149	5	10.99
376	286	7	74.94
12	2320	8	41.77
101	3889	4	16.3
1542	8	3	22.09
214	2387	4	50.78
2458	12	6	22.64
102	2269	3	10.82
101	1520	4	6.44
113	5236	3	30.12
101	245	37	101.21
12	4170	5	26.11
5378	150	3	37.41
4644	9	4	47.87
116	101	123	164.87
12	1152	5	7.91
8	1907	3	23.36
514	12	7	5.79
105	651	6	24.89
977	169	3	27.07
101	4712	4	21.16
101	4832	3	11.52
396	12	20	47.47
102	3175	3	13.8
114	246	3	10.15
101	350	49	259.37
1417	4672	3	53.85
2002	101	4	8.58
103	523	4	9.53
160	121	4	12.44
101	1188	7	16.43
101	3934	3	9.43
101	4146	3	9.43
12	134	155	461.41
102	4444	4	24.33
1170	145	9	101.98
431	12	10	11.81
2160	106	3	15.47
5521	1222	4	76.82
321	101	15	20.8
181	107	7	15.65
101	4161	3	9.43
2968	459	7	120.74
101	3981	3	9.43
107	4409	3	21.81
114	141	3	4.39
729	21	22	258.63
687	3112	6	108.37
827	12	5	5.12
101	465	12	19.92
3480	12	4	13.55
146	6514	3	41.55
2825	12	4	11.78
129	118	4	7.22
102	3651	4	24.33
1674	306	3	36
101	3065	3	7.99
203	101	16	10.14
1624	16	3	17.62
12	477	10	13.15
16	146	4	4.67
207	349	12	130.8
3513	12	4	13.55
13	3795	5	52.47
510	106	6	22.18
101	3316	5	21.19
12	938	19	91.43
114	1747	4	31.85
4514	2635	3	58.33
6417	198	3	45.5
101	2107	3	5.3
2	109	9	5.19
2675	176	4	49.45
101	775	9	18.07
530	101	6	4.18
579	142	3	21.38
395	14	8	10.39
2124	12	3	5.12
12	1648	4	7.53
564	120	3	16.76
109	449	8	45.48
101	4368	4	16.3
2987	194	4	50.83
101	2297	3	6.02
5958	12	3	15.66
101	2194	3	5.3
1804	1831	6	109.54
101	1030	5	7.1
101	978	13	45.96
12	5423	4	20.88
781	101	11	27.01
106	739	4	14.22
130	132	3	5.88
760	102	3	4.97
107	592	3	9.28
110	832	4	23.95
1343	16	10	86.73
613	348	3	30.33
345	101	49	259.37
1469	101	8	25.74
841	643	8	115.01
12	803	10	22.71
7013	116	3	36.16
176	122	7	32.9
101	776	7	10.56
414	102	4	4.85
102	1162	3	7.2
3775	101	3	9.43
101	2423	5	16.31
564	14	5	5.28
1938	12	3	4.51
1409	106	4	19.88
108	433	4	14.83
2780	110	6	61.3
101	1974	4	8.58
101	1922	8	32.61
4129	16	3	24.3
102	572	17	81.05
997	115	4	26.94
2	113	16	34.5
3011	457	4	60.79
101	1717	6	17.32
218	281	5	42.97
108	5020	4	40.37
101	3518	4	13.82
1049	12	4	3.95
108	282	3	7.1
108	230	20	114.05
101	2318	8	42.32
149	114	4	8.88
1068	1579	4	60.39
102	5822	4	29.29
1082	12	4	4.32
102	1494	7	33.62
5788	101	3	11.52
226	387	3	24.93
104	186	14	36.29
125	101	60	38.38
101	4806	3	11.52
187	1874	3	32.6
1729	12	4	7.53
121	157	4	12.2
4660	844	3	50.37
4201	131	4	46.57
642	12	12	26.86
102	824	5	13.46
102	653	6	15.98
102	720	5	12.63
188	169	3	16.29
110	124	5	5.86
248	103	35	193.67
106	1379	3	12.49
428	4597	4	68.21
102	2623	4	19.88
4705	303	4	65.11
115	102	66	99.05
2348	102	4	18.4
108	795	3	12.72
6545	102	3	21.96
5461	119	3	32.04
101	4164	3	9.43
12	101	1226	55.58
2337	101	3	6.02
2292	666	4	60.48
869	101	7	12.36
16	129	8	11.78
244	101	10	4.01
111	14	75	49.65
2280	286	6	88.46
118	1359	5	42.57
140	14	23	11.91
2387	14	3	8.12
129	162	3	9.58
101	6351	3	15.87
6978	14	3	18.21
117	240	19	145.65
664	137	3	20.75
104	389	6	16.44
101	2933	3	6.9
102	1834	3	10.11
104	546	13	65.44
206	14	25	50.25
101	3688	3	9.43
13	1530	3	18.07
194	107	7	17.04
2017	156	3	31.1
289	102	7	10.79
931	101	5	6.17
6102	4539	3	67.89
110	285	3	10.11
101	1247	4	5.38
7951	9	3	35.9
102	757	8	28.86
171	102	10	9.07
4884	14	4	24.28
12	320	14	16.96
104	1393	4	17.11
280	374	4	37.4
138	118	3	5.25
13	462	3	10.85
124	4011	3	31
13	506	25	221.05
109	669	8	52.12
1663	12	3	3.99
105	952	3	10.22
121	146	4	10.9
107	1007	4	19.19
644	133	4	29.68
149	125	4	12.58
665	11	3	40.06
101	984	10	27.94
12	3270	3	7.8
120	416	4	22.48
101	1060	10	30.9
12	3390	5	20.85
101	940	7	13.05
13	2360	4	30.92
471	145	4	29.46
2102	12	5	14.35
991	12	6	9.61
102	300	37	196.29
754	2076	4	60.23
1231	12	7	17.04
101	7766	3	15.87
398	101	11	13.57
156	811	3	24.77
1581	14	3	5.6
58	13	8	13.4
641	14	5	6.34
104	3504	3	16.94
101	2077	6	20.73
101	8225	3	15.87
102	1115	4	11.41
120	235	4	17.61
101	626	9	14.64
120	108	9	8.7
101	729	23	108.06
333	961	4	46.47
1851	101	4	8.58
132	450	3	17.65
141	3170	4	46.79
3496	14	3	10.19
101	2604	4	12.04
101	2452	4	10.66
215	108	3	5.32
116	753	4	26.7
826	167	3	26.03
994	115	3	18.32
58	113	39	222.92
108	2692	3	20.77
102	473	4	5.48
4512	16	3	26.52
432	101	9	9.53
1570	119	3	23.08
101	1879	6	18.87
102	2663	4	19.88
6078	861	3	55.17
4136	12	3	9.24
101	5399	3	11.52
546	103	3	5.75
398	120	4	22.1
2170	12	4	9.28
1255	12	4	5.17
322	12	9	4.99
108	251	7	25.97
3416	120	3	28.23
808	14	4	4.9
453	156	3	21.46
561	102	4	6.63
3297	6159	3	64.07
3877	101	3	9.43
4698	6	3	63.39
107	364	13	68.77
101	930	10	26.65
109	282	8	37.88
748	855	22	429.43
101	2198	5	14.68
104	676	23	170.55
101	2146	5	14.68
101	4268	5	26.45
843	14	4	5.19
101	4372	4	16.3
764	2371	8	146.8
107	949	7	40.86
3799	12	3	9.24
101	4781	3	11.52
989	102	4	10.51
104	243	5	7.55
101	2863	3	6.9
7654	110	3	33.5
109	743	4	20.59
114	297	4	17.45
1179	101	9	26.72
101	4145	3	9.43
157	1160	5	51.25
138	102	26	36.57
101	1189	6	12.04
500	12	8	7.91
101	7454	3	15.87
107	1761	3	15.76
118	106	34	73.66
619	126	4	27.62
101	1519	9	32.16
418	114	4	20.24
1194	14	5	11.56
102	7071	3	21.96
1862	12	3	4.51
12	441	8	6.62
101	3814	4	16.3
16	107	18	6.21
3669	16	5	51.69
188	2761	3	35.36
16	158	16	63.78
1956	101	4	8.58
687	4730	4	71.9
163	116	3	7.46
1435	12	7	19.52
101	6254	3	15.87
117	182	5	20
101	5053	3	11.52
104	515	8	30.31
2556	12	5	15.98
2911	14	3	9.05
102	1667	5	21.76
16	5963	3	31.01
809	12	7	10.72
1084	14	6	15.44
12	6638	3	15.66
416	12	12	16.98
12	426	18	41.28
138	142	3	9.23
1254	14	3	4.38
2169	14	3	7.35
102	4671	3	17.52
1267	103	3	10.28
1283	884	14	260.61
101	4162	5	26.45
566	12	6	4.41
101	3982	3	9.43
118	326	5	27.69
102	643	8	26.12
108	2390	4	29.33
103	371	5	11.19
113	5597	3	30.12
538	16	19	151.85
174	102	12	14.7
106	111	21	17.36
866	395	3	33.27
1089	106	3	11.27
9	12	74	34.87
380	14	10	16.49
101	2296	6	23.04
104	769	5	17.96
1709	101	3	4.16
663	101	7	8.63
2886	101	3	6.9
105	558	3	7.5
7421	1369	3	57.84
105	422	6	20.15
142	12	25	5.78
101	7939	3	15.87
101	1671	5	12.18
101	7803	3	15.87
1126	8	3	19.77
839	145	10	107.42
104	5564	3	20.7
119	108	7	4.46
119	235	5	24.23
2	13	86	380.51
1273	403	3	35.62
362	101	8	5.18
113	1522	6	51.36
101	5386	4	21.16
6697	12	3	15.66
2197	12	4	9.28
3800	14	3	11.68
8315	12	3	15.66
107	126	8	6.08
530	14	7	10.58
13	7903	3	31.47
464	102	4	5.48
101	3449	3	7.99
12	677	7	8.7
685	156	3	23.99
503	119	8	59.51
2797	110	3	23.97
101	1718	5	12.18
101	1870	4	8.58
597	103	4	10.48
2149	12	4	9.28
102	144	61	206.43
8	6154	3	35.54
128	3339	3	30.06
101	1032	4	4.15
104	2629	3	15.72
102	1595	7	35.21
102	1493	4	13.71
267	638	17	239.63
101	2244	5	14.68
101	4342	3	9.43
109	328	4	14.49
354	111	3	12.14
1637	156	3	29.67
109	148	18	74.65
108	1562	3	16.9
101	4596	3	11.52
101	2498	3	6.02
105	172	7	10.91
1013	1909	4	61.69
13	2389	4	30.92
4012	12	3	9.24
425	14	7	8.37
101	853	10	24.36
101	701	19	71.27
102	1163	7	29.79
101	1921	4	8.58
544	106	4	12.01
2059	12	3	5.12
102	519	10	32.65
159	12	32	27.72
1034	21	3	21.44
13	8160	3	31.47
101	5317	3	11.52
127	292	9	64.58
102	2877	4	19.88
102	4879	3	17.52
111	101	78	21.75
2101	101	3	5.3
103	102	190	122.25
101	1615	9	34.56
103	6357	3	24.91
5282	12	3	11.32
869	14	5	8.88
12	559	30	142.03
102	3529	3	13.8
486	12	7	5.23
102	5704	4	29.29
101	3143	3	7.99
101	5182	3	11.52
628	12	6	5.27
118	1358	4	31.91
101	268	35	101.33
101	192	30	44.68
129	102	19	11.22
111	1270	6	48.47
2	1642	3	20.41
1319	101	5	9.53
117	4770	4	48.35
753	1180	4	54.6
4734	14	4	24.28
1180	14	3	4.05
3291	14	4	16.84
102	2554	4	18.4
102	2622	5	28.34
181	116	3	8.9
3569	12	3	7.8
1807	1503	10	203.18
101	3959	3	9.43
12	304	26	61.93
378	248	35	526.5
12	244	19	24.2
12	168	133	667.18
7556	14	3	18.21
1817	12	5	13.01
101	1159	8	21.32
7530	110	3	33.5
12	215	17	13.79
576	739	3	34.14
16	540	25	222.46
935	102	16	97.37
115	261	4	16.6
160	14	14	4.96
1751	12	4	7.53
107	1768	3	15.76
1114	14	5	10.94
2006	298	4	51.65
101	372	21	51.37
451	410	35	608.95
2545	12	4	10.4
101	2840	4	12.04
101	2736	4	12.04
1908	101	3	4.68
102	3165	4	21.75
180	107	7	15.65
104	425	3	4.85
13	326	25	188.56
12	1166	5	7.91
3281	110	6	67.03
102	3634	4	24.33
226	119	4	17.31
226	176	3	18.74
129	142	4	12.58
163	106	7	9.25
101	219	37	86.47
102	1833	3	10.11
548	12	6	4.16
1538	12	11	50.71
187	8169	3	44.81
2150	14	3	7.35
101	1568	7	21.47
102	1065	3	6.85
3477	12	4	13.55
1048	101	6	10.59
569	1857	3	40.26
3279	115	6	69.63
662	102	5	11.53
187	292	3	21.15
101	1906	3	4.68
101	2078	4	9.53
214	457	4	36.1
763	304	4	43.64
2585	1301	4	67.91
2050	8	3	24.11
3325	12	3	7.8
151	2300	3	31.4
1214	12	5	8.54
101	3349	5	21.19
398	14	7	7.58
728	14	5	7.3
1181	12	6	11.68
105	339	5	12.91
105	271	5	10.84
1070	1039	3	40.33
104	2222	3	13.89
2843	101	3	6.9
102	1446	9	50.06
745	101	9	17.3
1336	16	4	24.71
9	188	5	19.78
101	941	10	26.65
627	14	7	12.61
274	12	12	9.09
1335	12	7	18.21
109	311	6	25.7
12	1930	4	8.34
13	1018	7	49.52
5558	12	3	11.32
3203	12	4	13.55
136	108	9	15.59
2219	12	4	9.28
102	3048	3	13.8
13	7952	3	31.47
101	3502	3	7.99
4089	12	3	9.24
1983	12	3	4.51
123	132	3	5.14
5829	382	3	45.85
778	101	5	4.69
101	1753	3	4.16
101	2779	3	6.9
144	328	3	18.2
468	101	12	19.92
117	574	3	16.48
939	12	5	5.9
413	106	5	14.84
3058	12	4	13.55
106	318	3	4.62
286	12	13	12.33
702	14	6	10.31
102	2027	4	17.18
103	508	35	290.96
4922	12	3	11.32
110	122	21	71.7
2705	157	3	33.07
1240	12	9	27.72
104	1510	3	11.42
162	272	3	18.91
12	254	17	19.66
322	739	3	30.77
102	2285	4	18.4
103	251	5	7.55
271	122	4	19.46
101	230	20	25.55
212	339	3	23.38
12	1273	9	27.72
104	440	4	8.64
101	3033	4	13.82
2500	9	4	36.8
102	3567	4	21.75
1418	107	3	14.64
1502	101	6	14.83
5047	470	4	68.65
120	102	33	28.89
109	553	5	25.16
126	155	3	8.63
109	417	3	10.54
143	106	21	56.44
113	130	4	5.34
267	1062	16	252.93
101	2520	3	6.02
108	524	3	10.38
1958	14	4	11.41
5100	12	4	20.88
603	12	13	29.42
101	3360	3	7.99
102	489	6	13.05
101	8087	3	15.87
101	1895	4	8.58
208	9	8	42.22
2204	110	3	22.09
101	2075	3	5.3
577	921	3	35.78
3293	195	3	37.01
101	1716	3	4.16
102	2978	4	19.88
359	12	15	24.34
136	162	3	10.49
3095	2647	3	54.51
700	1	21	228.63
2613	12	4	11.78
101	2333	3	6.02
101	4336	3	9.43
101	4388	4	16.3
104	736	8	36.29
101	2162	3	5.3
130	107	7	4.9
535	1121	3	36.26
8326	101	3	15.87
101	946	5	6.17
101	2229	4	9.53
101	895	11	30.6
2693	12	3	6.71
107	575	16	108.08
669	2050	5	77.3
101	7879	3	15.87
8253	12	3	15.66
7864	442	3	51.08
4387	12	3	9.24
3071	101	4	13.82
1883	101	3	4.68
101	5507	3	11.52
155	107	6	8.17
2954	101	3	6.9
1143	102	3	7.2
101	3195	3	7.99
197	101	13	4.18
2418	12	6	22.64
313	185	3	21.47
201	106	10	27.15
703	12	23	101.98
3104	3014	4	78.94
4284	12	3	9.24
258	870	3	30.68
2449	12	6	22.64
107	216	5	10.77
107	320	8	31.24
122	5320	3	32.34
104	888	6	25.66
105	225	4	5.58
105	285	4	7.56
168	101	38	54.38
107	725	5	22.85
105	2593	3	17.26
258	561	7	78.58
111	1511	4	29.73
101	6337	3	15.87
351	110	3	11.28
5115	101	3	11.52
108	1702	3	17.49
104	379	7	20.98
102	2257	3	10.82
1204	12	4	4.72
122	136	5	12.92
101	3769	4	16.3
2460	101	4	10.66
477	101	11	16.99
1591	101	5	11.18
8	4686	4	47.39
102	762	6	17.88
1859	101	4	8.58
108	626	3	11.32
3836	14	3	11.68
604	14	5	5.78
333	5932	3	49.45
1359	131	7	70.94
101	4102	3	9.43
371	1113	9	128.42
347	106	3	5.28
12	1436	4	6.21
101	2894	5	18.37
109	2621	3	22.25
518	279	3	27.91
4344	101	3	9.43
647	123	4	27.43
790	102	6	18.41
435	702	6	74.56
771	101	7	10.56
101	534	12	22.58
4781	115	4	46.41
12	3745	4	16.03
106	165	8	12.62
102	4406	3	15.34
118	2756	4	39.07
192	235	3	19.93
600	3204	4	63.02
122	4980	3	32.34
111	113	11	19.91
2549	101	3	6.02
110	574	4	20.77
5349	101	3	11.52
101	1599	8	27.64
140	113	3	4.28
436	297	3	27.49
2338	208	3	35.5
2518	101	3	6.02
423	101	9	9.17
3603	270	3	41.44
6787	12	3	15.66
131	144	3	8.06
6905	12	3	15.66
12	1390	5	9.23
125	114	8	18.14
102	2121	4	17.18
101	583	11	20.82
7271	845	3	54.87
310	592	3	29.19
3315	810	3	46.26
1394	14	5	12.99
494	120	13	111.64
3382	12	3	7.8
12	288	19	30.55
1721	1104	3	43.66
101	6013	3	15.87
1139	120	3	21.15
506	12	26	97.26
104	3279	3	16.94
101	1734	4	7.77
2293	2631	7	151.02
438	217	3	25.15
2221	14	4	12.41
102	280	17	54.01
101	3637	4	16.3
101	3533	3	7.99
12	737	5	4.14
169	152	4	20.33
149	101	45	54.73
644	160	3	23.79
158	206	23	226.55
102	3844	3	15.34
251	103	4	4.64
101	972	13	45.96
105	2801	4	26.15
1436	13	3	17.53
369	12	22	54.87
2600	12	3	6.71
107	337	3	6.52
130	383	4	24.63
1853	12	3	4.51
101	2438	4	10.66
101	4476	3	11.52
3151	101	4	13.82
1683	115	9	94.07
105	308	3	4.49
139	107	8	10.48
182	141	3	13.35
4296	115	5	58.02
109	1295	4	25.71
8308	101	3	15.87
127	156	3	8.91
1994	101	3	4.68
102	2689	3	12.61
7794	101	3	15.87
3556	12	4	13.55
101	2109	3	5.3
2	14	55	8.85
207	1076	4	42.86
101	2094	6	20.73
376	224	3	24.72
2956	110	3	23.97
7067	115	3	34.8
102	1130	5	16.64
2274	156	3	31.97
102	1206	3	7.2
278	9	13	92.39
135	59	3	8.17
207	1681	4	46.99
128	3411	3	30.06
13	2572	3	21.96
101	6829	3	15.87
312	106	8	26.63
5362	12	3	11.32
1423	12	5	10
102	5790	4	29.29
101	2135	3	5.3
107	373	9	40.72
211	101	14	7.65
102	6443	3	21.96
2046	101	3	5.3
1063	101	5	7.62
337	110	13	87.74
101	1685	3	4.16
2023	359	5	71.32
1820	1839	10	217.22
1175	101	4	4.93
135	4088	3	32.77
713	12	5	4.14
102	2981	3	12.61
101	3486	3	7.99
1496	12	4	6.21
1012	142	3	24.84
110	12	98	33.6
333	1417	4	49.97
785	298	9	115.59
12	335	52	271.66
102	8280	3	21.96
12	275	62	323.95
306	115	7	39.08
819	119	17	181.22
115	193	3	8.22
491	101	8	8.31
101	4774	3	11.52
2844	101	3	6.9
1198	1583	3	43.45
102	3181	4	21.75
106	339	6	17.68
113	2360	3	24.06
413	116	3	14.74
3289	12	3	7.8
107	632	4	15.18
104	409	7	21.94
104	357	4	7.35
210	641	5	50.78
101	3671	4	16.3
388	101	7	3.92
1743	110	6	51.91
1840	101	3	4.68
463	9	6	38.84
238	12	16	14.16
101	1434	5	10.31
102	1049	3	6.52
