3060	106	3	19.77
114	178	5	16.95
114	230	4	15.62
102	2567	4	24.14
98	112	754	4133.52
98	286	7	3.9
98	2920	4	15.88
103	364	4	8.21
98	3024	5	23.83
965	136	7	67.86
101	2338	6	34.94
1240	14	3	3.9
2175	14	3	6.4
604	111	6	34.9
106	1101	4	19.6
372	1448	3	36.75
101	2202	3	11.59
1893	14	4	10.12
138	841	3	22.61
12	3121	4	15.99
98	5782	3	17.47
105	290	3	4.08
817	12	4	5.15
12	253	66	376.26
5475	8002	3	67.64
592	109	5	25.81
98	1197	14	81.55
223	116	3	10.57
102	1650	7	44.52
105	477	4	10.85
1243	105	3	11.94
103	231	11	33.68
126	326	5	31.17
423	2	4	9.94
114	432	3	13.95
432	3809	3	44.42
155	127	6	24.25
2	144	11	13.94
3898	173	3	36.92
117	244	3	11.57
3169	2	5	38.16
2106	12	3	6.76
98	1048	14	69.72
511	1251	3	37.68
240	376	3	25.41
816	4543	4	73.87
2068	104	7	51.12
350	105	5	12.69
110	158	6	12.27
1715	14	3	5.76
4326	992	3	51.8
134	1205	8	85.64
5533	101	3	17.47
102	6195	3	25.2
98	3609	5	29.12
138	526	3	19.64
148	12	22	10.64
106	269	3	5.19
2344	109	4	30.41
1305	12	4	8.35
144	1676	3	27.57
5777	101	3	21.91
172	322	3	20.8
303	120	3	13.53
1184	101	4	12.4
949	120	6	50.12
2977	101	4	21.69
98	731	22	128.17
101	1329	10	59.18
98	4509	4	23.3
98	4585	3	13.09
104	210	4	4.05
1926	12	8	40.64
2	855	3	9.96
285	12	29	92.53
1270	12	3	4.22
168	101	9	5.58
107	570	6	27.4
106	1131	3	13.24
171	382	4	31.36
8	227	4	14.67
98	4480	4	23.3
4060	120	3	29.75
1067	101	7	29.68
108	749	3	11.25
7992	101	3	21.91
106	424	4	12.24
2663	14	3	8.06
111	604	3	13.05
1911	1052	9	174.72
109	295	22	154.73
101	508	4	6.37
98	8126	3	17.47
98	1909	9	52.42
13	894	10	69.43
265	142	7	49.92
124	110	7	8.52
104	1155	12	88.98
2013	12	4	11.59
98	1723	10	58.25
12	918	4	5.88
1950	3363	3	52.37
5699	120	3	36.47
2932	1283	4	70.2
131	288	8	57.71
107	141	26	85.19
300	101	6	8.68
3640	105	5	43.68
781	263	3	30.71
1126	104	14	113.93
151	118	6	20.68
101	1600	6	28.94
101	1481	4	14.36
3216	109	3	22.81
1388	240	6	78.21
144	155	7	35.55
107	764	5	23.85
435	2032	3	39.7
297	317	3	26.06
2742	101	3	12.56
277	107	8	29.23
1229	14	5	11.4
120	14	95	131.78
1749	146	3	28.82
98	1298	12	62.96
107	5441	3	23.79
1196	14	9	33.81
101	760	19	121.49
101	656	11	46.81
98	6086	3	17.47
98	6138	3	17.47
2472	12	3	7.52
104	3643	5	43.28
5438	12	4	23.4
3356	961	4	67.18
106	882	3	11.75
2724	12	3	8.43
122	132	4	8.62
12	107	112	6.03
902	14	8	21.18
2098	105	7	51.67
1302	14	3	4.29
643	101	3	4.53
130	107	8	7.16
114	329	12	84.23
256	563	4	40.58
98	2935	6	34.95
102	736	4	13.29
112	379	11	70.74
5610	105	4	34.94
12	480	5	4.06
101	781	8	31.22
105	569	4	12.31
830	12	11	37.83
98	6069	3	17.47
7782	5627	3	67.64
102	1836	6	37.07
6872	102	3	25.2
101	2485	3	11.59
14	1039	4	6.29
102	998	3	9.78
102	1074	5	22.47
574	109	18	150.41
101	1980	5	24.37
174	107	6	10.47
950	14	6	12.81
842	156	3	25.05
5599	14	3	12.77
3348	14	3	9.19
98	150	167	845.92
114	250	11	67.65
1038	464	3	36.05
4026	106	5	46.72
353	142	3	17.91
112	404	13	90.8
106	1623	3	15.29
1636	3383	6	120.81
537	12	19	71.13
105	138	8	4.97
1641	12	5	14.76
724	1983	4	60.27
7850	105	3	26.2
101	962	9	41.27
4609	3003	3	59.33
128	158	3	8.61
106	555	4	14.3
101	452	5	8.9
113	2155	3	23.23
889	681	3	37.49
101	377	7	14.52
172	110	10	34.77
2	1700	6	38.89
956	634	3	37.33
104	193	7	11.66
104	133	26	60.09
1181	12	5	11.26
134	12	35	22.8
203	284	3	21.76
121	135	3	4.9
3013	12	6	35.11
1716	103	8	58.5
98	4527	4	23.3
5319	14	3	12.77
98	2505	7	40.77
98	4475	4	23.3
1855	14	3	5.76
101	3760	3	15.29
2517	5777	3	62.58
151	245	32	350.38
1662	3224	4	71.83
1315	12	4	8.35
101	1603	3	9.44
1290	639	3	39.5
115	2	14	6.06
101	198	53	246.22
685	251	7	82.42
1927	3011	3	52.37
106	303	37	279.44
157	111	8	21.37
98	3575	4	18.4
98	3531	5	29.12
3439	105	5	38.29
870	767	3	38.35
246	627	3	28.79
110	233	3	6.89
1393	14	11	56.14
167	243	3	18.31
1057	101	4	11.86
337	104	31	204.73
1908	12	3	6.76
920	12	9	28.7
5174	102	4	33.61
299	12	7	4.32
618	374	3	31.41
1365	106	6	38.25
104	2656	3	16.51
7351	14	3	17.15
1532	1513	10	202.99
2347	146	3	30.44
115	248	6	29.98
3513	14	3	10.66
104	176	42	209.22
104	118	28	46.67
221	119	7	37.84
98	4510	4	23.3
102	249	4	5.02
341	1584	3	36.68
106	512	4	13.79
262	146	6	42.43
282	101	5	5.24
109	143	5	6.41
111	127	15	40.46
143	106	6	4.92
101	869	6	20.82
503	12	5	4.27
107	4239	3	21.58
104	679	4	13.53
98	6243	3	17.47
754	101	3	5.39
112	357	13	86.64
102	654	6	23.43
101	3606	4	24.27
162	1234	5	52.39
103	414	8	29.31
98	2969	6	34.95
601	101	6	16.33
107	678	10	61.94
267	14	15	22.72
117	620	3	17.52
230	106	3	4.25
250	554	4	39.92
12	1349	3	4.61
135	102	16	20.95
104	1646	9	67.55
13	164	109	875.99
98	1116	15	87.38
486	439	6	71.49
101	2512	4	19.82
113	275	3	11.19
633	101	3	4.53
98	6052	3	17.47
98	5992	3	17.47
98	6172	3	17.47
98	6096	3	17.47
1027	16	4	30.45
141	174	3	11.92
927	103	4	15.54
98	852	19	110.69
213	105	4	4.41
295	14	55	314.73
2311	310	3	38.62
183	5452	3	40.01
102	2872	5	33.69
809	133	3	22.25
168	448	5	42.51
101	2916	4	21.69
972	1288	6	95.95
106	321	5	14.87
13	607	7	36.31
2456	115	4	35.85
5101	111	3	27.15
701	983	5	70.45
167	304	20	217.87
195	335	6	53.58
167	107	5	6.2
124	139	12	56.42
103	3550	5	42.78
364	394	3	28.37
6065	111	3	31.64
152	8	3	4.76
1123	14	6	15.18
303	107	4	10.08
1075	14	4	6.29
101	544	5	10.81
178	4770	3	39.54
2165	102	5	29.76
729	142	3	22.64
146	3484	3	34.29
98	4449	4	23.3
7751	102	3	25.2
1632	12	4	9.75
98	4525	4	23.3
108	782	4	17.78
101	6035	3	21.91
106	1268	3	13.69
648	110	5	27.23
102	212	11	27.98
98	807	8	21.02
104	231	4	5.36
101	3426	6	43.83
5648	104	3	21.5
206	118	4	15.77
329	146	3	18.42
530	14	10	20.68
105	1434	6	35.93
98	2964	5	23.83
230	416	5	48.41
98	168	129	662.75
1561	106	3	15.29
101	984	14	86.61
98	1521	3	5.48
12	6447	3	17.55
123	242	10	66.17
486	274	3	28.05
117	3535	3	29.28
122	158	3	7.42
192	319	3	22.02
690	466	5	61.86
105	306	3	4.33
7418	14	3	17.15
211	111	4	10.26
2874	105	3	16.74
223	104	6	11.28
1862	14	6	21.32
942	220	4	42.97
127	101	41	69.6
98	6159	3	17.47
608	102	5	16.8
12	521	14	40.05
908	12	6	13.51
109	1782	3	18.95
101	8015	3	21.91
12	1208	7	22.32
131	830	3	22.01
102	1076	4	15.97
1055	111	7	52.01
155	101	11	6.29
98	511	32	186.46
333	156	8	67.6
1890	104	3	13.94
123	1162	4	32.04
662	105	4	13.49
256	118	10	66.08
454	200	5	45.95
427	390	3	29.55
101	3186	4	21.69
107	628	3	10.09
116	536	4	23.99
700	102	11	60.96
98	6154	3	17.47
98	6070	3	17.47
5152	102	3	20.73
101	2490	4	19.82
113	121	5	6.22
137	628	3	20.87
12	475	5	3.85
475	482	3	31.38
1796	14	3	5.76
12	222	73	380.88
336	101	4	3.88
12	170	133	759.2
101	895	3	6.18
219	152	34	365.07
4324	9	4	45.92
1080	12	9	31.5
897	1106	7	109.53
108	110	41	63.04
112	395	9	54.75
170	162	3	13.79
591	14	5	5.03
98	259	63	357.08
578	103	3	7.29
104	785	4	14.63
1530	947	3	43.03
900	105	7	36.45
488	104	10	46.03
98	2502	6	29.32
171	398	5	42.08
109	1580	7	58.19
3807	99	5	29.12
4206	12	4	18.51
104	1607	4	20.39
109	236	4	11.22
446	289	4	39.59
98	1925	7	31.46
1725	12	3	6.11
12	625	10	25.63
106	409	5	17.23
234	107	4	7.93
2714	101	3	12.56
2	3612	4	29.85
136	614	3	20.57
3476	120	3	29.75
117	1140	3	21.05
354	2259	5	72.69
6090	2904	3	63.82
6954	105	3	26.2
202	3395	6	90.7
137	126	6	20.04
911	14	6	12.81
101	5106	4	29.22
98	3572	4	18.4
98	3640	4	18.4
480	101	26	153.37
696	152	10	106.9
101	189	89	548.83
107	3707	3	21.58
124	166	6	26.49
102	3926	5	42.01
110	132	14	38.1
5107	623	3	49.05
13	713	15	113.81
4188	109	4	36.46
103	2549	3	16.22
363	187	6	53.7
107	126	22	52.28
158	257	8	63.68
98	2247	8	46.6
1345	3184	3	49.78
303	334	4	37.69
133	251	5	29.68
345	429	3	28.72
1995	314	3	37.75
4408	12	3	13.16
147	1557	3	28.24
344	773	3	32.35
305	14	54	309
1161	680	4	54.87
5612	494	4	69.26
101	4153	4	24.27
1172	4628	4	76.49
327	247	4	35.5
103	951	3	9.86
98	4491	4	23.3
959	14	4	5.45
104	209	11	29.59
356	110	9	48.2
134	9	11	36.26
133	1477	3	25.64
98	845	19	110.69
115	545	3	15.83
130	672	4	29.67
3729	109	4	36.46
342	102	5	11.04
102	4832	4	33.61
102	2778	3	15.76
147	481	4	30.27
115	219	4	15.49
1220	219	5	59.35
13	2057	5	35.47
496	2124	3	40.58
106	1385	5	30.55
6585	5404	3	67.64
1113	14	4	6.77
753	283	5	57.49
1668	104	3	13.29
987	281	8	106.35
535	104	5	16.58
98	3651	5	29.12
3569	1728	3	53.19
101	316	15	49.07
98	1720	10	58.25
2420	12	5	19
103	1544	3	13
98	6205	3	17.47
1815	102	5	28.3
193	639	5	49.39
2113	12	3	6.76
106	792	3	11.14
302	111	3	8.99
1709	14	4	10.12
4608	1	3	42.62
380	417	3	29.09
102	5603	3	20.73
104	1011	3	10.5
101	2100	3	10.77
2962	4609	4	86.25
6032	6197	3	72.14
131	2470	3	28.3
5675	12	3	13.16
217	959	4	42.77
102	878	4	14.5
216	110	6	19.54
1032	12	6	14.24
7090	105	3	26.2
102	4651	4	33.61
101	1740	7	39.08
578	116	4	24.85
12	169	22	20.68
98	1539	8	34.04
435	863	3	34.58
98	1404	12	69.9
111	101	39	7.53
215	146	7	46.99
103	1358	4	18.42
1359	12	3	4.61
107	1736	3	16.18
107	1676	3	15.53
101	4358	3	17.47
1105	109	4	23.6
12	318	23	67.48
98	1387	12	69.9
12	140	97	255.62
1035	152	5	49.19
98	5781	3	17.47
2685	14	3	8.06
820	14	4	4.74
334	104	3	4.62
2536	14	4	13.66
1413	14	6	18.38
427	14	6	4.94
108	322	4	10.71
98	2917	6	34.95
3766	14	3	10.66
781	861	3	38.35
134	786	4	31.91
104	815	3	9.51
472	9	3	14.17
107	2134	4	25.42
114	295	3	11.76
307	193	6	52.47
343	12	8	7.71
2	502	3	6.79
12	1418	3	5.05
851	2540	5	84.85
104	860	8	43.69
102	2313	3	14.77
2022	12	4	11.59
202	242	10	93.92
191	12	14	8.97
1110	12	6	15.91
3358	12	5	23.96
107	662	4	16.09
101	3300	3	13.75
1318	1765	5	83.94
2788	14	3	8.06
5217	14	3	12.77
361	116	3	13.67
109	4295	3	24.38
101	4626	4	29.22
802	105	15	106.11
1647	14	3	5.21
98	6036	3	17.47
136	407	4	26.35
102	3646	3	18.53
215	486	4	36.65
119	110	13	23.72
319	2	3	4.54
13	282	4	10.01
98	3602	5	29.12
112	2080	4	31.26
106	200	4	5.46
101	3117	3	13.75
1360	102	7	41.05
243	102	6	11.39
101	167	15	20.14
101	301	20	76.76
104	355	3	4.82
8	390	4	19.57
917	251	4	44.4
107	155	32	135.54
5431	12	3	13.16
98	4578	3	13.09
3287	102	3	16.98
107	356	5	16.03
498	101	6	13.96
190	145	17	137.25
12	643	7	12.76
2514	1202	3	48.03
532	101	7	19.28
248	106	3	4.59
1030	132	3	23.28
163	105	8	10.32
1897	165	3	31.45
107	1130	3	13.48
977	103	4	16.03
5637	105	4	34.94
1948	316	3	37.75
374	114	3	13.08
5366	12	4	23.4
215	684	4	39.64
101	425	7	16.11
2652	12	3	8.43
101	543	24	145.71
98	808	5	8.3
213	488	4	36.56
98	597	5	5.71
822	12	15	65.83
766	114	5	34.42
1905	2936	3	52.37
98	2530	6	29.32
1919	14	3	6.4
168	128	3	9.6
310	14	10	11.23
192	1670	6	74.58
2393	104	6	43
4122	105	5	43.68
1061	14	4	6.29
3389	14	6	34.31
3241	105	5	38.29
2821	12	3	8.43
3578	295	4	60.21
101	1449	8	43.38
109	402	3	10.05
345	142	4	26.08
1267	107	6	37.58
4430	6073	3	67.64
161	4849	3	37.62
2451	14	3	7.16
345	821	3	32.8
104	1816	3	13.94
111	446	6	30.81
104	1636	3	13.29
573	428	3	32.09
318	890	3	32.76
12	440	22	80.45
2765	1436	3	49.09
1161	7422	3	57.13
633	106	3	9.86
98	5986	3	17.47
98	6158	3	17.47
2120	12	3	6.76
1728	1111	4	63.03
144	135	5	18.37
104	2260	3	15.52
230	297	3	23.79
133	1636	3	26.24
104	7209	3	25.97
513	14	7	9.36
159	2876	4	46.48
13	1376	3	14.78
155	143	5	21.88
98	496	32	177.61
135	104	13	15.37
1443	14	3	4.72
103	499	3	6.4
101	2152	6	32.53
516	132	3	19.26
101	2271	5	26.1
2	6090	3	26.12
105	109	52	67.5
13	4712	3	24.17
98	5799	3	17.47
365	14	9	10.35
195	884	3	28.34
1170	146	3	26.03
106	2248	3	17.54
6022	1135	3	57.13
12	186	12	4.97
2339	206	3	34.86
1416	14	4	8.54
1200	115	4	30.22
336	12	8	7.71
12	121	161	419.46
98	216	77	383.9
147	661	25	345.54
3024	12	3	9.57
140	119	4	8.88
101	1718	10	73.06
3660	3000	3	57.09
98	3012	6	34.95
108	111	27	27.09
1746	14	3	5.76
1385	14	3	4.72
103	143	9	7.57
3002	1536	5	94.56
5170	14	4	22.87
102	1060	4	15.97
180	273	4	29.49
290	101	7	11.3
116	484	3	15.63
115	752	3	17.76
12	1132	5	11.26
121	1095	3	21.23
4634	99	4	23.3
230	142	6	38.83
256	295	3	24.58
13	249	3	5.09
98	1281	3	4.54
12	474	5	3.85
1095	12	10	38
229	177	3	18.93
2951	12	5	23.96
98	6207	3	17.47
101	2491	4	19.82
101	188	8	6.46
109	563	5	25.43
206	3649	4	55.63
101	338	10	25.52
110	190	3	4.91
3723	101	3	15.29
262	417	4	37.98
157	122	9	40.94
101	3136	3	13.75
98	3573	5	29.12
98	3641	4	18.4
106	1582	3	15.29
584	182	3	25.2
98	4360	4	23.3
207	117	3	9.77
98	2246	7	34.85
98	2186	7	34.85
270	105	8	23.84
342	116	4	20.21
101	1285	8	41.39
101	1209	5	18.75
240	14	12	11.07
2168	375	4	54.72
865	14	6	12.14
4720	105	4	34.94
346	187	3	22.17
2396	2337	4	71.71
98	2503	6	29.32
109	3048	3	22.81
136	794	6	53.65
2604	12	4	14.17
133	128	3	6.13
101	391	26	135.07
98	1926	9	52.42
6855	14	3	17.15
98	2233	7	34.85
104	579	3	7.56
1900	14	3	6.4
141	145	40	334.52
101	317	15	49.71
104	1341	3	12.19
109	533	11	73.98
214	105	10	26.83
110	145	6	10.1
1368	12	4	8.35
387	114	3	13.21
106	184	10	27.98
106	228	3	4.13
204	132	5	25.96
3757	12	3	11.04
98	3590	4	18.4
104	5890	3	25.97
858	184	3	27.95
141	4034	3	33.24
331	107	6	20.66
580	104	4	12.3
4813	14	3	12.77
296	107	3	5.93
114	696	3	17.04
12	1879	7	29.07
254	887	4	44.16
1660	12	7	26.98
671	12	5	6.44
98	4490	4	23.3
201	226	4	28.8
101	1845	7	39.08
114	133	18	77.7
104	831	3	9.51
273	297	3	25.07
159	288	24	261.67
2973	1928	3	52.37
1176	1260	3	42.58
1582	14	3	5.21
1107	120	7	64.47
639	14	7	11.98
863	101	4	10.45
7194	105	3	26.2
98	1538	9	42.21
98	1403	12	69.9
2349	12	3	7.52
101	977	12	67.35
101	1021	9	42.67
12	497	6	6.79
21	2	8	4.28
102	5518	3	20.73
2	5913	3	26.12
98	6084	3	17.47
3542	3173	3	57.09
2846	105	3	16.74
102	7917	3	25.2
8062	105	3	26.2
106	791	4	17.24
4108	104	5	43.28
126	101	16	5.66
204	1971	3	33.87
409	464	3	30.19
118	1759	3	24.26
120	109	6	3.9
112	289	3	9.64
4492	114	3	30.24
4413	1111	3	52.63
108	574	4	15.38
971	12	14	66.41
161	1846	8	102.55
98	542	30	174.8
412	14	8	9.49
191	101	9	8.99
4395	14	3	12.77
146	1383	5	52.13
835	14	4	4.74
3900	105	5	43.68
101	6864	3	21.91
457	103	3	5.93
123	424	5	32.02
13	181	66	472.04
225	1884	4	48.77
98	1191	13	68.63
101	2393	5	26.1
293	12	13	20.12
1934	12	5	17.33
98	5977	3	17.47
2040	12	3	6.76
12	2951	3	9.57
167	988	9	105.82
107	5583	3	23.79
111	143	6	10.29
98	1388	12	69.9
736	4988	3	50.12
1293	101	3	8.39
114	176	5	16.87
101	1776	9	59.31
1376	105	4	19.12
98	6226	3	17.47
130	141	3	7.24
101	3623	5	36.53
109	3191	4	33.84
116	147	3	5.72
273	142	10	80.09
12	2045	3	6.76
101	1263	3	7.94
104	311	6	15.97
14	3807	3	10.66
101	7274	3	21.91
1398	4311	4	73.61
221	105	4	5.04
1188	14	4	7.3
3192	105	5	38.29
1476	101	3	8.89
102	340	4	7.26
9	14	190	392.55
1814	101	4	16.08
572	142	6	51.27
3202	1900	3	52.37
98	1704	10	58.25
164	1522	3	29.89
265	106	4	8.69
98	3603	4	18.4
232	14	9	4.35
16	195	3	9.91
116	1681	6	56.43
1023	105	12	84.39
137	107	9	11.14
101	3042	3	13.75
98	2216	6	26.17
107	154	13	31.57
4709	105	4	34.94
2244	2907	6	126.97
128	887	7	64.36
98	6122	3	17.47
98	6174	3	17.47
215	417	8	82.87
922	14	4	5.45
806	156	5	46.91
904	846	6	89.35
104	858	6	28.59
102	2175	7	49.34
12	1223	8	28.35
297	14	14	22.5
135	116	5	11.28
3426	115	4	39.29
2445	101	5	26.1
110	1888	3	19.07
98	362	45	252.74
98	437	34	177.63
104	2276	3	15.52
116	262	4	18.07
114	3097	3	26.43
98	3023	6	34.95
108	138	17	40.32
184	103	11	25.01
2689	101	3	12.56
848	101	5	15.36
98	185	100	508.39
351	146	5	36.43
98	287	52	269.77
111	148	12	38.59
264	145	9	70.31
1121	14	6	15.18
1643	104	3	13.29
102	1981	3	13.93
680	12	9	22.56
98	5783	3	17.47
105	225	4	5.19
152	99	20	7.96
1184	12	4	7.22
133	12	42	36.86
109	193	3	4.95
101	358	6	10.09
98	4508	4	23.3
98	2514	3	8.36
2366	104	3	15.52
613	188	3	25.8
102	279	37	232.09
1009	12	5	9.98
5806	12	3	17.55
104	296	4	7.31
766	102	6	25.11
98	1047	12	52.35
101	1433	9	52.42
129	109	5	4.42
106	3772	3	21.34
317	120	22	198.85
192	1654	6	74.58
98	2215	7	34.85
13	3239	4	30.61
600	385	4	44.63
266	389	3	26.43
116	1076	11	111.46
98	3608	5	29.12
105	879	4	15.76
106	336	11	51.34
735	14	4	4.13
2075	101	3	10.77
12	966	10	34.66
12	7097	3	17.55
141	1427	4	38.05
123	987	3	21.25
3178	12	3	9.57
101	307	43	263.65
335	12	14	27.15
4935	12	3	13.16
1765	106	4	24.03
98	3589	4	18.4
98	3657	5	29.12
1518	1401	4	64.19
104	7423	3	25.97
98	1722	10	58.25
104	513	3	6.83
114	890	14	140.47
1677	105	4	20.7
104	564	13	73.11
101	1482	4	14.36
266	372	3	26.14
102	434	3	5.27
144	745	3	22.96
1285	12	3	4.61
1655	2402	3	48.67
101	3710	5	36.53
102	536	10	45.68
98	2230	7	34.85
428	237	3	26.24
58	9	3	14.52
98	4404	4	23.3
102	232	5	7.49
98	4601	3	13.09
465	298	5	52.93
98	4481	4	23.3
4032	12	4	18.51
710	14	5	6.63
7137	105	3	26.2
102	2924	6	50.41
644	464	3	33.15
101	457	9	26.68
109	118	48	203.87
109	176	5	11.4
963	101	3	6.48
101	575	5	11.46
105	2575	3	16.74
141	1339	5	49.34
118	120	57	367.02
123	779	3	19.89
2437	106	4	26.36
12	108	1559	8940.76
615	12	15	52
123	200	4	16.05
115	1755	4	33.49
98	1402	5	13.6
4800	925	3	51.42
16	875	3	20.2
162	546	13	143.28
106	985	3	12.45
1380	152	4	39.95
426	111	3	11
495	156	8	74.63
5409	101	3	17.47
1214	14	8	27.33
409	146	6	48.38
102	6882	3	25.2
107	900	5	25.48
260	107	8	28.2
116	247	40	386.24
13	1152	4	21
1015	106	9	60.76
114	581	4	23.49
404	12	6	4.83
108	344	3	6.68
4405	4566	3	63.14
4456	103	3	21.19
102	940	14	98.72
171	2118	3	31.97
12	2647	3	8.43
1317	14	4	7.89
111	2793	3	22.12
104	3463	6	51.94
102	1754	4	20.33
113	107	31	61.26
1857	12	3	6.11
13	265	3	5.55
98	1297	10	44.54
1039	102	4	15.97
111	562	4	19.17
7687	106	3	28.03
12	3794	4	18.51
108	290	5	14.44
489	462	3	31.21
3085	14	3	9.19
1049	105	16	139.84
102	666	8	36.39
316	14	13	20.46
3635	12	3	11.04
2439	109	3	20.56
98	203	96	540.65
307	311	5	49.11
201	240	20	221.05
114	209	3	8.71
12	228	27	64.52
557	109	12	84.28
451	12	10	18.31
1265	161	6	65.23
1373	12	3	4.61
114	1425	10	105.08
3394	102	5	36.63
107	3439	5	41.74
101	961	3	6.48
1080	105	3	11.09
105	139	14	20.35
122	145	25	155.98
101	4403	3	17.47
205	105	7	13.04
1492	101	10	62.35
144	1130	3	25.46
12	2664	3	8.43
98	6068	3	17.47
2166	105	7	51.67
112	1523	3	19.86
12	438	12	26.35
691	12	4	3.98
554	12	7	10.9
7477	12	3	17.55
1139	1472	3	43.63
1939	2198	7	140.91
101	2115	5	24.37
221	1103	3	31.05
7868	105	3	26.2
103	148	25	69.94
102	921	3	9.44
2474	14	4	12.25
101	1550	8	45.71
617	103	4	12.21
596	14	5	5.31
98	913	17	91.42
107	135	58	272.71
112	657	3	14.53
227	109	6	20.7
2735	1176	7	135.74
8	410	3	13.23
3646	3625	4	83.88
102	1256	4	17.16
106	242	5	11.79
620	2558	3	43.99
98	3574	3	10.97
8	7265	3	34.3
98	3530	4	18.4
1111	4456	4	76.49
2217	101	3	11.59
1034	156	4	37.51
364	107	7	27.45
496	654	4	47.53
109	163	4	5.84
1615	105	10	80.7
111	618	3	13.05
147	1437	3	27.63
1687	419	3	37.94
1938	387	7	108.73
4845	99	4	23.3
238	135	3	14.5
8	109	8	4.5
1300	12	4	8.35
98	2556	6	29.32
1181	101	3	7.53
1037	297	3	33.42
151	564	8	76.48
102	248	11	33.65
121	171	3	8.47
98	813	16	73.64
411	125	8	61.49
2408	102	3	14.77
2743	117	3	26.46
5514	12	3	13.16
288	585	5	54.98
119	1005	8	73.88
101	538	19	98.1
112	3407	3	24.39
107	4117	4	32.71
1758	103	5	29.05
112	1841	3	20.53
101	2770	4	19.82
138	509	3	19.45
1036	120	8	75.21
12	2383	4	12.75
98	3619	4	18.4
110	232	5	16.19
12	883	11	39.38
178	12	23	27.7
1699	857	10	190.11
4126	109	4	36.46
185	133	8	47.1
1136	12	5	11.26
5931	6189	3	72.14
121	423	4	23.19
102	2766	3	15.76
1511	5733	3	59.25
101	7651	3	21.91
103	605	3	7.5
665	14	10	25.3
117	176	5	18.87
2	4487	4	34.83
101	5920	3	21.91
101	3796	3	15.29
3528	14	3	10.66
101	2068	7	41.71
787	1683	5	76.92
526	104	3	6.83
2	131	9	5.64
155	148	4	16.87
220	191	5	37.19
112	237	3	8.34
126	127	6	17.76
108	441	3	8.22
311	321	5	49.51
108	390	3	7.51
6182	12	3	17.55
136	590	3	20.34
4973	2	3	21.65
1576	12	3	5.54
7543	14	3	17.15
788	146	4	34.3
13	299	34	252.64
1097	5319	4	75.89
12	378	11	18.52
102	5378	4	33.61
101	870	14	80.66
3418	101	3	13.75
102	3203	3	16.98
726	13	3	11.18
165	1569	5	56.41
112	1328	3	18.72
2752	12	3	8.43
571	142	4	30.6
2521	5972	3	62.58
105	166	9	14.74
98	5796	3	17.47
12	5170	4	23.4
107	986	5	26.75
98	2970	6	34.95
98	6242	3	17.47
379	104	32	226.12
107	615	5	21.65
126	132	4	9.99
1959	106	4	25.1
146	154	3	10.73
4721	105	4	34.94
642	101	3	4.53
264	1352	3	33.88
7533	105	3	26.2
167	609	3	24.18
102	3642	5	42.01
1327	14	3	4.29
1821	104	3	13.94
274	14	16	27.1
7562	105	3	26.2
2876	3431	5	101.35
98	1112	13	64.17
13	235	5	12.45
2461	332	5	72.04
122	488	4	24.72
98	5988	3	17.47
127	102	11	6.02
101	2321	3	11.59
2849	12	3	8.43
101	933	4	10.89
101	881	15	90.26
118	656	3	18.2
1590	104	5	28.29
1000	14	5	9.41
546	1590	4	55.91
104	735	8	40.79
2218	615	3	42.72
107	989	4	19.38
6158	12	3	17.55
187	173	27	275.19
98	2965	6	34.95
98	810	20	116.51
1242	2	3	11.86
103	4368	4	34.22
121	110	12	20.77
98	674	22	114.62
4605	2986	3	59.33
822	102	3	8.81
5065	102	4	33.61
98	4522	4	23.3
4289	14	3	10.66
112	1066	3	17.35
102	143	9	6.67
2195	1913	3	50.1
102	7678	3	25.2
7265	16	3	36.7
106	407	17	103.77
106	457	3	8
1830	635	3	41.33
189	12	17	15.24
110	221	3	6.41
12	948	5	9.42
118	508	6	41.76
101	289	10	22.59
425	14	7	7.1
791	14	6	10.95
1705	5924	3	59.92
1386	14	5	13.12
103	803	3	8.94
126	774	3	20.93
102	462	6	18.88
1747	14	3	5.76
107	111	77	210.45
927	12	4	5.88
98	853	17	86.47
306	12	13	20.98
728	122	3	19.19
3412	5688	3	63.82
101	1447	6	27.51
104	367	3	5.04
102	4929	3	20.73
102	550	3	6.51
2580	106	3	18.54
3938	109	4	36.46
98	2244	4	12.65
1444	14	3	4.72
8018	105	3	26.2
101	336	8	16.98
1856	447	3	39.1
288	120	4	19.91
225	1467	3	33.14
2110	4016	4	76.52
182	406	3	22.82
16	2	62	202.72
5476	565	3	48.35
106	358	3	6.54
102	1440	5	25.92
1401	1188	4	61.86
102	1515	6	35.41
104	3703	3	19.29
3943	12	3	11.04
3022	12	4	15.99
1030	12	5	9.98
12	796	4	4.83
106	3994	3	21.34
102	3046	3	16.98
2910	141	6	80
2481	14	3	7.16
3414	14	3	9.19
648	125	5	38.39
104	5166	3	21.5
1203	12	3	4.22
98	2501	5	20.97
555	1911	3	41.18
108	613	3	10.03
98	2545	7	40.77
130	122	9	31.65
165	274	18	186.06
98	256	56	275.15
114	262	12	77.65
98	3014	5	23.83
1258	105	3	11.94
353	146	3	18.8
107	1098	9	63.05
611	120	9	75.25
105	202	5	6.47
413	101	4	5.1
105	252	5	9.56
4626	656	4	71.9
105	320	4	8.1
101	2232	7	45.16
321	417	4	39.86
98	1535	10	51.66
12	173	15	7.6
1533	12	3	5.54
1624	234	3	34.23
98	6157	3	17.47
13	3063	4	30.61
98	6209	3	17.47
98	6005	3	17.47
102	1772	5	28.3
2489	152	4	45.66
8134	101	3	21.91
159	419	10	95.52
2295	105	5	33.17
2	5153	3	21.65
7	4090	3	40.47
574	169	3	24.25
216	107	4	6.67
108	1583	4	23.63
747	104	3	8.95
122	128	3	4.34
528	978	14	235
149	105	12	19.97
223	529	3	26.87
98	1540	10	51.66
13	530	18	130.16
123	271	7	43.24
111	102	31	15.29
102	5417	3	20.73
106	4326	4	37.37
111	246	3	7.56
1015	102	4	15.45
1352	106	3	14.17
106	5663	4	37.37
2382	102	4	22.64
114	191	3	7.95
273	165	4	27.91
108	107	64	94.46
6952	105	3	26.2
98	2999	6	34.95
170	116	3	7.67
180	573	3	25.05
112	391	13	90.06
1613	12	3	5.54
607	12	12	34.77
98	1286	4	8.25
13	328	37	297.14
104	1852	5	29.55
119	125	7	18.87
215	578	7	75.96
153	155	3	11.23
107	3278	3	20.01
706	1060	3	38.89
447	285	3	27.73
98	6022	3	17.47
3123	6527	3	63.82
113	241	3	10.22
106	614	3	9.64
265	146	5	33.61
209	728	3	27.78
1044	2243	4	64.8
98	1719	10	58.25
5185	14	3	12.77
1043	12	5	10.59
106	284	7	23.65
102	1310	5	24.93
1078	12	4	6.73
3883	106	3	21.34
1408	690	6	92.34
136	1840	3	27.14
108	918	3	12.49
116	2342	3	25.2
3235	101	4	21.69
2677	107	3	18.78
115	118	7	13.13
1664	14	3	5.21
141	143	3	8.71
13	2120	5	35.47
363	257	5	48.27
2520	14	3	8.06
134	115	7	18.77
285	104	16	71.37
1798	14	4	10.12
98	844	4	5.42
424	103	3	5.52
3866	310	3	42.47
203	303	4	32
107	574	3	9.66
108	745	3	11.25
98	4544	4	23.3
98	4492	4	23.3
248	207	6	50.37
1383	103	3	12.42
138	336	3	17.03
595	1799	3	41.09
1827	14	4	10.12
377	14	7	5.84
2621	14	3	8.06
751	2302	6	101.19
152	109	5	7.79
1019	109	3	15.4
98	675	22	114.62
1314	12	3	4.61
118	1603	3	23.59
147	198	36	365.78
444	2418	3	40.73
704	693	3	36.25
104	234	6	12.24
498	102	3	6
5903	12	3	17.55
1823	106	3	15.94
221	158	3	16.42
115	4923	3	30.69
4109	104	4	29.65
116	756	19	209.62
101	4135	4	24.27
107	493	10	53.52
102	342	3	4.02
897	101	3	6.18
98	2218	8	46.6
102	520	20	126.16
3857	636	3	46.82
3005	5943	3	63.82
12	1741	3	6.11
185	147	3	13.7
201	959	12	159.26
1225	12	3	4.22
110	12	101	34.31
159	3441	3	33.7
188	637	6	61.33
98	1702	3	6.04
124	135	6	19.4
98	3545	3	10.97
640	14	7	11.98
7437	1576	3	59.25
106	333	8	31.92
106	273	4	9.03
2991	104	5	37.9
157	141	4	15.73
101	747	10	43.38
149	2689	3	31.78
293	102	5	9.85
113	138	8	22.75
705	12	7	14.45
101	2531	6	38.14
102	1662	5	27.03
107	2018	3	16.92
162	127	4	14.03
4270	12	3	11.04
98	6111	3	17.47
105	363	3	5.12
116	460	3	15.28
102	892	3	9.11
108	506	3	8.87
191	103	6	7.84
98	426	35	183.29
3215	14	3	9.19
5614	105	4	34.94
14	3296	4	15.47
101	1622	3	9.44
98	172	128	718.74
98	224	77	430.56
372	226	3	24.76
101	3473	3	15.29
112	543	3	13.41
116	209	3	9.66
98	2984	6	34.95
4475	743	3	50.12
106	1097	3	12.83
102	2054	3	13.93
98	5778	3	17.47
3171	117	3	27.7
192	271	7	61.34
573	297	4	42.26
1282	14	8	29.01
2134	14	3	6.4
946	14	4	5.45
12	139	21	3.84
7	113	21	156.63
367	104	21	120.38
112	870	5	32.7
102	128	11	6.19
102	277	32	187.09
102	329	24	133.35
159	2637	5	61.7
12	8123	3	17.55
121	166	4	12.9
98	734	21	114.32
101	1328	9	49.92
101	1252	5	18.75
2240	108	4	26.91
112	2332	7	70.27
12	655	23	120.89
122	2478	3	26.35
109	341	3	9.04
136	719	3	21.58
3620	176	3	37.26
131	1361	6	59.88
106	524	15	96.32
5000	104	4	34.63
106	591	6	27.38
98	3538	5	29.12
4085	105	4	29.96
696	120	11	102.15
106	338	9	38.13
4613	14	3	12.77
98	1709	3	6.04
110	236	4	11.37
124	125	6	17.09
1266	178	3	29.5
101	237	8	11.57
98	1049	15	80.01
509	12	10	20.56
104	418	3	5.64
1838	101	3	10.07
98	4387	4	23.3
1213	14	3	3.9
1341	115	3	21.19
101	1943	7	41.71
101	2019	7	41.71
104	1008	6	30.16
98	478	30	150.61
260	574	5	53.77
102	957	11	68.6
102	889	3	9.11
117	752	3	18.57
206	7387	3	45.44
127	114	7	15.67
1173	232	5	59.44
98	6040	3	17.47
445	107	8	37.31
104	2086	9	77.93
101	917	6	21.55
853	118	15	163.1
1917	104	8	63.01
219	120	29	248.93
4287	105	4	29.96
259	110	12	63.75
177	2	6	7.48
105	223	6	11.68
168	716	5	47.71
104	2535	3	16.51
112	538	11	79.79
98	2921	5	23.83
301	12	11	14.51
329	133	3	16.55
101	1841	7	39.08
102	2564	3	15.76
104	600	3	7.77
98	183	105	560.95
115	958	3	19.05
98	6231	3	17.47
389	165	4	30.86
102	685	3	7.75
107	1082	3	13.07
101	3635	3	15.29
643	102	3	7.3
2152	114	7	71.56
202	6516	3	45.25
2733	106	6	50.34
13	519	15	99.44
98	1551	10	51.66
2881	557	3	43.08
12	157	170	975.77
12	6417	3	17.55
1937	12	3	6.76
111	159	4	6.03
1589	102	4	19.4
101	914	3	6.48
104	1997	3	14.67
1853	14	10	57.18
98	5832	3	17.47
105	186	5	5.54
104	3210	3	17.73
102	1893	5	28.3
371	14	13	24.01
4229	105	3	19.52
2	5848	3	26.12
500	527	3	32.33
98	6193	3	17.47
160	249	3	17.48
6443	1674	3	59.25
98	1295	13	75.73
375	102	8	26.58
119	135	3	4.78
101	709	11	49.16
2	12	182	22.66
155	114	3	5.24
102	2328	5	31.51
2229	4428	3	57.06
126	158	4	13.44
2	2962	4	27.24
102	942	3	9.44
816	6228	3	55.23
226	376	3	24.76
2785	104	3	16.51
101	1523	8	45.71
6211	2538	3	62.58
149	1833	3	29.13
658	114	4	24.46
7097	114	3	34.73
98	2228	8	46.6
4596	6156	3	67.64
106	291	5	13.81
98	3503	5	29.12
204	127	3	11.67
98	5679	4	23.3
98	3655	5	29.12
98	1724	6	21.93
265	464	3	27.39
363	1269	4	49.96
98	1912	7	31.46
172	107	5	6.93
4158	106	4	32.39
2827	1319	3	48.54
292	106	14	68.69
178	2674	4	49.19
107	393	4	11.97
102	230	4	4.6
2227	3509	4	77.79
168	102	7	7.03
657	634	7	96.53
98	4479	4	23.3
98	4555	4	23.3
151	470	3	20.98
1289	14	3	4.29
262	1455	4	48.69
98	3576	4	18.4
124	107	22	51.07
218	14	11	6.63
164	16	4	12.75
123	1735	3	24.85
5688	3963	3	65.41
213	145	5	29.35
251	14	18	30.24
1473	12	4	9.01
106	1368	3	14.17
144	615	6	52.41
488	12	5	4.06
116	679	3	17.78
6433	99	3	17.47
145	125	3	7.22
98	2506	6	29.32
8	305	4	17.55
273	684	3	30.25
98	4612	4	23.3
111	1966	3	20.24
2	979	7	38.18
641	104	22	168.38
907	105	4	16.23
2833	104	4	25.14
5534	105	3	21.73
12	689	4	3.98
102	1429	4	18.57
122	822	3	20.08
128	106	16	28.65
101	4811	3	17.47
742	109	9	63.7
12	110	132	85.9
101	1035	4	11.86
98	5811	3	17.47
582	14	6	7.81
13	4876	4	38.21
1035	120	5	40.98
714	1699	4	59.17
329	297	3	26.19
98	3015	6	34.95
98	2947	5	23.83
733	257	8	99.36
118	3300	3	28.14
180	389	4	32.44
107	1099	4	19.92
102	664	13	75
3401	104	4	27.04
116	118	11	31.3
116	176	3	8.21
130	284	3	15.24
98	323	44	220.41
114	147	4	8.43
101	1859	7	39.08
5586	12	3	13.16
165	439	5	42.3
616	399	3	31.85
1241	12	3	4.22
174	109	6	15.3
7712	12	3	17.55
1038	142	3	24.71
1299	3009	4	70.2
108	475	4	13.6
904	2528	4	65.26
144	111	8	17.9
102	859	6	27.11
1377	14	6	17.19
447	14	8	10.53
119	258	3	12.44
98	5991	3	17.47
98	6171	3	17.47
517	102	3	6.17
1	99	59	274.13
98	6095	3	17.47
1840	14	4	10.12
779	14	5	7.43
4487	3003	3	59.33
98	1117	13	64.17
1435	14	4	8.54
2	1545	7	46.64
390	14	6	4.11
160	233	3	17.06
104	877	4	15.47
662	145	5	42.8
8043	105	3	26.2
1083	4975	4	75.89
1470	14	4	8.54
135	101	18	12.74
601	102	3	7.09
1390	1414	5	82.53
112	307	9	50.2
3964	109	3	24.38
13	3733	4	33.22
108	388	3	7.39
1568	106	7	51.07
116	193	6	25.96
101	5613	4	29.22
102	651	4	12.26
98	2968	4	15.88
231	4684	3	42.53
322	111	3	9.31
2761	105	6	46.7
271	101	6	7.5
503	103	3	6.4
104	2007	5	31.03
12	199	78	348.24
521	14	6	6.49
12	124	323	1811.05
1349	101	3	8.39
102	1986	4	21.39
101	2334	4	18.34
6756	1664	3	59.25
98	5914	3	17.47
138	657	3	21.19
108	1463	3	15.11
12	3149	3	9.57
98	5794	3	17.47
1271	102	9	57.53
587	12	6	8.43
109	212	3	5.76
4285	12	4	18.51
106	510	3	8.49
4243	104	5	43.28
729	146	3	23.53
108	642	3	10.25
511	7719	3	52.23
1130	125	3	23.01
98	811	16	73.64
101	1506	7	35.1
4388	12	3	13.16
104	470	4	10.57
312	718	3	31.4
101	1386	8	43.38
104	368	9	33.84
1722	111	4	28.79
98	4376	3	13.09
837	104	9	50.69
106	1483	3	14.7
158	107	11	24.95
168	518	4	33.32
804	104	18	138.77
6910	105	3	26.2
101	4943	3	17.47
133	427	3	18.22
101	228	22	72.16
1374	12	3	4.61
1057	102	4	15.97
124	126	3	5.02
101	304	5	5.78
748	12	4	4.53
906	822	9	144.17
106	271	12	52.6
7307	12	3	17.55
359	12	24	77.86
101	3106	5	31.17
3481	142	3	33.39
2	2497	3	16.66
98	2212	8	46.6
108	1019	3	12.85
98	1050	13	60.62
141	105	11	12.84
147	6448	3	41.11
606	104	4	12.58
98	733	22	128.17
1962	105	8	63.64
498	104	5	15.96
98	4507	4	23.3
1688	12	3	5.54
1860	109	3	18.95
98	4583	3	13.09
117	351	6	36.09
107	420	9	43.26
442	1340	4	52.49
599	12	7	12.26
4583	161	3	37.62
491	12	10	19.96
106	590	4	14.86
105	2405	3	15.75
12	708	5	7.15
172	252	3	19.05
879	105	13	90.05
101	558	14	61.68
101	357	30	158.69
461	107	4	13.16
1656	14	5	14.14
334	101	7	13.15
98	5784	3	17.47
555	14	5	4.51
101	1002	9	42.67
101	866	6	20.82
521	291	3	28.74
4154	2099	3	53.95
12	153	156	757.48
7592	99	3	17.47
114	180	6	22.54
184	12	14	8.32
1163	12	5	11.26
1247	109	3	16.66
4256	106	3	21.34
472	219	3	26.03
343	2	3	4.74
3012	5475	3	59.33
13	1242	5	29.67
106	1659	3	15.29
98	2922	4	15.88
5209	14	4	22.87
108	141	6	4.98
2826	103	3	16.22
273	146	4	25.44
585	14	7	11.01
102	958	3	9.44
3745	14	3	10.66
215	416	4	35.28
116	4036	4	42.69
319	12	9	9.76
109	4230	3	24.38
102	1652	3	12.55
127	115	5	8.95
3940	101	3	15.29
2019	283	4	52.41
348	200	4	32.65
444	483	3	31.04
1987	12	3	6.76
329	429	4	40.45
1335	12	3	4.61
101	5299	3	17.47
185	600	3	25.7
7120	2597	3	62.58
4351	14	3	12.77
493	270	4	39.75
104	715	3	8.69
101	1781	6	30.58
362	107	4	11.28
104	767	6	27.21
1685	14	3	5.21
1191	104	3	11.71
632	14	6	8.58
181	599	6	59.95
106	1822	3	15.94
103	1353	4	18.42
105	135	8	4.61
103	1141	3	10.99
2499	2552	6	124.48
107	1673	3	15.53
1200	12	3	4.22
1205	13	3	14.29
105	3137	3	17.96
111	158	8	21.46
133	715	3	21.36
234	16	3	11.98
101	2815	5	28.26
2488	120	5	52.44
1277	105	11	81.64
5603	1647	3	54.75
101	404	26	136.98
1302	672	3	39.75
101	6718	3	21.91
456	2	7	26.24
195	1179	4	42.52
114	784	3	17.61
154	127	4	12.94
104	212	4	4.18
2	1009	3	10.64
109	3857	3	24.38
107	392	5	17.13
101	4148	4	24.27
112	962	3	16.59
2044	14	3	6.4
98	4554	3	13.09
7703	963	3	55.92
102	533	3	6.34
158	201	4	22.6
1051	2241	3	46.11
225	3134	3	38.32
281	14	16	27.61
644	142	5	41.94
101	1598	5	21.68
626	456	3	32.9
377	4866	3	45.74
522	121	5	33.43
157	107	6	7.49
4552	14	4	22.87
98	3502	5	29.12
314	14	25	74.16
4264	101	4	24.27
107	442	3	8.06
101	6019	3	21.91
181	16	3	9.25
98	4529	4	23.3
98	2507	6	29.32
1903	1040	3	45.24
128	105	17	23.83
2221	14	5	18.36
234	14	10	6.3
101	379	24	115.83
609	2	3	7.91
110	127	9	15.12
101	3072	5	31.17
117	1460	3	22.55
98	3577	5	29.12
98	3533	5	29.12
2356	14	3	7.16
3205	105	5	38.29
102	355	3	4.22
102	2716	3	15.76
98	912	18	104.86
126	114	4	5.18
104	2162	4	22.39
107	775	3	11.37
5645	104	3	21.5
544	735	3	35.12
2	294	3	4.18
230	146	8	59.03
188	104	7	11.23
101	627	8	27.3
691	103	3	8.17
2431	14	3	7.16
978	2	16	131.82
98	6143	3	17.47
113	110	9	7.28
1250	2	14	121.96
112	1600	5	39.38
1073	12	4	6.73
112	1481	3	19.26
98	5810	3	17.47
5175	102	3	20.73
2829	102	3	15.76
106	929	3	12.09
12	227	67	330.15
1679	105	7	46.83
2	1189	6	33.33
101	1036	6	23.19
2565	14	3	8.06
2011	101	3	10.77
130	111	11	25.17
2640	14	3	8.06
165	134	82	899.17
98	254	63	343.2
866	575	3	36.5
114	146	13	55.77
4292	105	4	29.96
433	14	9	13.28
98	2948	6	34.95
108	223	6	15.58
345	3562	3	42.97
180	2782	3	34.53
202	361	27	350.51
101	1639	5	21.68
884	12	4	5.5
1000	109	3	15.4
171	4261	3	36.69
3236	114	4	38.69
102	832	14	93.42
536	1444	7	107.05
108	186	4	5.31
348	1115	3	34.69
112	1329	3	18.72
113	376	3	13
407	14	10	15.29
1561	102	3	12.55
2127	12	6	23.98
98	1118	4	7.13
101	4644	3	17.47
101	4584	4	29.22
223	101	7	7.5
106	765	4	16.85
321	146	5	35.8
98	5990	3	17.47
136	589	12	119.56
1018	13	3	13.05
102	7234	3	25.2
280	424	6	63.49
612	14	5	5.31
13	3884	3	21.96
1489	102	3	11.98
3071	436	3	42.83
115	651	3	16.96
98	2203	8	46.6
98	4377	4	23.3
1525	12	3	5.54
2449	114	3	24.17
2	4488	4	34.83
102	402	5	12.69
3612	2	4	29.85
107	122	81	372.71
678	12	4	3.98
4409	1893	4	80.43
102	2765	3	15.76
200	14	29	52.7
101	1385	4	14.36
264	1103	3	32.49
3058	105	5	38.29
110	179	3	4.41
2062	14	3	6.4
888	5221	4	74.33
101	229	26	95.81
102	4038	3	18.53
345	146	3	18.67
1150	14	4	6.77
570	12	6	8.07
98	3620	5	29.12
5499	102	3	20.73
1640	12	3	5.54
137	122	4	8.98
248	219	4	31.53
829	12	4	5.15
118	257	6	33.18
4903	14	3	12.77
105	2394	3	15.75
8	5813	3	34.3
587	101	5	11.46
5611	105	3	21.73
3276	14	3	9.19
175	107	5	7.37
98	812	4	5.07
1878	14	5	15.32
2630	1487	3	49.09
6638	14	3	17.15
101	7313	3	21.91
98	2542	7	40.77
217	240	17	187.54
8	151	3	4.76
3651	12	3	11.04
102	327	3	3.93
107	374	4	11.61
168	132	3	10.38
2817	109	3	21.57
1858	12	3	6.11
111	132	13	35.25
12	137	247	1349.12
98	1519	9	42.21
2	1291	3	12.33
783	104	9	49.56
3332	105	4	27.35
1228	105	4	18.44
122	105	19	23.39
2242	103	4	23.24
105	107	44	19.65
2657	509	3	42.48
226	14	15	16.54
372	156	5	38.29
102	649	13	75
108	126	14	22.96
132	107	23	63.53
3918	105	5	43.68
98	2906	5	23.83
395	715	3	32.72
98	2966	6	34.95
114	246	7	35.95
776	12	16	71.13
307	262	7	70.94
98	300	52	286.21
101	2080	4	17.12
478	135	4	27.8
241	166	3	18.23
112	167	7	21.48
112	301	3	9.95
983	14	4	5.86
2099	14	3	6.4
187	375	3	22.7
361	101	5	6.88
4599	14	3	12.77
5437	101	4	29.22
1461	243	3	33.88
115	5383	3	30.69
105	6619	3	26.2
215	534	3	26.22
2322	106	4	26.36
1211	106	13	114.34
3367	12	5	23.96
432	788	4	47.87
137	182	5	24.71
768	818	3	38.01
178	104	6	7.25
3743	105	5	43.68
1553	14	11	62.9
654	1160	14	251.88
121	537	4	25.11
147	575	4	31.92
98	854	17	86.47
104	484	5	15.66
98	4310	5	29.12
1162	12	3	3.86
102	397	3	4.77
328	2	18	92.32
102	514	5	15.09
107	182	11	32.68
98	2529	7	40.77
145	171	3	12.21
438	106	3	7.84
98	4523	4	23.3
108	780	4	17.78
594	102	4	11.36
102	210	8	15.39
98	809	20	116.51
208	1369	4	44.68
98	598	26	143.04
154	101	11	6.07
439	14	10	17.19
101	1311	6	26.26
702	442	4	47.29
105	2593	3	16.74
185	1354	3	30.47
1625	105	10	80.7
111	774	3	14.6
670	102	23	179.51
599	9	4	23.42
7162	1470	3	58.65
2107	109	4	29.15
4064	12	3	11.04
4569	5851	3	67.64
101	4749	3	17.47
1462	14	3	4.72
2875	105	7	61.15
101	4104	4	24.27
102	245	10	28.43
98	2500	7	40.77
8	169	7	25.65
490	1634	3	38.96
12	5208	3	13.16
98	646	24	131.54
3190	12	4	15.99
159	2137	7	88.66
596	237	10	122.79
103	2551	5	34.46
949	508	6	81.76
102	498	3	6
244	101	5	3.92
1185	156	4	38.75
2722	105	7	61.15
317	152	23	249.78
117	331	5	27.74
3172	101	3	13.75
279	101	11	25.77
2467	14	3	7.16
923	1282	3	41.88
12	4324	4	23.4
1837	105	10	87.37
195	110	6	17.53
104	1293	11	84.14
101	337	15	51.03
318	367	3	27.3
730	142	3	22.64
98	6208	3	17.47
1390	2	3	12.86
101	2488	3	12.56
133	2378	3	28.54
101	4542	4	29.22
1111	103	8	47.92
13	148	10	19.97
375	115	4	20.34
3479	156	3	34.87
806	134	3	22.36
3650	2	5	43.54
6232	2	3	26.12
112	138	6	10.6
144	122	19	106.19
98	2953	6	34.95
105	1479	3	12.94
108	286	3	5.89
98	3013	5	23.83
2553	12	7	40.96
1366	12	3	4.61
422	104	15	78.58
140	174	3	11.73
116	3030	6	71.56
336	103	3	4.38
98	1534	3	5.48
3509	101	3	15.29
101	949	15	93.55
325	14	10	11.86
2162	14	3	6.4
101	2369	7	45.16
3784	12	3	11.04
102	2087	7	49.34
103	2929	3	17.43
765	104	6	26.59
2241	14	4	12.25
114	385	6	34.96
112	189	9	36.84
98	6203	3	17.47
98	6127	3	17.47
101	4541	3	17.47
531	101	5	10.5
101	763	18	110.89
153	107	7	9.62
1983	14	4	11.1
375	104	6	17.9
116	3990	4	42.69
98	1541	11	64.07
264	105	6	14.07
1265	116	4	30.99
98	1406	11	57.3
13	380	3	7.57
2117	14	3	6.4
112	4026	3	25.97
105	125	20	31.89
1359	102	3	11.46
652	12	5	6.44
122	127	13	52.89
4942	2	3	21.65
1438	2	4	19.76
409	142	6	46.58
126	501	6	45.05
12	3881	3	11.04
150	127	5	18.14
327	2396	4	54.92
2237	5994	3	61.56
101	1842	3	10.07
101	1790	10	73.06
102	220	37	200.92
102	176	7	8.68
102	118	26	34.94
684	14	6	9.44
117	459	8	58.1
145	141	10	53.41
378	427	3	29.26
98	843	5	8.79
101	395	32	188.36
109	180	5	11.55
107	4087	3	21.58
101	512	9	28.94
110	514	3	11.62
1017	120	13	139.82
197	1816	3	32.69
12	2392	3	7.52
1752	14	3	5.76
3916	105	5	43.68
967	156	6	61.23
3736	14	3	10.66
101	5051	4	29.22
101	2952	5	31.17
98	3517	4	18.4
1036	152	6	61.74
515	145	5	40.1
98	3653	5	29.12
98	3593	5	29.12
109	434	3	10.49
124	121	3	3.86
309	12	8	6.79
114	1868	4	32.89
8	4057	3	27.58
164	109	4	6.25
101	1486	5	20.59
1888	12	3	6.11
12	1625	7	26.98
107	322	3	6.32
611	1064	5	69.38
107	204	7	17.19
2006	101	3	10.77
102	473	10	42.91
98	2234	8	46.6
98	4408	4	23.3
4904	104	4	34.63
1414	14	3	4.72
98	983	4	6.2
3420	105	3	17.96
2607	14	3	8.06
3971	6979	3	65.41
104	561	3	7.37
98	4393	4	23.3
8	388	6	34.11
98	2219	8	46.6
104	2718	3	16.51
102	445	24	154.22
98	3604	4	18.4
920	232	4	43.71
101	2903	5	31.17
6430	105	3	26.2
1449	14	6	18.38
6043	103	3	25.66
98	1703	10	58.25
3549	103	5	42.78
2880	419	3	41.27
152	13	5	4.76
752	107	3	11.09
1566	14	3	5.21
484	136	3	19.13
98	8166	3	17.47
248	309	7	69.83
9	99	57	16.61
3979	12	3	11.04
106	452	4	12.64
757	102	3	8.25
2423	173	5	62.24
1031	12	5	9.98
217	226	6	50.48
102	193	5	4.76
1347	109	5	34.59
206	752	3	27.94
125	12	29	6.53
456	1413	11	184.74
98	676	22	114.62
1601	14	5	14.14
479	14	6	5.93
3138	101	3	13.75
1739	14	3	5.76
107	2645	7	65.99
1795	101	4	16.08
98	2983	5	23.83
98	2915	6	34.95
104	741	5	20.15
101	1623	3	9.44
107	4205	3	21.58
687	12	6	10.1
4076	184	3	37.78
824	416	3	33.93
98	1389	10	47.66
380	142	3	18.46
722	12	5	7.15
107	1763	3	16.18
98	5779	3	17.47
1669	104	5	28.29
156	14	180	1019.78
105	229	5	8.72
113	139	39	237.42
426	522	3	31.25
101	4448	3	17.47
122	364	5	30.09
105	539	5	16.95
588	101	6	15.89
108	1223	3	14.09
127	116	8	22.26
98	5974	3	17.47
124	777	3	20.75
1184	922	3	40.91
2575	12	3	8.43
4040	102	3	18.53
98	1194	13	68.63
101	2081	3	10.77
793	12	4	4.83
333	334	5	50.56
297	237	3	23.95
102	891	7	34.17
101	5341	3	17.47
3470	134	4	47.31
559	101	3	3.99
2672	104	3	16.51
541	142	7	61.19
1556	159	3	29.13
1507	152	4	40.81
101	444	5	8.9
121	1606	4	34.44
208	145	3	14.21
102	5037	3	20.73
5653	105	3	21.73
1342	14	5	12.21
417	207	6	57.29
3965	102	3	18.53
106	1326	3	14.17
102	240	6	11.24
98	2497	4	14.07
538	508	5	59.67
1224	102	5	24.03
98	4535	4	23.3
610	386	4	44.63
529	12	12	30.93
98	4362	4	23.3
637	12	5	6.11
98	2240	8	46.6
270	107	4	9.2
98	974	7	18.85
399	101	6	11.53
98	906	13	55.01
703	143	3	22.57
124	103	15	14.92
2889	156	3	33.28
403	710	3	32.87
104	1350	9	61.98
140	1645	3	26.89
3472	120	3	29.75
118	489	23	237.73
142	14	230	1307.02
106	236	3	4.32
144	8087	3	40.44
2528	2923	6	130.22
98	3567	4	18.4
197	8031	3	44.9
107	3251	3	20.01
1496	106	3	14.7
2315	12	3	7.52
209	12	11	5.65
105	401	6	19.17
98	6077	3	17.47
1662	14	3	5.21
2690	105	7	61.15
113	118	6	8.89
105	1339	5	26.56
192	1184	3	29.78
4277	14	3	10.66
1515	14	5	14.14
131	664	7	61.21
104	2231	5	32.78
101	3391	5	31.17
1805	105	9	72.15
115	6941	3	35.18
146	207	19	166
1157	12	3	3.86
101	2056	9	65.76
130	119	6	15.75
12	7712	3	17.55
2425	617	3	42.72
109	1885	3	18.95
101	1800	8	48.54
1135	109	5	32.84
2131	12	5	17.33
1275	12	6	16.87
101	7880	3	21.91
813	6016	3	55.23
12	3683	3	11.04
965	104	11	71.38
112	396	3	11.4
1385	103	5	26.67
2703	14	4	13.66
1395	14	3	4.72
105	206	4	4.03
101	4334	3	17.47
12	221	15	17.42
2	1195	11	81.34
3078	12	3	9.57
123	210	3	10.97
2061	234	3	35.66
111	171	9	30.25
101	954	11	56.68
179	109	3	4.31
325	12	12	19.3
150	1373	3	27.34
112	1107	3	17.77
101	4319	4	24.27
1452	106	3	14.7
106	908	4	18.57
2009	838	3	43.78
105	159	13	25.9
5128	105	4	34.94
101	877	4	10.45
6218	2891	3	63.82
109	658	3	12.99
101	981	9	42.67
1465	14	3	4.72
98	1514	9	42.21
13	359	14	77.13
114	303	4	18.1
6221	105	3	26.2
364	1668	5	68.34
1152	115	3	20.24
493	105	24	168.89
108	196	4	5.71
103	347	3	4.48
98	2909	6	34.95
1428	6561	3	58.65
98	2961	3	9.49
104	2258	3	15.52
135	306	3	16.22
333	146	5	36.21
895	101	3	6.18
106	2435	7	59.4
104	1638	3	13.29
319	285	3	25.74
2381	12	4	12.75
112	1575	8	74.34
1	2	7	16.54
13	659	10	62.16
98	1697	9	46.03
2118	293	8	124.47
101	219	15	35.44
101	293	6	8.32
2405	12	4	12.75
104	1129	5	24.45
1202	6146	3	57.59
1267	105	5	25.66
102	1280	3	10.99
98	2193	8	46.6
12	3446	3	9.57
1162	14	5	10.67
98	4367	4	23.3
112	602	3	14.05
115	138	3	3.96
98	857	5	8.79
117	2979	3	27.7
101	1562	3	9.44
101	1391	10	62.35
175	102	9	14.55
12	1970	3	6.76
3406	102	4	26.03
104	184	7	11.02
439	12	6	5.72
104	228	5	8.29
101	1240	3	7.94
98	4450	4	23.3
183	1681	4	44.96
150	744	3	23.88
1084	105	3	11.09
1249	14	3	3.9
3397	105	3	17.96
341	103	3	4.38
1488	701	5	74.74
118	251	4	18.47
121	1559	4	34.44
152	9	5	12.5
6391	6528	3	72.14
587	109	4	18.76
1329	14	3	4.29
131	329	8	59.96
131	277	18	161.02
98	980	17	99.03
115	137	3	3.9
101	1442	4	14.36
3165	106	5	41.33
2636	12	3	8.43
98	1698	10	58.25
101	246	8	11.95
122	2153	3	25.48
148	107	8	12.15
102	1361	4	17.83
101	2908	4	21.69
2998	1552	4	71.83
9	103	38	58.59
109	4991	3	26.6
7637	105	3	26.2
101	2652	3	12.56
98	1902	3	6.69
98	619	5	6.01
12	1999	3	6.76
456	1537	11	191.62
553	226	3	27.15
1540	110	4	27.28
276	102	5	9.25
4088	105	3	19.52
108	834	4	18.19
5613	669	4	71.9
98	4577	3	13.09
3211	105	3	17.96
3821	104	3	19.29
102	338	7	19.89
224	146	3	15.67
184	13	4	5.52
543	14	7	10.15
1072	104	4	16.95
98	6224	3	17.47
121	740	4	28.05
98	294	51	269.04
372	178	3	22.18
1098	12	8	25.51
108	249	4	8.52
98	2912	6	34.95
132	114	5	9.6
149	153	3	11.02
101	2346	3	11.59
947	109	3	15.04
105	114	32	47.44
101	924	6	21.55
393	145	7	57.18
1506	14	6	18.38
98	1394	11	57.3
12	261	44	180.3
123	176	12	70.44
13	537	7	34.17
5025	105	4	34.94
12	211	86	465.66
1811	145	3	28.44
1643	14	4	9.28
102	5617	3	20.73
101	600	6	16.33
663	107	3	10.32
173	101	16	26.12
1160	101	3	7.53
457	14	8	10.91
13	285	3	5.97
98	1189	7	22.15
577	102	3	6.89
107	1887	3	16.18
104	3558	3	19.29
98	6183	3	17.47
2941	1113	5	90.63
98	5979	3	17.47
254	110	3	7.5
437	125	4	25.43
311	193	3	21.95
1044	1113	7	113.81
103	121	11	3.88
339	12	20	53.97
806	165	3	26.01
1417	14	3	4.72
482	2698	3	42.29
114	424	3	13.8
412	103	5	13.61
12	1276	4	7.75
524	107	3	8.88
126	169	4	15.12
723	14	14	50.33
747	1251	4	56.28
112	342	11	68.08
2	239	4	5.69
969	110	5	31.57
625	102	3	7.3
135	123	7	22.77
894	12	4	5.5
2080	2	4	22.59
12	499	13	34.02
98	1290	12	62.96
115	2078	8	87.62
1196	2	5	25.52
98	6078	3	17.47
2046	115	3	23.76
521	2738	6	99.34
1222	101	3	7.94
113	163	3	5.86
98	5875	3	17.47
652	14	5	5.93
4815	101	3	17.47
1713	14	3	5.76
14	721	4	3.86
561	846	12	190.95
112	1153	3	17.77
12	296	23	63.36
123	267	8	51.41
102	3350	4	26.03
102	5345	3	20.73
5776	11	3	52.85
6593	12	3	17.55
114	269	6	30.6
108	158	6	7.8
909	101	4	10.89
108	308	3	6.27
810	215	5	54.14
1596	14	5	14.14
112	446	7	40.66
1109	14	4	6.77
12	1952	6	23.98
762	1875	3	42.4
98	848	17	86.47
2983	369	6	100.62
805	297	4	45.21
684	12	4	3.98
4261	12	3	11.04
1168	106	10	74.46
1884	102	3	13.2
234	9	4	15.36
107	1222	3	13.92
717	12	7	14.45
106	432	3	7.69
108	1940	3	17.09
109	229	7	26.8
3240	105	5	38.29
102	3755	4	28.63
1060	14	5	10.01
98	8134	3	17.47
98	1917	8	40.43
101	315	28	134.15
101	263	20	68.97
133	405	3	17.76
106	5017	3	23.55
309	14	9	8.37
195	105	12	32.59
1631	101	4	15.17
3030	14	4	15.47
101	3127	4	21.69
137	149	3	9.11
106	230	4	7.57
460	12	7	8.69
98	3648	4	18.4
102	425	21	123.26
106	1380	3	14.7
109	4050	3	24.38
107	149	19	58.96
98	2239	6	26.17
5634	105	4	34.94
104	507	4	11.02
101	7680	3	21.91
104	405	26	171.85
667	101	5	12.56
311	1455	3	35.71
192	482	4	35.15
127	201	3	11.61
2085	126	3	26.66
4571	105	4	34.94
101	2433	7	45.16
12	354	13	24.38
98	1291	10	44.54
119	132	3	4.66
111	490	4	17.86
2137	1416	4	66.25
120	102	16	10.55
151	798	4	34.8
3111	14	6	34.31
108	551	3	9.41
347	104	7	21.81
1987	14	3	6.4
3928	105	5	43.68
104	4361	3	21.5
744	104	12	73.86
220	14	11	6.81
14	1855	3	5.76
128	1640	3	25.38
101	5294	3	17.47
789	206	4	40.2
103	378	3	4.91
98	2994	6	34.95
260	105	4	6.54
125	708	4	29.47
1321	1436	3	44.6
4071	102	3	18.53
1182	1150	4	59.09
98	1396	12	69.9
102	5406	4	33.61
773	109	4	21.2
3746	2836	3	55.85
101	1014	3	6.81
98	5940	3	17.47
98	5760	3	17.47
159	1499	8	96.99
112	1216	5	36.31
1200	14	5	11.4
2930	2191	3	53.24
3399	104	3	17.73
106	547	3	9.03
107	397	4	11.97
107	463	7	31.04
102	110	57	69.47
108	668	3	10.49
98	4603	4	23.3
221	258	6	53.22
98	4483	4	23.3
181	12	26	37.85
1239	1183	4	59.74
2279	12	3	7.52
104	319	5	11.79
1061	4806	3	52.2
13	1795	4	24.85
1618	14	3	5.21
104	468	18	107.88
98	1042	14	69.72
101	3716	4	24.27
4171	12	3	11.04
98	2224	7	34.85
98	4398	4	23.3
281	12	17	33.25
98	3507	4	18.4
98	3659	5	29.12
237	120	21	169.5
110	322	4	14.1
98	1728	5	15.82
2170	555	3	41.18
1803	14	3	5.76
98	3610	5	29.12
748	14	6	10.41
197	3398	3	36.58
896	450	3	34.75
98	1713	4	10.51
109	588	5	25.81
303	429	3	28
115	332	5	26.4
98	1045	14	69.72
104	497	4	11.02
98	4383	4	23.3
505	103	3	6.4
98	4586	4	23.3
106	1153	3	13.24
346	105	3	4.91
103	2155	4	22
7549	12	3	17.55
2	901	3	9.96
203	147	6	37.36
106	4107	4	32.39
134	187	4	18.18
439	9	4	20.79
392	488	3	30.25
1869	102	6	37.07
757	107	4	17.16
1434	105	4	19.87
101	1073	6	23.19
104	2030	5	31.03
101	997	4	11.35
2543	2992	3	54.26
102	5423	3	20.73
101	921	3	6.48
3366	14	4	15.47
573	156	4	32.56
101	861	5	15.36
123	231	3	12.22
12	148	20	7.57
4044	106	4	32.39
639	207	8	89.53
659	12	6	9.65
101	2281	3	11.59
1240	102	6	31.53
105	175	9	17.01
2410	12	3	7.52
876	251	6	71.69
112	432	7	40.25
427	234	3	26.15
1413	2	4	19.76
116	138	3	4.4
4563	2533	4	84.33
468	101	4	5.97
120	566	3	17.3
184	14	22	25.47
104	747	6	26.59
130	208	3	12.34
1290	417	3	36.79
101	1939	6	32.53
250	428	4	37.91
161	1675	4	41.77
101	2091	5	24.37
191	107	6	12.05
12	1221	9	34.96
297	103	4	6.98
867	515	3	35.66
12	1169	4	7.22
3899	386	3	43.65
2386	2	3	15.67
144	149	7	35.03
107	754	4	17.16
108	516	3	9.04
5343	12	4	23.4
12	4143	3	11.04
102	1861	4	20.33
705	109	3	13.5
2662	12	3	8.43
419	12	12	24.43
98	6180	3	17.47
98	6044	3	17.47
102	3654	5	42.01
12	461	32	162.63
160	107	6	7.71
6771	14	3	17.15
98	1124	14	74.32
226	106	3	3.95
226	161	6	42
133	1959	4	39.81
3474	152	3	34.67
2116	105	9	78.63
250	165	5	35.93
98	6240	3	17.47
143	107	7	7.64
722	111	3	14.03
12	128	156	495.63
123	310	3	14.3
113	448	9	63.18
2836	2	6	46.53
407	12	7	7.23
13	2787	4	28.7
98	5790	3	17.47
320	743	9	119.36
105	102	144	199.01
98	5738	3	17.47
741	2	7	33.83
542	207	11	128.17
363	3355	3	41.65
105	501	3	6.86
101	683	11	47.95
676	176	7	73.91
12	529	14	41.11
357	101	5	6.88
4204	12	3	11.04
1586	12	3	5.54
112	311	4	15.79
2860	12	3	8.43
733	349	10	136.95
141	110	8	15.84
544	200	5	48.21
1099	12	6	15.04
200	12	16	14.48
103	611	4	12.21
101	3746	4	24.27
3739	105	3	19.52
1491	14	3	4.72
101	3096	5	31.17
211	802	3	28.56
707	14	7	13.65
13	599	4	15.95
197	3315	3	36.58
1070	12	4	6.73
2918	12	4	15.99
1150	12	3	3.86
429	237	5	49.24
374	173	6	52.43
3086	3988	3	57.09
101	434	7	16.46
2705	636	3	43.99
1053	101	3	7.16
2982	1919	4	73.88
1758	14	3	5.76
106	396	4	11.67
98	4517	3	13.09
131	462	4	26.82
414	1327	4	51.84
101	4003	3	15.29
417	103	3	5.39
1065	109	5	32.07
240	207	14	143.32
1253	12	4	7.75
1427	106	10	82.69
168	121	5	18.3
98	4472	3	13.09
887	12	6	12.84
8	234	3	9.73
129	449	3	17.95
104	336	5	12.16
101	1142	4	12.4
5429	14	4	22.87
1490	14	3	4.72
1820	14	3	5.76
2852	105	4	25.45
275	104	31	186.34
3443	105	6	52.41
98	1933	9	52.42
106	550	3	9.03
9	129	14	50.17
105	768	3	9.44
166	2399	3	32.4
106	296	4	9.66
106	244	6	16.32
98	3580	5	29.12
176	110	4	7.71
1451	102	4	18.57
134	1182	8	84.03
3552	3601	3	58.68
364	105	6	17.81
12	994	17	99.48
617	14	6	8.18
251	101	5	4.11
98	907	17	91.42
102	492	3	5.85
180	697	3	26.3
7426	650	3	53.8
637	106	3	9.86
1041	12	10	38
2089	12	8	40.64
12	3432	5	23.96
3842	114	3	28.01
12	1243	3	4.22
174	106	7	13.58
101	3194	4	21.69
107	772	10	65.42
6893	103	3	25.66
98	6062	3	17.47
127	252	5	28.14
105	398	3	5.71
149	477	6	50.75
113	179	11	54.17
183	247	4	28.9
3885	12	4	18.51
3432	1138	3	48.81
123	504	3	17.06
111	363	3	9.9
159	3666	3	35.28
101	1091	4	11.86
106	2276	4	26.36
2770	2	3	16.66
101	955	3	6.48
98	5807	3	17.47
122	139	3	5.44
4156	14	3	10.66
13	4033	5	47.77
217	821	8	97.14
103	573	3	7.29
108	116	16	19.82
1258	14	3	3.9
101	3508	4	24.27
170	107	8	16.97
150	139	4	14.62
4677	102	3	20.73
12	1559	4	9.75
2534	12	3	8.43
101	7815	3	21.91
114	321	4	18.56
12	1581	3	5.54
236	14	73	417.85
98	195	96	499.53
1100	116	3	20.38
140	107	7	6.7
632	101	4	8.05
12	3734	3	11.04
232	1680	4	48.35
482	109	3	11.14
105	132	19	34.49
371	12	10	14.7
149	166	3	12.45
2252	14	3	7.16
12	160	161	886.97
98	1546	3	5.48
12	235	18	29.85
3129	14	3	9.19
107	5562	3	23.79
12	563	14	43.41
12	355	38	177.53
98	1292	12	62.96
101	758	6	18.89
229	107	3	4.38
14	2250	3	7.16
14	2182	3	7.16
113	161	3	5.64
239	164	4	26.27
103	334	3	4.38
171	706	3	25.63
102	869	5	20.53
1218	14	3	3.9
625	104	4	12.88
2	14	355	271.33
102	4175	3	18.53
256	7	3	22.93
104	1020	3	10.5
607	13	3	10.22
131	220	4	20.21
102	435	3	5.27
1113	104	3	11.27
1635	14	4	9.28
98	2225	8	46.6
2225	206	3	34.86
373	116	7	45.13
565	14	5	4.76
281	101	7	10.89
101	1594	4	15.17
883	121	13	135.31
115	110	26	69.61
98	1041	13	60.62
121	397	3	15.17
109	372	3	9.65
5099	3184	3	59.33
109	6482	3	31.09
101	147	62	215.97
247	576	4	40.39
109	541	4	18.19
4003	12	3	11.04
12	860	9	27.48
106	176	6	10.4
98	3658	4	18.4
128	111	12	27.78
717	105	5	20.05
107	1232	4	21.13
106	371	5	16.07
109	2985	4	33.84
4290	105	5	43.68
13	4236	3	21.96
102	3693	4	28.63
4537	12	3	13.16
13	1032	8	53.08
262	226	6	53.72
98	1907	8	40.43
101	1220	8	39.64
2886	9	6	68.91
1289	12	3	4.61
101	1168	11	63.18
106	4059	3	21.34
101	1272	8	39.64
6233	3000	3	63.82
3733	14	3	10.66
101	6148	3	21.91
98	4602	3	13.09
181	101	7	3.84
98	4550	4	23.3
185	468	14	162.04
1454	14	4	8.54
3442	105	4	27.35
175	115	3	7.61
606	107	15	104.59
1325	104	3	12.19
131	445	13	121.01
3622	3018	3	57.09
111	4678	3	27.15
2858	102	5	33.69
1483	14	3	4.72
4308	14	3	10.66
101	561	7	20.24
104	1437	5	27.17
101	412	32	194.33
105	2264	3	15.75
12	1087	6	15.04
102	6141	3	25.2
202	1937	6	79.24
381	107	3	7.23
109	389	3	9.91
204	110	6	18.31
12	2299	6	26.33
102	7410	3	25.2
106	343	3	6.32
106	133	36	128.49
5	9	3	14
107	162	12	30.57
2468	106	3	17.54
102	452	3	5.41
185	319	4	31.39
98	1046	16	93.21
921	462	3	35.27
1555	14	3	5.21
2510	103	3	16.22
7091	14	3	17.15
186	654	5	49.27
112	231	3	8.18
476	176	3	23.55
169	14	137	784.98
108	566	3	9.61
4645	14	3	12.77
568	12	5	5.24
433	386	4	41.71
155	125	4	12.84
147	952	12	142.11
7	1314	13	206.49
106	2630	3	18.54
173	161	3	13.84
101	817	6	20.13
512	147	3	21.26
101	6932	3	21.91
123	365	4	22.39
123	483	4	24.89
98	1199	12	58.64
274	9	4	16.89
4784	14	4	22.87
101	4559	4	29.22
98	6121	3	17.47
198	14	12	5.09
98	6181	3	17.47
98	6045	3	17.47
104	3166	4	27.04
105	116	17	13.56
1251	14	4	7.3
13	2661	4	28.7
334	14	10	12.2
105	174	9	16.77
527	146	3	21.37
105	292	5	11.28
162	442	6	52.04
7052	234	3	47.12
1422	12	3	5.05
7357	12	3	17.55
115	1809	5	44.82
123	178	3	9.42
224	262	3	22.46
102	705	3	8
366	509	9	112.95
146	2735	4	45.16
301	14	11	13.38
101	788	13	67.5
1435	12	3	5.05
98	1122	15	87.38
12	448	13	30.74
139	235	3	14.78
106	6832	3	28.03
113	128	5	8.34
136	385	14	129.97
3118	14	3	9.19
1990	14	4	11.1
646	101	3	4.72
12	4808	3	13.16
104	4390	4	34.63
7534	105	3	26.2
116	6533	3	35.76
103	107	42	13
3186	758	3	46.3
102	2355	6	41.48
1470	12	3	5.05
4207	109	3	24.38
140	125	9	37.8
4616	4431	4	93.89
98	6241	3	17.47
13	1179	7	46.29
3301	14	3	9.19
5572	105	3	21.73
101	3536	3	15.29
108	190	4	5.48
98	2971	4	15.88
13	3985	3	21.96
139	414	3	18.41
101	4181	3	15.29
3824	104	4	29.65
407	101	6	11.53
149	188	4	20.98
101	4333	4	29.22
98	5791	3	17.47
101	871	14	80.66
111	125	11	22.94
202	1123	11	149.47
133	797	12	128.18
105	668	4	13.49
1053	12	4	6.73
341	2	3	4.74
7043	14	3	17.15
303	297	3	25.71
146	1694	6	68.68
167	498	4	33
133	120	17	81.06
332	101	29	145.06
98	4516	3	13.09
699	108	5	23.65
1011	634	3	37.7
107	221	5	10.96
107	119	45	145.19
1276	104	11	80.78
147	564	5	41.96
3634	14	3	10.66
110	111	22	30.38
846	14	8	21.18
101	283	20	73.43
104	1131	5	24.45
2405	105	3	15.75
148	121	18	101.43
148	171	4	19.26
106	210	6	13.32
106	6318	3	28.03
101	5014	3	17.47
109	497	3	11.32
101	330	27	129.57
109	422	3	10.34
218	12	9	3.96
12	993	10	36.25
118	349	16	133.89
792	2130	5	79.71
387	14	8	8.56
193	146	8	53.07
98	3581	3	10.97
176	111	7	21.42
620	2509	6	102.13
4210	105	3	19.52
2870	105	6	46.7
1707	2902	6	122.51
1375	173	6	69.5
251	12	14	18.72
399	106	17	103.77
98	968	16	85.71
195	1242	4	43.16
101	1217	5	18.75
382	105	8	29.46
104	5004	3	21.5
98	4533	4	23.3
1832	105	3	14.16
98	4473	4	23.3
8144	105	3	26.2
98	2555	7	40.77
1861	1754	4	66.97
104	3773	4	29.65
148	522	9	85.92
634	14	7	11.98
162	930	9	102.42
101	583	18	95.57
6345	102	3	25.2
133	269	8	57.19
215	639	9	104.82
118	12	74	78.92
98	1934	3	6.69
123	711	4	28.22
98	5806	3	17.47
183	552	3	25.03
101	2174	3	10.77
13	568	22	178.47
98	1529	8	34.04
1058	14	6	14.32
12	179	45	112.1
4238	104	3	19.29
12	113	493	2456.91
2675	101	5	28.26
133	694	3	21.09
101	956	6	21.55
755	206	4	39.79
6016	101	3	21.91
203	616	3	26.5
2490	120	3	26.93
101	7814	3	21.91
98	3020	3	9.49
266	806	3	31.12
3781	12	3	11.04
102	864	4	14.5
112	209	3	6.9
2037	105	8	63.64
2	16	13	8.29
1241	14	3	3.9
533	101	6	14.68
224	428	3	25.67
2	1390	10	76.34
681	1439	10	172.98
161	990	3	26.3
101	783	15	84.8
1272	14	3	3.9
111	539	4	18.62
7571	105	3	26.2
119	213	7	36.34
98	6063	3	17.47
223	138	3	14.1
1537	2	10	80.42
3061	106	4	29.77
3362	341	3	41.25
3673	12	3	11.04
98	973	15	75.29
2711	104	3	16.51
2208	14	3	7.16
102	553	3	6.51
104	4854	3	21.5
861	14	4	5.09
117	201	5	20.89
193	263	4	29.96
106	310	3	6.01
2243	14	3	7.16
473	3815	3	44.94
4049	14	3	10.66
124	102	10	3.96
1846	12	3	6.11
101	191	13	20.56
104	1605	5	28.29
1744	12	3	6.11
104	1553	3	13.29
711	325	5	58.54
98	1923	9	52.42
148	586	5	42.5
102	167	25	80.86
488	13	3	8.89
995	14	4	5.86
2119	14	3	6.4
98	4534	3	13.09
98	4618	4	23.3
103	1020	3	10.21
4073	4973	3	60.91
98	770	20	108.58
4674	5575	3	63.14
108	114	10	4.05
122	1421	4	33.99
1648	14	3	5.21
2	478	4	10.98
12	1446	6	19.13
102	2452	3	14.77
1275	101	3	7.94
98	1411	11	57.3
2	1196	5	25.52
8119	14	3	17.15
98	1530	9	42.21
219	248	5	41.77
101	1029	10	50.4
106	1072	5	27.05
105	458	3	6.39
98	6076	3	17.47
102	1829	6	37.07
122	406	3	15.61
410	165	4	31.27
2653	14	4	13.66
410	103	3	5.39
12	548	11	27.03
1076	101	3	7.16
915	104	4	15.93
2539	14	6	28.68
821	14	12	42.65
2	183	5	5.44
3405	101	4	21.69
6226	270	3	48.22
171	722	3	25.63
107	702	3	10.82
144	221	4	22.25
144	119	5	14.1
104	987	5	23.01
174	260	4	28.57
1564	102	3	12.55
135	109	7	10.69
1447	14	4	8.54
112	163	3	4.26
101	3343	3	13.75
267	104	7	18.35
8048	105	3	26.2
217	995	4	43.28
885	331	3	32.88
139	101	22	23.65
98	5985	3	17.47
348	103	3	4.48
101	801	13	67.5
895	12	6	12.84
215	436	3	24.95
274	12	11	12.6
110	795	3	14.19
111	135	9	18.89
111	337	6	27.3
215	226	11	105.65
105	3050	3	17.96
123	244	5	26
123	296	4	20.94
1800	317	3	37.11
101	4182	4	24.27
5539	101	4	29.22
1166	503	5	67.96
98	5908	3	17.47
105	104	121	157.63
624	14	10	24.43
764	105	12	74.79
2849	14	3	8.06
105	158	7	6.88
912	101	3	6.48
1153	575	9	141.3
112	549	8	52.6
1131	503	4	52.12
116	273	3	12.23
132	104	8	4.01
3694	105	4	29.96
98	2910	6	34.95
12	3851	3	11.04
108	331	10	45.52
472	237	7	75.53
362	132	3	17.03
4488	2	3	21.65
755	102	3	8.25
450	184	10	105.84
98	4571	3	13.09
102	138	13	13.69
141	477	3	19.57
313	107	4	10.36
1684	433	3	38.26
459	243	10	116.45
154	241	4	24.65
104	229	13	45.05
101	7402	3	21.91
1096	14	4	6.29
2952	14	3	9.19
282	107	8	29.78
189	14	31	56.36
767	152	10	109.32
14	3035	3	9.19
109	5193	3	26.6
635	2319	7	120.15
107	1243	3	13.92
1670	1856	4	66.01
98	3627	4	18.4
106	209	7	17.22
128	467	7	54.4
361	599	3	31
474	111	3	11.49
280	5608	3	43.82
3149	281	3	40.11
2257	105	6	43.47
98	2192	8	46.6
1386	12	4	9.01
131	327	3	16.32
118	128	4	7.15
2198	14	3	7.16
12	717	4	4.24
133	107	10	13.25
109	275	4	12.69
101	350	25	117.48
107	1258	4	21.13
1605	109	8	70.09
1434	12	3	5.05
6948	102	3	25.2
102	1616	3	12.55
103	934	3	9.86
98	4440	3	13.09
221	155	8	58.96
108	833	3	11.84
12	5230	3	13.16
8	265	3	10.57
2478	123	3	26.47
2590	12	3	8.43
101	4062	4	24.27
238	106	3	4.38
102	271	5	9.11
185	405	4	33.2
121	235	3	11.9
98	620	10	25.39
847	509	5	65.16
479	101	5	9.65
914	14	4	5.45
2966	105	6	52.41
644	156	4	33.54
728	101	6	18.32
261	102	4	5.49
98	4321	4	18.4
388	109	7	34.76
158	117	4	10.89
981	1109	14	270.34
1064	314	4	47.7
98	3600	5	29.12
98	3496	3	10.97
1693	12	3	6.11
148	155	4	16.87
801	508	7	95.63
110	241	6	22.03
106	5117	3	23.55
857	181	3	27.63
113	143	5	11.26
107	1886	3	16.18
106	837	5	24.51
98	6182	3	17.47
588	14	5	5.03
319	109	7	32.27
1160	12	3	3.86
106	2481	3	17.54
390	9	4	19.75
1048	12	9	31.5
13	110	21	13.08
102	4409	4	33.61
101	1949	3	10.77
146	114	3	4.81
2830	106	3	18.54
2	323	3	4.64
1127	5209	3	52.63
112	118	41	182.13
3519	14	4	17.99
180	353	5	41.76
150	111	9	24.52
108	324	3	6.57
98	2911	5	23.83
103	373	4	8.53
301	13	3	6.35
668	102	8	36.39
322	12	11	15.59
1247	12	5	12
101	1771	5	22.93
1676	166	3	30.1
2	456	22	143.97
14	4627	4	22.87
107	5484	4	37.7
2134	12	3	6.76
1282	12	3	4.61
101	923	11	56.68
463	127	4	25.9
262	639	4	41.65
12	260	20	42.39
12	210	24	42.34
144	1232	4	37.21
1367	14	3	4.29
334	13	4	11.26
105	115	18	13.44
98	5927	3	17.47
105	233	7	16.53
7268	14	3	17.15
12	101	294	5.88
166	115	3	6.82
104	1991	3	14.67
919	110	3	15.16
208	3340	3	37.19
108	2	34	7.36
1214	2	5	25.52
108	234	3	4.65
101	5701	3	21.91
98	192	105	592.89
379	136	3	17.55
307	120	5	27.91
130	101	24	23.42
104	658	4	13.2
104	710	3	8.69
2	13	199	592.88
102	2151	7	49.34
230	134	3	14.32
312	111	3	9.2
101	1998	3	10.77
347	102	4	7.4
101	3389	3	13.75
216	282	3	22.41
929	1488	3	42.43
127	135	3	6.18
107	8051	3	28.27
531	14	6	6.8
12	415	28	116.34
2720	105	6	46.7
101	767	3	5.64
512	103	3	6.56
109	944	6	39.42
7515	104	3	25.97
111	346	3	9.65
101	647	8	28
1043	14	5	10.01
819	101	3	5.9
1125	1670	4	62.07
106	231	4	7.57
103	1975	3	14.37
134	1249	3	24.7
2790	269	3	38.66
101	212	42	185.28
945	102	5	21.13
110	138	6	8.26
13	842	3	12.35
794	556	3	35.42
7837	102	3	25.2
102	2832	3	15.76
101	1490	6	27.51
1248	102	4	17.16
213	125	3	11.99
2059	106	3	16.68
2	811	3	9.65
585	2255	3	42.49
2	659	3	8.34
112	696	3	15.04
14	1332	6	17.19
196	378	3	23.04
3050	105	3	17.96
107	208	21	99.09
227	116	3	10.71
2537	101	3	12.56
220	1067	5	57.73
7833	14	3	17.15
108	666	4	16.32
98	4549	4	23.3
98	4489	4	23.3
548	101	5	10.81
104	321	3	4.42
3782	12	4	18.51
98	771	19	97.7
98	847	18	97.14
663	7181	3	53.8
109	228	3	6.64
1364	12	3	4.61
101	567	6	15.47
98	1918	8	40.43
3986	105	5	43.68
941	14	4	5.45
199	154	5	29.44
328	1214	4	49.26
105	835	11	68.82
101	251	13	31.52
416	99	40	233.1
101	209	11	16.87
1311	4948	3	53.6
12	998	6	14.24
363	1423	6	83.71
335	14	19	46.76
6247	6678	3	72.14
4541	14	3	12.77
102	1302	3	11.46
299	270	3	24.97
1379	104	7	42.82
12	2280	8	46.81
1155	107	3	13.48
176	107	4	4.62
98	3584	5	29.12
611	995	3	37.46
1285	14	5	12.21
112	783	4	23.28
109	4054	3	24.38
107	213	7	18.29
1712	1525	4	66.01
117	215	3	10.19
487	1488	4	53.98
104	138	8	4.6
128	3743	4	46.01
2500	110	4	32.09
569	12	6	8.07
98	700	23	134
141	455	4	28.04
147	293	4	26.12
102	229	7	14.34
1147	14	5	10.67
107	515	3	8.88
98	4604	3	13.09
98	4484	4	23.3
105	1969	4	22.7
145	148	3	10.13
119	2314	4	37.56
112	1802	4	30.17
106	428	3	7.69
1115	1288	5	78.71
247	327	20	254.69
2796	12	7	40.96
101	504	4	6.37
203	1377	3	31.28
12	606	7	12.26
98	5879	3	17.47
1179	12	6	15.91
4612	12	3	13.16
481	200	4	35.54
98	1548	9	42.21
98	1397	6	18.98
106	2324	5	36.19
2	346	3	4.84
2891	14	3	9.19
130	158	3	9.01
125	2609	3	28.44
104	645	3	8.21
508	14	6	6.2
848	215	5	54.73
108	162	11	26.83
98	2991	4	15.88
112	583	9	63.11
170	182	5	31.2
2126	12	7	31.64
3863	314	3	42.47
107	1023	3	12.68
3324	123	3	28.73
3003	2	6	52.25
254	187	6	49.14
1976	12	3	6.76
116	497	10	78.98
2428	6655	3	61.56
112	330	13	84.8
2850	105	5	35.35
765	14	4	4.13
3572	1055	4	70.89
120	101	27	17.26
247	1851	3	35.25
105	2673	4	25.45
98	1294	10	44.54
101	712	5	13.39
102	5664	3	20.73
173	248	5	37.03
730	334	3	32.05
98	6134	3	17.47
1317	12	3	4.61
446	1014	3	35.48
430	274	7	76.95
4057	1236	4	72.13
164	1921	3	31.32
12	400	21	68.29
246	325	5	46.63
12	458	10	18.84
13	121	38	116.32
98	1125	14	74.32
2904	2	5	38.16
2533	14	3	8.06
3649	14	3	10.66
139	115	3	4.06
104	5594	3	21.5
3871	105	3	19.52
98	6119	3	17.47
105	548	3	7.39
136	396	4	26.15
112	283	8	41.09
464	14	8	10.91
1680	105	4	20.7
1493	102	3	11.98
250	472	9	103.61
250	429	3	26.58
297	12	7	4.32
159	2821	5	61.7
2562	102	3	15.76
1072	12	4	6.73
230	436	4	37.22
2971	110	6	62.44
98	2976	6	34.95
108	143	9	13.7
4170	101	3	15.29
104	3368	4	27.04
107	7842	3	28.27
113	401	3	13.43
3653	102	4	28.63
486	314	8	94.95
264	258	4	33.95
3589	3512	3	58.68
192	632	3	26.21
7852	1477	3	58.65
269	102	7	16.97
1040	14	5	10.01
12	714	5	7.15
1507	120	4	34.25
109	188	3	4.77
109	338	4	14.25
121	299	4	20.39
121	103	39	86.23
307	781	6	73.41
104	301	5	11.27
101	1121	11	63.18
8059	104	3	25.97
98	4437	4	23.3
699	110	5	28.14
108	718	3	10.98
112	871	5	32.7
116	824	3	18.94
98	4384	4	23.3
2	2547	5	35.21
117	240	3	11.49
101	5910	3	21.91
115	201	4	13.95
235	14	73	417.85
868	103	4	15.08
110	107	42	64.29
13	626	19	151.51
2253	14	3	7.16
104	1316	3	12.19
303	428	3	28
98	3537	4	18.4
98	3613	5	29.12
1487	12	3	5.05
98	3493	5	29.12
106	265	5	12.88
735	12	4	4.53
113	757	3	17.25
528	2	10	48.66
106	191	15	54.94
1382	156	4	40.22
201	821	5	53.05
514	248	3	27.57
3082	14	3	9.19
622	361	16	236.26
112	998	3	16.96
2645	99	7	40.77
2	3650	5	43.54
1378	12	6	17.93
341	106	14	72.91
1539	386	3	37.49
208	105	8	17.21
402	217	3	24.9
110	539	3	11.81
3884	101	3	15.29
13	671	11	71.07
178	14	22	22.76
2523	2899	6	130.22
101	231	12	25.33
102	1164	5	23.21
107	1495	5	30.95
111	2304	3	21.1
193	311	4	31.67
1819	1445	3	46.43
2778	12	3	8.43
105	1833	3	14.16
101	3689	4	24.27
158	161	4	18.52
2491	120	3	26.93
103	4565	3	21.19
1915	7	3	35.75
114	1067	4	28.39
4875	101	3	17.47
1717	14	9	45.08
101	3356	4	21.69
772	105	9	50.25
2841	14	3	8.06
383	105	3	5.46
311	146	3	18.18
267	101	5	4.76
103	306	4	7.1
107	2580	3	18.78
146	12	19	5.64
104	932	7	36.84
98	411	39	218.03
98	560	5	5.14
2185	142	3	29.55
333	142	4	25.91
635	200	7	75.18
101	790	12	59.47
3351	205	3	37
98	1120	15	87.38
127	3052	6	76.4
160	110	7	16.43
1745	106	4	24.03
102	1737	4	20.33
1117	288	4	47.53
1018	104	3	10.5
98	6168	3	17.47
2374	728	3	43.75
104	3169	5	37.9
106	904	3	12.09
3684	14	3	10.66
1007	101	3	6.81
98	5793	3	17.47
4180	105	5	43.68
105	101	192	191.75
111	123	13	27.36
12	196	12	5.84
380	334	5	51.94
188	406	3	23.19
439	665	4	46.56
101	1637	3	9.44
104	727	4	13.88
224	133	4	20.72
1303	12	5	12.81
98	2	264	119.07
12	1609	3	5.54
2871	105	3	16.74
102	830	9	48.43
4302	2862	3	55.85
107	1057	3	13.07
112	412	5	24.64
2581	14	4	13.66
132	101	13	4.05
1822	4799	4	80.43
98	2897	3	9.49
120	371	3	14.62
98	3022	6	34.95
98	2946	3	9.49
273	226	3	22.86
108	119	13	14.35
116	289	5	26
2169	12	3	6.76
226	207	5	38.64
98	5756	3	17.47
98	5960	3	17.47
105	312	3	4.51
98	5892	3	17.47
112	1220	5	36.31
104	3262	3	17.73
101	2172	4	17.12
122	258	3	12.86
106	1059	4	19.6
98	1527	9	42.21
3381	101	4	21.69
1149	101	3	7.53
2431	103	4	23.24
98	6149	3	17.47
98	6065	3	17.47
2	5932	3	26.12
559	334	3	30.29
126	110	8	11.76
101	5322	3	17.47
209	3736	3	38.84
112	147	10	31.63
554	14	10	21.35
333	297	3	26.31
155	238	3	16.75
3623	1552	5	99.97
102	558	10	46.45
272	201	4	30.91
107	190	10	29.24
102	491	9	37.08
4737	14	4	22.87
244	107	4	8.23
734	101	5	13.84
1855	101	4	16.08
107	264	6	17.78
5573	105	4	34.94
58	13	3	9.06
373	101	9	23.01
103	708	3	8.41
104	390	3	5.39
120	723	3	18.75
147	418	3	19.88
98	970	16	85.71
1859	109	4	28.06
2963	14	3	9.19
491	522	6	73.4
137	190	5	25.41
2684	115	3	25.64
98	3460	4	15.88
254	1738	6	82.3
349	104	9	32.63
801	120	10	92.72
1333	14	3	4.29
182	145	7	42.2
1436	12	5	13.73
532	123	3	17.44
374	187	6	54.28
780	12	4	4.83
98	1936	9	52.42
109	7583	3	31.09
1469	12	3	5.05
504	2265	3	41.45
356	12	13	24.38
8	235	11	64.42
98	2553	6	29.32
12	3178	3	9.57
12	292	9	8.47
12	116	53	24.26
336	14	7	4.79
179	107	7	14.55
151	7774	3	41.4
470	634	3	33.08
107	1863	4	24.35
98	2955	5	23.83
98	3007	6	34.95
825	12	11	37.83
1545	2	7	46.64
1385	12	3	5.05
112	567	3	13.62
130	116	4	6.88
4333	120	4	48.64
949	758	3	38.4
13	1163	4	21
101	1715	8	48.54
2269	14	4	12.25
2	8	16	6.71
2	185	9	18.4
2	287	3	4.01
4119	105	5	43.68
1644	12	4	9.75
103	138	11	10.14
170	420	4	32.11
101	3342	5	31.17
4288	12	3	11.04
98	6210	3	17.47
144	1495	4	38.68
122	455	8	60.03
112	1490	3	19.26
110	694	3	13.36
13	150	8	13.31
110	778	3	14.19
2302	14	8	45.75
101	696	5	13.39
4794	14	3	12.77
104	3965	3	19.29
101	5178	3	17.47
6052	105	3	26.2
101	3139	3	13.75
1598	14	3	5.21
16	13	61	246.68
605	103	3	7.5
725	102	3	8
101	193	10	11.86
102	4066	3	18.53
134	1330	5	48.11
6961	12	3	17.55
110	135	13	34.22
104	452	7	25.51
5913	2	3	26.12
6416	106	3	28.03
459	467	4	43.91
399	102	3	4.89
98	971	17	99.03
98	903	18	104.86
826	145	3	23.77
107	197	7	16.32
58	14	8	12.14
1569	14	10	50.6
1903	844	4	61.97
760	14	4	4.13
106	1119	3	13.24
102	243	13	43.78
388	6536	3	50.38
477	105	4	10.85
8	101	24	3.86
2164	120	8	91.08
1300	13	3	14.78
98	4536	4	23.3
1361	12	3	4.61
240	12	11	9.75
101	1154	3	7.53
115	422	3	14.23
98	648	24	131.54
465	5154	4	69.01
285	110	4	13.1
4053	12	3	11.04
3681	106	4	32.39
147	1578	3	28.24
288	429	3	27.67
115	1317	11	118.02
1354	104	3	12.19
14	134	80	153.28
13	1069	6	36.32
159	3210	3	33.7
429	14	11	20.36
4380	14	3	12.77
101	473	8	22.24
111	776	3	14.6
8084	105	3	26.2
103	1693	4	20.93
112	1771	3	20.53
477	149	4	30.31
98	4453	4	23.3
98	4521	4	23.3
310	12	8	7.01
107	485	3	8.54
661	107	3	10.32
102	3056	3	16.98
98	856	19	110.69
12	1665	5	14.76
2290	104	4	23.64
800	105	6	27.67
809	271	4	44.35
106	1475	4	22.25
286	2	6	15.21
299	109	4	13.36
106	147	24	81.97
101	3092	3	13.75
128	469	31	373.21
603	281	7	82.6
110	288	3	8.3
1245	101	3	7.94
178	13	6	11.52
102	4031	3	18.53
101	118	158	611.91
237	152	22	217.36
101	176	15	24.26
1969	105	3	14.9
2734	101	3	12.56
12	2886	6	35.11
2451	12	4	12.75
1764	2834	5	92.89
410	142	6	46.58
12	384	14	30.85
513	12	6	7.09
4964	109	3	26.6
216	148	4	22.59
700	319	4	44.6
611	387	5	58.35
612	104	11	59.18
1204	14	3	3.9
108	580	8	42.73
6561	14	3	17.15
311	263	11	123.56
150	154	5	23.38
3451	487	3	43.53
1982	14	5	16.7
150	107	12	27.06
104	2588	3	16.51
316	250	3	24.65
104	2512	3	16.51
2209	14	7	34.12
2710	104	3	16.51
353	156	5	37.6
1358	14	4	7.89
98	2960	4	15.88
1443	12	3	5.05
398	12	9	13.03
2335	102	8	67.22
2	528	28	224.45
1051	184	6	68.01
365	12	7	6.02
133	690	4	30.59
12	132	32	16.39
4366	4557	4	93.89
98	1517	8	34.04
123	298	9	62.42
256	138	3	15.33
146	9	5	11.94
698	109	3	13.5
2001	102	4	21.39
4000	6747	3	65.41
126	139	5	15.32
5760	105	3	26.2
183	128	3	10.98
1090	105	10	66.35
7979	105	3	26.2
98	6116	3	17.47
1337	2430	3	47.51
2415	7233	3	61.56
3614	5838	3	65.41
835	12	5	8.41
264	455	3	27.12
13	286	3	6.06
354	207	3	23.17
430	439	5	56.24
3854	12	3	11.04
2594	6756	3	62.58
12	212	23	39.68
106	888	3	11.75
105	179	9	17.4
102	642	3	7.3
108	208	4	6.35
108	148	9	15.83
1769	3390	3	51.61
104	743	6	26.59
322	102	4	6.98
3618	2	3	19.44
98	4574	3	13.09
2072	12	3	6.76
196	110	3	5.09
161	3827	3	35.39
102	337	4	7.26
384	2972	3	42.06
98	622	25	137.29
641	136	3	20.8
115	589	7	50.77
893	101	4	10.45
636	14	7	11.98
2721	105	7	61.15
98	1903	4	11.49
101	549	15	68.81
109	333	3	9.04
360	271	3	25.93
9	12	112	134.27
2344	12	3	7.52
14	302	9	8.11
128	187	4	16.93
14	99	9431	62921.1
162	628	7	68.71
792	1028	3	39.08
98	3546	5	29.12
1339	12	5	12.81
474	107	6	25.01
98	1701	3	6.04
603	310	11	145.78
484	385	4	42.65
2617	14	4	13.66
522	128	3	18.43
265	156	4	25.8
1430	14	3	4.72
901	104	3	9.82
2203	104	4	23.64
739	14	22	125.83
101	1363	6	26.26
2362	101	3	11.59
401	106	3	7.28
910	12	8	23.18
112	801	8	59.4
101	1531	8	45.71
1900	12	3	6.76
141	258	10	77.83
102	424	5	13.16
3050	104	3	17.73
5643	101	3	17.47
1144	101	3	7.53
101	2958	4	21.69
2781	105	4	25.45
320	589	3	30.27
2282	243	3	36.79
101	210	35	136.65
247	514	10	119.55
98	1716	9	46.03
596	1380	4	55.96
115	1566	9	95.23
2133	12	3	6.76
1189	171	3	28.88
7331	298	3	48.86
331	234	3	24.45
1047	12	15	80.41
587	125	3	19.01
1159	12	3	3.86
98	1920	9	52.42
589	14	5	5.03
106	535	3	8.84
128	120	9	29.18
431	107	4	12.74
102	288	9	27.35
104	3119	3	17.73
98	4591	4	23.3
1975	146	3	29.57
2831	106	3	18.54
107	2870	3	18.78
154	337	4	27.68
3370	12	5	23.96
98	849	16	76.97
103	523	4	10.89
98	3006	3	9.49
7927	106	3	28.03
98	131	268	1446.25
3195	105	4	27.35
5574	105	4	34.94
1958	105	4	22.7
98	1408	11	57.3
118	683	3	18.45
111	167	3	3.92
101	1026	5	16.56
111	241	6	22.83
12	3111	3	9.57
105	127	18	26.51
98	5772	3	17.47
3712	109	4	36.46
122	125	3	4.14
149	155	9	52.95
98	6081	3	17.47
4186	109	3	24.38
211	149	4	22.49
113	102	18	8.03
121	1785	7	73.3
13	335	27	191.26
98	1287	4	8.25
13	275	3	5.8
3184	14	3	9.19
2487	101	3	11.59
195	607	4	37.27
135	275	5	31.18
4066	14	3	10.66
2109	105	8	63.64
625	101	3	4.53
347	12	8	7.96
16	10	3	25.27
1700	2	7	48.82
108	354	3	6.9
115	4646	4	46.92
437	110	13	87.67
186	603	3	25.7
101	3207	3	13.75
108	364	3	7.02
112	315	19	139.38
112	263	9	46.61
107	835	3	11.67
1279	14	14	80.06
98	465	32	166.32
2	286	6	15.21
106	2536	3	18.54
119	149	32	220.03
2751	120	5	52.44
151	1941	4	42.86
340	103	3	4.38
98	6075	3	17.47
113	174	18	105.7
113	116	8	14.12
102	1826	3	13.2
298	107	5	14.52
105	326	3	4.71
3260	105	5	38.29
571	156	3	22.57
7371	109	3	31.09
98	144	201	1051.97
115	1063	5	38.84
101	1662	3	9.44
98	3008	3	9.49
102	596	9	41.8
101	1357	7	33.51
101	1289	10	59.18
134	13	6	4.29
101	1153	7	30.83
1584	14	4	9.28
12	2007	3	6.76
168	110	6	14.15
7059	106	3	28.03
900	109	5	30.08
382	102	4	8.17
107	383	7	28.43
328	456	3	28.81
98	4537	4	23.3
183	920	9	109.07
349	102	4	7.4
5787	99	3	17.47
742	102	3	8.25
2380	12	5	19
107	4171	3	21.58
101	387	12	38.39
101	446	10	31.3
638	3208	3	45.23
152	197	3	14.35
98	1922	3	6.69
702	546	3	34.83
110	522	6	31.84
12	726	8	18.74
1178	101	3	7.53
124	101	16	5.18
195	181	3	17.07
101	342	32	171.57
630	105	26	227.34
1687	105	6	37.38
6252	1342	3	58.1
98	3645	5	29.12
974	2194	5	83.95
406	106	13	70.83
98	3525	4	18.4
2230	12	7	35.04
102	497	4	10.1
107	196	8	20.6
244	242	3	22.57
102	422	4	8.87
98	972	4	6.2
98	4369	4	23.3
158	101	17	21.56
101	3751	4	24.27
443	14	8	10.53
98	855	15	68.27
2132	12	3	6.76
1010	780	5	71.48
110	223	10	44.59
98	1695	10	58.25
1034	142	3	24.71
110	171	9	29.07
2771	102	3	15.76
123	7070	3	37.04
674	102	3	7.75
109	406	3	10.05
124	260	3	13.91
1901	12	3	6.76
8101	105	3	26.2
920	13	3	12.69
183	756	3	27
102	1334	5	24.93
248	111	3	7.63
4929	101	3	17.47
105	740	4	14.54
4953	263	3	43.42
1202	5961	3	57.59
1398	3549	5	98.83
128	141	4	11.21
110	423	3	10.46
6512	12	3	17.55
208	12	10	3.95
1123	12	4	7.22
143	750	3	22.85
106	4728	3	23.55
136	3327	3	31.03
203	133	11	75.15
102	3131	4	26.03
970	109	15	143.33
101	1310	3	8.39
263	1693	4	50.51
101	7405	3	21.91
98	2534	3	8.36
8104	14	3	17.15
4799	104	3	21.5
310	101	8	16.11
102	217	14	44.42
594	14	5	5.03
224	329	3	23.97
1219	14	5	11.4
755	101	4	9.3
1955	105	7	51.67
150	155	4	17.08
1867	109	5	38.02
3021	1111	4	68.85
108	127	9	8.82
530	12	8	13.94
98	2959	6	34.95
2123	106	3	16.68
604	12	5	5.8
149	125	3	7.83
98	5907	3	17.47
105	106	93	132.19
105	161	7	7.18
13	2714	4	28.7
386	109	24	190.38
3473	120	3	29.75
1802	111	3	19.49
106	2252	3	17.54
179	252	3	19.53
118	758	5	37.26
7	7	5	42.54
119	105	12	6.16
4197	101	4	24.27
98	1186	3	4.15
12	518	26	121.95
98	1110	14	74.32
2108	105	7	51.67
106	6768	3	28.03
101	2522	6	38.14
139	102	9	5.34
98	6102	3	17.47
1461	12	3	5.05
98	6162	3	17.47
372	486	4	42.46
112	246	3	8.49
180	230	3	19.07
150	356	4	27.9
267	106	3	5.11
1931	214	3	34.45
108	381	3	7.39
101	1901	3	10.77
513	101	4	6.58
307	466	3	28.63
115	719	6	44.09
1362	103	4	18.42
1045	145	3	25.22
106	1091	3	12.83
112	1240	3	18.23
527	142	3	20.48
105	280	3	3.84
101	858	3	6.18
1630	101	7	36.93
111	139	10	23.93
111	215	4	10.42
98	1392	8	31.77
13	480	23	177.36
2490	152	3	31.84
101	1696	8	48.54
224	250	4	31.85
130	213	3	12.65
343	14	12	18.44
1260	14	3	3.9
121	607	5	35.27
116	321	3	13.19
107	862	3	11.99
98	2914	6	34.95
495	142	4	29.2
108	149	5	4.45
713	109	3	13.5
112	219	5	17.6
111	4032	3	24.93
103	225	4	4.66
683	12	5	6.79
284	107	3	5.65
104	999	3	10.5
2	150	9	10.74
2297	14	8	45.75
191	14	18	16.24
101	669	9	33.92
101	753	14	73.88
3063	105	6	52.41
1059	14	4	6.29
430	134	16	158.31
119	179	7	32.2
2531	3540	3	55.85
1363	101	3	8.39
101	4451	4	29.22
106	632	7	35.48
1647	12	3	5.54
162	125	3	8.74
1281	142	3	26.1
2807	314	4	56.12
1206	12	3	4.22
3326	12	4	15.99
101	6422	3	21.91
232	101	14	33.66
640	103	3	7.71
1562	14	3	5.21
875	101	3	6.18
483	14	7	8.64
104	2849	4	25.14
98	982	16	85.71
1027	12	7	19.02
7522	12	3	17.55
98	621	25	137.29
101	1259	4	12.99
154	171	4	19.59
101	1107	3	7.53
134	123	3	5.22
1325	12	3	4.61
98	4499	4	23.3
98	4575	4	23.3
102	268	4	5.69
1445	14	3	4.72
101	2858	7	51.14
102	1464	6	33.96
106	531	6	26.07
1195	2	10	70.45
98	1904	8	40.43
118	330	3	13.96
109	198	4	8.67
3204	12	4	15.99
109	272	6	23.59
4147	12	4	18.51
2	3618	3	19.44
1741	693	4	58.8
127	1100	3	22.77
101	462	5	9.14
104	1525	3	13.29
101	6726	3	21.91
118	283	12	87.09
172	101	11	11.12
1159	101	3	7.53
13	884	8	50.76
3923	115	5	58.66
794	14	7	14.95
12	1950	6	23.98
98	850	15	68.27
98	698	21	108.97
161	3811	3	35.39
669	1824	4	58.45
2294	123	4	38.32
8	295	3	11.35
108	663	3	10.49
98	4486	3	13.09
14	1281	3	4.29
131	232	4	20.93
528	1414	7	107.05
1113	12	3	3.86
116	866	3	19.27
98	4411	4	23.3
134	360	4	25.07
1675	3293	4	71.83
167	279	12	112.71
164	1428	3	29.29
1642	14	3	5.21
117	3787	4	43.02
13	839	13	98.48
392	145	5	37.2
106	180	4	4.48
5848	2	3	26.12
101	4980	3	17.47
414	339	4	40.19
148	153	3	10.9
4763	12	3	13.16
98	3594	5	29.12
1124	117	3	21.05
104	1854	7	48.47
102	1825	7	46.69
106	735	3	10.86
1001	14	4	5.86
347	101	4	3.99
1176	14	4	6.77
1129	5183	3	52.63
154	2316	3	30.89
101	3268	3	13.75
201	534	11	126.56
1738	12	5	15.94
1326	102	3	11.46
104	1016	6	30.16
658	2578	7	126.82
105	3917	3	19.52
2511	2	3	16.66
114	271	5	23.65
2245	14	4	12.25
1330	14	7	22.79
389	156	10	92.99
102	798	3	8.52
2018	145	3	29.19
1946	14	3	6.4
112	444	4	18.52
98	5877	3	17.47
106	992	7	42.57
101	2189	3	11.59
101	2361	7	45.16
13	587	10	59.37
98	1407	10	47.66
101	905	13	73.98
3834	2	3	19.44
1450	12	3	5.05
111	166	5	10.73
102	228	7	14.18
107	399	3	7.49
5378	343	3	45.07
732	3555	3	47.89
98	4485	3	13.09
5883	14	3	17.15
569	101	3	3.99
1230	145	3	26.11
1270	14	4	7.3
98	699	21	108.97
767	120	7	58.49
1672	101	5	21.68
98	1906	9	52.42
6656	14	3	17.15
4268	101	4	24.27
3637	12	3	11.04
101	2868	5	28.26
1914	106	3	16.68
136	670	21	254.85
1368	109	5	34.59
5051	109	3	26.6
12	2281	3	7.52
98	3661	5	29.12
133	466	3	18.73
1294	107	7	48.15
2013	14	3	6.4
1941	4518	3	56.19
12	997	7	19.02
98	1726	5	15.82
214	14	15	13.78
165	1848	5	57.7
4767	14	4	22.87
161	1251	3	27.59
667	104	5	18.79
1164	14	4	6.77
12	1837	3	6.11
115	229	3	10.4
170	989	3	27.55
101	3834	3	15.29
2440	12	3	7.52
753	289	3	31.12
98	2226	8	46.6
1414	2	8	54.5
117	138	4	8.02
13	3396	3	20.39
12	5482	3	13.16
155	110	6	11.63
499	108	7	32.74
2336	12	4	12.75
120	12	33	4.38
647	103	3	7.93
524	14	10	20.03
102	944	3	9.44
852	101	3	6.18
2877	14	3	8.06
98	6015	3	17.47
1604	14	3	5.21
101	2615	5	28.26
113	158	3	5.49
183	118	3	9.3
1718	14	5	15.32
21	99	265	1478.64
136	2791	3	29.79
98	1549	10	51.66
4491	12	3	13.16
378	1709	3	38.02
436	314	4	40.13
1115	3647	4	71.49
112	1142	4	26.28
1488	103	3	12.42
516	107	17	116.39
8044	105	3	26.2
426	179	6	55.11
329	120	4	20.97
108	101	78	26.26
273	156	4	26.2
108	163	11	26.96
101	3462	4	21.69
149	1369	4	39.1
333	472	3	29.11
180	2807	5	65.19
1331	12	4	8.35
150	223	7	49.33
280	244	10	104.94
1273	12	5	12
108	260	16	80.7
108	312	5	15.32
98	2975	6	34.95
132	119	3	4.66
5347	14	3	12.77
98	6237	3	17.47
231	627	4	40.46
289	104	13	52.53
817	14	4	4.74
101	859	7	26.76
12	324	10	12.88
13	475	7	32.32
1893	12	3	6.11
507	293	7	80.18
419	102	6	17.62
127	284	4	21.98
102	5628	3	20.73
153	143	3	10.09
835	105	6	28.34
843	3566	3	48.84
246	146	8	59.96
98	1202	4	7.66
274	115	3	11.68
98	1126	12	55.22
107	2450	4	26.68
4259	1214	3	50.86
1619	14	3	5.21
3867	14	3	10.66
263	1383	6	79.51
191	13	4	5.75
208	1756	3	33.3
581	14	6	7.81
2001	104	3	14.67
1513	14	5	14.14
98	366	42	223.06
107	601	3	9.87
106	1972	6	44.66
103	110	22	3.88
1864	109	3	18.95
102	4915	3	20.73
101	7644	3	21.91
146	723	13	146.95
1403	121	5	44.78
101	1512	10	66.41
519	12	5	4.49
5537	105	3	21.73
538	120	23	245.35
483	13	4	14.09
2981	103	3	17.43
151	188	3	14.08
103	689	3	8.17
8	380	3	12.8
7416	104	3	25.97
112	616	4	21.13
112	683	3	14.78
102	453	4	9.25
105	1055	3	11.09
4031	3093	4	81.25
1339	105	6	34.65
110	155	8	19.55
12	910	4	5.88
98	1711	10	58.25
101	311	19	72.31
12	833	11	37.83
110	356	6	26.99
1472	12	3	5.05
106	2826	4	27.87
778	104	5	20.66
2236	14	3	7.16
905	14	5	8.85
1953	14	3	6.4
8	128	6	11.23
117	344	4	20.53
125	107	8	5.93
102	201	8	14.38
872	14	5	8.34
121	164	4	12.64
121	102	13	5.8
210	3779	3	38.97
257	108	5	13.21
626	2	6	24.68
276	106	6	18.07
286	103	4	6.73
2557	3377	3	54.26
98	3563	5	29.12
1288	14	5	12.21
791	104	5	20.66
101	2926	6	43.83
1122	132	3	24.11
121	368	4	22.02
102	2762	4	24.14
13	3218	3	20.39
98	2204	8	46.6
105	1832	7	49.01
665	101	3	4.72
443	13	3	8.41
7696	14	3	17.15
549	101	4	7.03
98	2537	7	40.77
1103	14	4	6.29
107	546	3	9.26
175	106	6	10.23
133	1568	3	26.24
202	1043	5	55.66
101	7390	3	21.91
152	117	3	6.17
1495	12	6	19.13
101	432	9	25.67
109	138	8	14.47
1887	105	3	14.16
1528	3524	3	52.52
109	765	3	13.78
102	5374	4	33.61
503	14	7	8.99
107	5519	4	37.7
101	942	3	6.48
102	5450	3	20.73
109	721	10	72.35
2719	105	5	35.35
12	130	281	1552.7
13	421	3	8.11
407	102	3	4.89
1377	399	5	67.4
105	12	149	4.55
113	1141	4	28.88
132	12	39	29.92
250	297	3	24.3
1387	116	3	22.31
103	2849	3	16.22
98	6238	3	17.47
130	197	4	17.92
230	156	5	32.91
866	104	3	9.82
1025	101	4	11.35
107	725	9	54.31
113	1609	5	42.65
101	5410	3	17.47
388	677	5	59.66
782	441	3	34.1
102	1086	6	29.54
3147	99	4	15.88
383	106	7	27.88
267	12	8	5.08
1068	1491	5	78.95
4235	102	4	28.63
1969	12	4	11.59
136	594	4	29.56
2220	12	3	7.52
119	163	3	7.42
161	7227	3	42.12
101	685	15	78.33
390	103	7	23.02
160	111	4	6.06
447	103	3	5.79
136	473	4	27.67
98	6064	3	17.47
98	6012	3	17.47
12	2772	5	21.1
106	600	3	9.64
102	1689	4	19.4
109	7893	3	31.09
2015	101	3	10.77
3631	103	3	18.99
1083	101	3	7.16
437	241	3	26.49
106	2026	3	16.68
102	917	9	50.95
101	3506	3	15.29
1524	14	4	9.28
250	142	6	39.88
140	110	7	11.9
12	282	43	187.08
2525	5763	3	62.58
123	147	3	6.81
1149	12	4	7.22
119	463	17	157.53
111	110	33	67.86
104	1914	4	22.39
105	313	6	16.39
500	250	3	27.47
98	5893	3	17.47
4301	14	3	10.66
4525	101	3	17.47
471	369	35	622
391	101	4	4.8
352	4067	3	42.97
5813	14	3	17.15
484	104	12	60.35
128	155	4	13.16
269	191	4	30.21
917	425	10	147.26
8	236	3	9.73
98	4606	3	13.09
104	338	7	21.53
134	14	98	229.14
101	1216	6	25.13
2093	14	3	6.4
4082	105	4	29.96
2250	14	3	7.16
98	909	17	91.42
98	969	17	99.03
1943	14	3	6.4
3475	152	3	34.67
102	557	5	15.73
102	490	3	5.85
102	6670	3	25.2
427	7052	3	51.15
5917	345	3	49.7
2593	12	6	29.47
1486	296	3	35.37
117	271	7	40.86
58	239	4	38.64
106	298	6	19.08
3135	236	3	38.8
128	356	7	49.91
105	1025	3	10.72
98	3578	5	29.12
98	3526	5	29.12
1350	14	3	4.29
345	156	6	47.2
237	14	9	4.65
110	126	5	3.93
364	104	3	4.93
8031	101	3	21.91
110	275	6	24.03
