4518	1
6514	2
206	3
6591	4
8193	5
7479	6
8707	7
5347	8
1126	9
1031	10
6831	11
5458	12
1270	13
8248	14
3612	15
5301	16
92	17
1330	18
6063	19
5773	20
2017	21
195	22
269	23
3852	24
2725	25
7983	26
3244	27
662	28
97	29
947	30
3542	31
2288	32
761	33
8798	34
2767	35
4572	36
1647	37
1309	38
8839	39
1860	40
5353	41
3428	42
8708	43
1495	44
6084	45
1487	46
1534	47
3882	48
8959	49
8617	50
5944	51
5563	52
8178	53
1530	54
4755	55
7421	56
707	57
3585	58
3553	59
8388	60
139	61
5562	62
2387	63
5325	64
8586	65
5473	66
1933	67
3011	68
4826	69
4993	70
1653	71
3877	72
4883	73
2670	74
3212	75
2627	76
1645	77
4602	78
752	79
1100	80
3802	81
179	82
3574	83
4428	84
3078	85
9103	86
69	87
2451	88
3303	89
4238	90
1398	91
6845	92
7377	93
377	94
5975	95
6509	96
7171	97
2595	98
5383	99
3375	100
4671	101
2019	102
381	103
2281	104
3596	105
7942	106
3241	107
3664	108
590	109
2110	110
7070	111
2571	112
1356	113
1434	114
2821	115
1019	116
1640	117
8245	118
676	119
5702	120
1675	121
6319	122
4449	123
3023	124
7645	125
5974	126
4435	127
1051	128
7538	129
3693	130
5336	131
687	132
4808	133
1414	134
4124	135
7791	136
1635	137
2153	138
5790	139
6406	140
477	141
1560	142
6677	143
683	144
5265	145
131	146
4548	147
872	148
3632	149
6373	150
2413	151
3762	152
8925	153
3999	154
6634	155
6505	156
141	157
5424	158
8994	159
2234	160
5624	161
6755	162
2576	163
7080	164
6757	165
5495	166
8787	167
607	168
8616	169
5410	170
6060	171
5810	172
972	173
3007	174
6790	175
3224	176
4313	177
4950	178
1619	179
1210	180
1878	181
3451	182
5363	183
5584	184
7807	185
3985	186
797	187
692	188
2256	189
5651	190
1400	191
8630	192
5379	193
6186	194
3655	195
8561	196
7907	197
5440	198
8009	199
5032	200
1538	201
810	202
1578	203
1136	204
7137	205
6266	206
1786	207
4521	208
7338	209
8029	210
478	211
6256	212
3963	213
117	214
3435	215
6226	216
6996	217
5361	218
7305	219
1254	220
7736	221
2776	222
7784	223
464	224
1962	225
2722	226
4772	227
523	228
8699	229
5138	230
54	231
4144	232
5605	233
3480	234
3968	235
5075	236
8931	237
2657	238
4556	239
8143	240
7716	241
8481	242
519	243
9086	244
1271	245
7206	246
7874	247
2228	248
7385	249
21	250
6439	251
878	252
385	253
1507	254
930	255
3080	256
3666	257
1348	258
6384	259
1809	260
9110	261
7420	262
160	263
539	264
3532	265
6101	266
6577	267
376	268
4411	269
4091	270
6594	271
3075	272
175	273
4541	274
5593	275
3769	276
963	277
1895	278
8536	279
1885	280
6568	281
7599	282
8764	283
3654	284
2972	285
7346	286
2923	287
8448	288
7359	289
8786	290
1833	291
5784	292
6360	293
178	294
6336	295
8949	296
3200	297
1312	298
6281	299
6612	300
5818	301
2308	302
2342	303
7082	304
8328	305
4164	306
5654	307
1900	308
115	309
4925	310
8471	311
4432	312
8086	313
8444	314
711	315
36	316
7312	317
6098	318
1001	319
5751	320
3313	321
7160	322
2440	323
98	324
8720	325
8209	326
4489	327
8573	328
7012	329
5949	330
2474	331
1067	332
8358	333
6170	334
1626	335
3132	336
7505	337
1591	338
536	339
438	340
3883	341
7769	342
8956	343
6595	344
7753	345
8293	346
85	347
2506	348
8506	349
2450	350
615	351
7185	352
6736	353
569	354
2538	355
3789	356
3702	357
540	358
1778	359
6792	360
7136	361
2407	362
3340	363
624	364
1947	365
9097	366
3552	367
2317	368
2415	369
3678	370
8360	371
5370	372
7152	373
6497	374
7453	375
4698	376
4740	377
3008	378
5236	379
6674	380
1247	381
3705	382
7999	383
1825	384
4332	385
2013	386
4157	387
5783	388
6172	389
1617	390
5340	391
31	392
4016	393
1011	394
643	395
240	396
6280	397
427	398
3520	399
228	400
7459	401
37	402
6991	403
4878	404
411	405
4914	406
3656	407
7469	408
6810	409
6640	410
2380	411
3242	412
8270	413
3651	414
2259	415
5950	416
5024	417
8513	418
2282	419
5814	420
2038	421
1	422
4505	423
17	424
8412	425
357	426
8849	427
8007	428
300	429
5364	430
698	431
1733	432
6875	433
8875	434
7201	435
7759	436
6565	437
8205	438
6588	439
630	440
5218	441
80	442
645	443
6049	444
17	445
2324	446
7667	447
7348	448
7606	449
8546	450
679	451
8972	452
2283	453
8922	454
2388	455
3144	456
7187	457
8123	458
3662	459
8624	460
1292	461
3474	462
4342	463
7589	464
3411	465
9043	466
5547	467
3844	468
7559	469
6702	470
135	471
5525	472
1882	473
8319	474
270	475
5677	476
910	477
6080	478
6127	479
813	480
4802	481
6809	482
8608	483
1523	484
8874	485
3459	486
5977	487
3464	488
610	489
5705	490
538	491
668	492
1094	493
8318	494
5910	495
8998	496
7213	497
9037	498
847	499
8917	500
1150	501
90	502
7714	503
449	504
4308	505
7145	506
8982	507
4537	508
8483	509
6062	510
9021	511
7864	512
2129	513
612	514
272	515
1982	516
7820	517
396	518
7816	519
3653	520
92	521
1419	522
4264	523
2820	524
3015	525
16	526
892	527
8721	528
3645	529
4095	530
4344	531
8022	532
4389	533
293	534
827	535
3649	536
2349	537
3195	538
7837	539
5231	540
6371	541
1378	542
5224	543
6531	544
5016	545
4558	546
5588	547
207	548
2202	549
2151	550
8072	551
729	552
300	553
4381	554
2171	555
2306	556
646	557
3945	558
8971	559
2480	560
8995	561
7264	562
8356	563
3939	564
434	565
596	566
1879	567
4055	568
1442	569
3351	570
3581	571
5711	572
359	573
5865	574
3034	575
462	576
1943	577
499	578
7569	579
8778	580
2444	581
5542	582
110	583
4466	584
3806	585
4662	586
3152	587
5970	588
3597	589
1402	590
524	591
6338	592
3208	593
7309	594
6482	595
6749	596
1915	597
5054	598
1948	599
4391	600
2906	601
3884	602
8386	603
6065	604
739	605
3867	606
710	607
2115	608
7634	609
2	610
4	611
4200	612
2679	613
993	614
5094	615
7485	616
3257	617
7051	618
2829	619
3166	620
2426	621
7978	622
7110	623
1328	624
115	625
91	626
7433	627
4949	628
2835	629
3948	630
1679	631
3107	632
8341	633
3834	634
6243	635
83	636
530	637
1691	638
3430	639
9108	640
8313	641
7980	642
974	643
2104	644
6741	645
7197	646
6262	647
3210	648
2580	649
918	650
6480	651
424	652
2312	653
7633	654
666	655
6081	656
2874	657
4498	658
2130	659
6977	660
7215	661
6123	662
3871	663
90	664
2931	665
8830	666
4813	667
544	668
5935	669
379	670
59	671
7665	672
5991	673
231	674
2582	675
3979	676
4210	677
84	678
8876	679
2105	680
4165	681
6395	682
8252	683
6926	684
1864	685
8211	686
3035	687
7776	688
838	689
25	690
3685	691
50	692
8618	693
7938	694
1323	695
5893	696
91	697
1893	698
8034	699
2520	700
314	701
5828	702
5398	703
2320	704
2823	705
7303	706
7092	707
512	708
4606	709
1744	710
5161	711
4531	712
2328	713
8907	714
4328	715
7247	716
5512	717
6392	718
7649	719
1656	720
9059	721
916	722
1097	723
3291	724
7116	725
8282	726
6883	727
4742	728
7661	729
715	730
1987	731
298	732
7523	733
2826	734
1080	735
3337	736
3785	737
2207	738
6326	739
20	740
4575	741
7353	742
7603	743
3817	744
2709	745
5534	746
7648	747
6109	748
4747	749
591	750
8255	751
1250	752
1710	753
5639	754
4985	755
4065	756
7225	757
4088	758
8495	759
3207	760
7186	761
8988	762
4075	763
3505	764
2592	765
8431	766
4865	767
4567	768
5241	769
7049	770
3904	771
4379	772
8488	773
3420	774
1858	775
4319	776
650	777
949	778
8401	779
4277	780
129	781
1765	782
7924	783
5800	784
400	785
8789	786
6402	787
303	788
8298	789
2922	790
5956	791
8221	792
382	793
7237	794
4229	795
422	796
286	797
8013	798
198	799
210	800
4373	801
3247	802
6510	803
3265	804
3038	805
5062	806
5268	807
6328	808
7524	809
4673	810
1862	811
3727	812
4074	813
1399	814
8611	815
2264	816
1497	817
7596	818
2236	819
3438	820
4569	821
7627	822
3809	823
7007	824
363	825
5149	826
2840	827
1259	828
7862	829
5932	830
3131	831
984	832
4891	833
2418	834
9056	835
6247	836
352	837
6430	838
2567	839
201	840
617	841
747	842
8709	843
7534	844
816	845
1315	846
3316	847
146	848
8643	849
3634	850
1156	851
367	852
3720	853
3218	854
5112	855
3364	856
6363	857
6124	858
3576	859
5854	860
1881	861
3427	862
7272	863
1836	864
4711	865
9039	866
1242	867
8619	868
3452	869
646	870
2979	871
3328	872
1822	873
7990	874
6252	875
8725	876
825	877
508	878
8641	879
6195	880
5052	881
2652	882
3404	883
2836	884
142	885
7466	886
7950	887
7103	888
1280	889
5793	890
260	891
2728	892
342	893
848	894
4259	895
9	896
7029	897
7717	898
2915	899
8745	900
3849	901
6397	902
1899	903
4287	904
8417	905
1813	906
166	907
1246	908
5661	909
633	910
5492	911
7817	912
4731	913
1823	914
2871	915
6349	916
6561	917
775	918
2681	919
863	920
4714	921
7900	922
1262	923
50	924
3266	925
1903	926
1531	927
6727	928
3683	929
525	930
5772	931
6993	932
2284	933
5160	934
6803	935
3970	936
3213	937
4395	938
448	939
8126	940
2640	941
3562	942
629	943
8177	944
6424	945
3846	946
294	947
1456	948
593	949
44	950
8109	951
957	952
406	953
221	954
8173	955
2626	956
88	957
8476	958
1007	959
22	960
4983	961
572	962
5942	963
7847	964
6454	965
6981	966
4598	967
8644	968
6027	969
4215	970
8058	971
5652	972
5414	973
4388	974
6269	975
364	976
164	977
2948	978
7067	979
2741	980
5047	981
2623	982
2895	983
1770	984
359	985
3396	986
7254	987
3320	988
7173	989
8948	990
144	991
1688	992
6486	993
6372	994
212	995
463	996
3081	997
422	998
7027	999
8501	1000
361	1001
5880	1002
2046	1003
4386	1004
33	1005
4599	1006
686	1007
286	1008
891	1009
135	1010
4516	1011
5735	1012
1130	1013
377	1014
753	1015
3680	1016
8392	1017
5874	1018
6464	1019
2616	1020
2453	1021
2008	1022
4817	1023
6967	1024
1165	1025
8590	1026
5709	1027
7319	1028
2266	1029
313	1030
7238	1031
3786	1032
329	1033
574	1034
606	1035
3580	1036
2470	1037
2199	1038
168	1039
6129	1040
7909	1041
6064	1042
3229	1043
913	1044
230	1045
6008	1046
5141	1047
8503	1048
6524	1049
4110	1050
6038	1051
4026	1052
7229	1053
1505	1054
6619	1055
4864	1056
5431	1057
1891	1058
2370	1059
8898	1060
3927	1061
5892	1062
5477	1063
344	1064
425	1065
7639	1066
772	1067
7890	1068
466	1069
3006	1070
179	1071
5641	1072
3610	1073
4752	1074
1623	1075
7478	1076
2886	1077
6667	1078
3747	1079
1166	1080
34	1081
7621	1082
2665	1083
6914	1084
30	1085
2959	1086
4875	1087
981	1088
4896	1089
6641	1090
498	1091
3743	1092
1047	1093
3009	1094
9045	1095
7468	1096
5938	1097
5179	1098
2032	1099
2884	1100
21	1101
4559	1102
4070	1103
3621	1104
3362	1105
224	1106
3535	1107
4829	1108
7458	1109
1483	1110
1002	1111
4003	1112
904	1113
3910	1114
750	1115
3990	1116
40	1117
2133	1118
5167	1119
1742	1120
251	1121
8273	1122
4932	1123
2969	1124
5178	1125
4880	1126
2808	1127
2747	1128
1310	1129
7123	1130
6626	1131
4186	1132
6538	1133
4333	1134
5459	1135
1703	1136
8071	1137
8040	1138
1286	1139
2096	1140
5123	1141
259	1142
6965	1143
1950	1144
6825	1145
7579	1146
71	1147
34	1148
1958	1149
1181	1150
8042	1151
8999	1152
8066	1153
3310	1154
1573	1155
2325	1156
4434	1157
6740	1158
2368	1159
8485	1160
2692	1161
409	1162
11	1163
2508	1164
7097	1165
1638	1166
8912	1167
8603	1168
7178	1169
1985	1170
539	1171
309	1172
3556	1173
2209	1174
2174	1175
4901	1176
7052	1177
273	1178
217	1179
5406	1180
611	1181
4269	1182
4600	1183
3251	1184
2071	1185
13	1186
6132	1187
965	1188
2396	1189
5551	1190
727	1191
5176	1192
7078	1193
4136	1194
4649	1195
4705	1196
4952	1197
1804	1198
1658	1199
2645	1200
7158	1201
5286	1202
7504	1203
3546	1204
8748	1205
20	1206
216	1207
4824	1208
3836	1209
5951	1210
8199	1211
133	1212
8827	1213
7372	1214
118	1215
7040	1216
7354	1217
100	1218
2201	1219
4534	1220
7827	1221
8175	1222
2167	1223
7284	1224
8750	1225
8793	1226
7496	1227
9015	1228
2124	1229
216	1230
3517	1231
78	1232
57	1233
5606	1234
2554	1235
6744	1236
2	1237
2853	1238
6154	1239
59	1240
2605	1241
256	1242
4866	1243
14	1244
2160	1245
438	1246
3443	1247
3041	1248
2216	1249
7322	1250
30	1251
5878	1252
7068	1253
5271	1254
5349	1255
1735	1256
2251	1257
1670	1258
950	1259
1236	1260
235	1261
3293	1262
3170	1263
4382	1264
8102	1265
7899	1266
2850	1267
3704	1268
2857	1269
3085	1270
8122	1271
8269	1272
2326	1273
17	1274
3348	1275
3599	1276
5967	1277
2244	1278
5093	1279
8128	1280
5650	1281
5175	1282
76	1283
6721	1284
4784	1285
4502	1286
1595	1287
9049	1288
4573	1289
5747	1290
1890	1291
7054	1292
8984	1293
9057	1294
3729	1295
620	1296
6330	1297
6551	1298
258	1299
6093	1300
3357	1301
3841	1302
2891	1303
4977	1304
2043	1305
214	1306
2087	1307
230	1308
8559	1309
2634	1310
5300	1311
5113	1312
5049	1313
307	1314
7013	1315
8041	1316
1131	1317
237	1318
4398	1319
5755	1320
987	1321
2708	1322
8755	1323
4219	1324
2509	1325
96	1326
5467	1327
7758	1328
7617	1329
8568	1330
779	1331
6365	1332
111	1333
7592	1334
6270	1335
1966	1336
8666	1337
3660	1338
5041	1339
8689	1340
518	1341
8176	1342
4029	1343
187	1344
485	1345
4007	1346
1489	1347
2146	1348
3479	1349
3764	1350
4652	1351
6889	1352
408	1353
2704	1354
2918	1355
7963	1356
583	1357
6675	1358
1282	1359
682	1360
709	1361
23	1362
6048	1363
4208	1364
3417	1365
2352	1366
2961	1367
3039	1368
7956	1369
106	1370
83	1371
353	1372
1365	1373
551	1374
5275	1375
110	1376
3416	1377
5308	1378
5359	1379
6387	1380
3768	1381
6345	1382
811	1383
7929	1384
5895	1385
7777	1386
5538	1387
4084	1388
407	1389
327	1390
244	1391
751	1392
4206	1393
4617	1394
529	1395
6668	1396
9029	1397
8446	1398
217	1399
1469	1400
3677	1401
154	1402
5872	1403
8712	1404
2417	1405
8257	1406
2482	1407
308	1408
5189	1409
3175	1410
3514	1411
489	1412
5297	1413
5844	1414
2367	1415
327	1416
3901	1417
5085	1418
4803	1419
1672	1420
3858	1421
4053	1422
469	1423
279	1424
348	1425
8915	1426
2245	1427
6819	1428
5622	1429
5913	1430
3186	1431
6268	1432
3783	1433
7483	1434
4867	1435
2914	1436
1359	1437
994	1438
8491	1439
3149	1440
2024	1441
26	1442
6037	1443
4321	1444
1905	1445
3842	1446
1944	1447
2824	1448
8101	1449
172	1450
363	1451
8893	1452
1992	1453
579	1454
602	1455
7857	1456
1283	1457
224	1458
7076	1459
3120	1460
127	1461
669	1462
6236	1463
749	1464
1598	1465
3593	1466
136	1467
5342	1468
8884	1469
8578	1470
8950	1471
1806	1472
1231	1473
2255	1474
1796	1475
2843	1476
7580	1477
8663	1478
2304	1479
1	1480
7179	1481
5930	1482
8010	1483
8218	1484
5920	1485
4970	1486
5345	1487
3631	1488
2648	1489
423	1490
5670	1491
4861	1492
3717	1493
5999	1494
3671	1495
6566	1496
4193	1497
1965	1498
914	1499
344	1500
5955	1501
1896	1502
8413	1503
1329	1504
8294	1505
8555	1506
2057	1507
8214	1508
4820	1509
2604	1510
22	1511
49	1512
2697	1513
6950	1514
5290	1515
9118	1516
8405	1517
125	1518
766	1519
3368	1520
4312	1521
8306	1522
8904	1523
7568	1524
8790	1525
5015	1526
6427	1527
8372	1528
3401	1529
1994	1530
1979	1531
396	1532
4827	1533
4800	1534
4082	1535
7115	1536
7249	1537
927	1538
8166	1539
3386	1540
3110	1541
8465	1542
5456	1543
4227	1544
7462	1545
5915	1546
413	1547
822	1548
2053	1549
5390	1550
5856	1551
8241	1552
7162	1553
3856	1554
4223	1555
7436	1556
7190	1557
8393	1558
856	1559
5118	1560
2099	1561
1132	1562
2947	1563
56	1564
5883	1565
1608	1566
7680	1567
45	1568
3031	1569
1238	1570
3555	1571
3450	1572
8692	1573
4608	1574
4773	1575
3217	1576
3254	1577
7441	1578
4847	1579
5788	1580
3338	1581
2568	1582
6517	1583
7472	1584
1385	1585
8144	1586
5159	1587
6356	1588
6846	1589
322	1590
7901	1591
2688	1592
298	1593
9080	1594
403	1595
249	1596
6298	1597
8451	1598
2552	1599
2006	1600
5723	1601
20	1602
1715	1603
6899	1604
3951	1605
1841	1606
8589	1607
2699	1608
2912	1609
4630	1610
6457	1611
6940	1612
4410	1613
1079	1614
2303	1615
678	1616
219	1617
2230	1618
5643	1619
579	1620
7886	1621
7575	1622
5219	1623
2253	1624
1663	1625
3755	1626
1923	1627
37	1628
8911	1629
2457	1630
3335	1631
3922	1632
4465	1633
6660	1634
3604	1635
7933	1636
325	1637
5111	1638
6438	1639
3793	1640
320	1641
7390	1642
3935	1643
2083	1644
4975	1645
8615	1646
8289	1647
187	1648
3879	1649
3292	1650
2263	1651
237	1652
7170	1653
1380	1654
8422	1655
4394	1656
2674	1657
641	1658
508	1659
6182	1660
6959	1661
2173	1662
1720	1663
2214	1664
5645	1665
2473	1666
603	1667
8946	1668
3986	1669
1217	1670
3794	1671
4447	1672
14	1673
2703	1674
6213	1675
7887	1676
1372	1677
1493	1678
3374	1679
8846	1680
325	1681
1098	1682
5493	1683
4280	1684
8340	1685
7114	1686
7277	1687
2671	1688
5281	1689
8061	1690
8852	1691
5099	1692
2078	1693
8880	1694
2668	1695
5135	1696
8437	1697
5091	1698
8547	1699
2590	1700
6985	1701
1868	1702
1729	1703
3004	1704
7836	1705
7989	1706
4919	1707
3160	1708
2409	1709
512	1710
8544	1711
4098	1712
4002	1713
1553	1714
7148	1715
6240	1716
3425	1717
5482	1718
6399	1719
2792	1720
8011	1721
7678	1722
4236	1723
4204	1724
3595	1725
5609	1726
2924	1727
19	1728
4292	1729
4734	1730
6582	1731
7443	1732
7875	1733
6878	1734
1812	1735
4722	1736
173	1737
1642	1738
3519	1739
5730	1740
3148	1741
7943	1742
9028	1743
3551	1744
6696	1745
4261	1746
5646	1747
4483	1748
5813	1749
1820	1750
1922	1751
5557	1752
7311	1753
1764	1754
2500	1755
8046	1756
5513	1757
774	1758
6178	1759
4783	1760
6608	1761
8116	1762
7361	1763
2471	1764
1465	1765
1533	1766
8507	1767
5969	1768
5811	1769
6874	1770
5799	1771
2287	1772
5027	1773
150	1774
5489	1775
495	1776
3082	1777
369	1778
193	1779
2995	1780
7707	1781
3540	1782
3780	1783
4419	1784
561	1785
5142	1786
6712	1787
7129	1788
8981	1789
2631	1790
8727	1791
6871	1792
6544	1793
6152	1794
2610	1795
5173	1796
659	1797
8056	1798
3611	1799
9082	1800
4764	1801
277	1802
5754	1803
1025	1804
8649	1805
4326	1806
7673	1807
4147	1808
4403	1809
28	1810
5001	1811
8403	1812
8976	1813
6425	1814
7872	1815
2222	1816
2356	1817
7416	1818
6711	1819
6590	1820
8901	1821
644	1822
7047	1823
5253	1824
5114	1825
5995	1826
5812	1827
7787	1828
946	1829
162	1830
8900	1831
4059	1832
8027	1833
6163	1834
2667	1835
8204	1836
2275	1837
4482	1838
1251	1839
6552	1840
479	1841
7720	1842
220	1843
6216	1844
8461	1845
4542	1846
5164	1847
717	1848
5355	1849
990	1850
3934	1851
3181	1852
2742	1853
324	1854
6676	1855
2783	1856
6125	1857
8803	1858
6175	1859
496	1860
7360	1861
18	1862
691	1863
6412	1864
7796	1865
1517	1866
3407	1867
5978	1868
550	1869
6106	1870
481	1871
4642	1872
5933	1873
2164	1874
666	1875
4316	1876
7231	1877
7588	1878
60	1879
8323	1880
1142	1881
413	1882
8585	1883
7448	1884
6633	1885
5108	1886
2583	1887
7914	1888
1853	1889
951	1890
2558	1891
4910	1892
2185	1893
155	1894
284	1895
8943	1896
129	1897
7271	1898
255	1899
1945	1900
6302	1901
5759	1902
397	1903
1440	1904
7756	1905
4712	1906
1137	1907
514	1908
2058	1909
5928	1910
223	1911
4848	1912
6	1913
8114	1914
7939	1915
6606	1916
6572	1917
2522	1918
5254	1919
393	1920
1306	1921
525	1922
837	1923
1288	1924
7366	1925
429	1926
516	1927
7143	1928
7294	1929
619	1930
5516	1931
22	1932
6637	1933
4718	1934
6975	1935
416	1936
4145	1937
8696	1938
1768	1939
429	1940
3146	1941
8012	1942
453	1943
753	1944
1866	1945
5891	1946
5402	1947
451	1948
271	1949
3129	1950
6697	1951
9050	1952
5669	1953
2372	1954
8788	1955
4757	1956
8502	1957
4478	1958
265	1959
43	1960
39	1961
58	1962
7712	1963
6253	1964
4677	1965
8797	1966
3584	1967
7895	1968
232	1969
488	1970
4520	1971
2154	1972
8673	1973
1182	1974
419	1975
5911	1976
7155	1977
8184	1978
5960	1979
7700	1980
8497	1981
4299	1982
6650	1983
51	1984
109	1985
6056	1986
7911	1987
6202	1988
7646	1989
5665	1990
6829	1991
5842	1992
8964	1993
6636	1994
3697	1995
1516	1996
759	1997
1072	1998
1802	1999
8808	2000
4061	2001
4517	2002
348	2003
3421	2004
5626	2005
6997	2006
3756	2007
5565	2008
2203	2009
4633	2010
7572	2011
4732	2012
7379	2013
4966	2014
1049	2015
4858	2016
6223	2017
2358	2018
542	2019
7883	2020
6918	2021
4852	2022
6679	2023
2565	2024
8089	2025
8895	2026
7058	2027
2206	2028
3253	2029
7253	2030
7279	2031
8801	2032
1127	2033
8566	2034
2651	2035
5789	2036
2903	2037
6212	2038
7144	2039
289	2040
2535	2041
1614	2042
3167	2043
7825	2044
7430	2045
2789	2046
4663	2047
685	2048
5946	2049
6973	2050
4464	2051
8784	2052
3295	2053
5533	2054
2929	2055
6923	2056
408	2057
3236	2058
3437	2059
7868	2060
374	2061
5882	2062
5497	2063
4565	2064
350	2065
1151	2066
7327	2067
2382	2068
7622	2069
412	2070
971	2071
9113	2072
8217	2073
7008	2074
362	2075
7299	2076
6784	2077
2514	2078
5900	2079
4519	2080
8048	2081
2672	2082
8357	2083
483	2084
8145	2085
2334	2086
169	2087
8238	2088
3284	2089
7501	2090
533	2091
6709	2092
1176	2093
3823	2094
704	2095
8549	2096
2223	2097
8633	2098
3964	2099
2933	2100
841	2101
2003	2102
1795	2103
7576	2104
836	2105
1401	2106
1754	2107
243	2108
3759	2109
282	2110
898	2111
3627	2112
2970	2113
2772	2114
6351	2115
433	2116
2516	2117
7774	2118
8563	2119
2379	2120
466	2121
1743	2122
5401	2123
477	2124
8021	2125
53	2126
1654	2127
5461	2128
9003	2129
2512	2130
1191	2131
5863	2132
140	2133
8074	2134
4303	2135
4285	2136
2746	2137
4170	2138
7694	2139
4605	2140
4591	2141
5658	2142
5608	2143
5264	2144
8134	2145
89	2146
4636	2147
6615	2148
629	2149
5332	2150
4421	2151
4425	2152
5568	2153
632	2154
399	2155
296	2156
5262	2157
2559	2158
3315	2159
3857	2160
558	2161
3827	2162
568	2163
2456	2164
4315	2165
9063	2166
4054	2167
2192	2168
7644	2169
486	2170
581	2171
5592	2172
9073	2173
2964	2174
1180	2175
2930	2176
5948	2177
703	2178
58	2179
1109	2180
818	2181
2831	2182
5971	2183
232	2184
7898	2185
6767	2186
8528	2187
2937	2188
2446	2189
5572	2190
1202	2191
2603	2192
188	2193
7300	2194
8428	2195
2120	2196
3931	2197
1376	2198
6990	2199
64	2200
3812	2201
4501	2202
1174	2203
6818	2204
506	2205
3412	2206
765	2207
755	2208
4129	2209
3947	2210
1021	2211
4117	2212
342	2213
6070	2214
7746	2215
4941	2216
1571	2217
3098	2218
35	2219
3909	2220
6461	2221
6584	2222
7113	2223
7093	2224
6496	2225
4957	2226
4799	2227
1620	2228
4582	2229
2091	2230
90	2231
1677	2232
3606	2233
564	2234
5131	2235
1707	2236
6540	2237
7601	2238
2782	2239
3461	2240
9065	2241
1427	2242
1593	2243
2497	2244
7833	2245
7745	2246
471	2247
7030	2248
4090	2249
2121	2250
2117	2251
2285	2252
7357	2253
4738	2254
5777	2255
4522	2256
7916	2257
1037	2258
8710	2259
580	2260
1340	2261
4751	2262
5328	2263
6548	2264
1995	2265
4916	2266
4135	2267
7493	2268
3587	2269
488	2270
4933	2271
608	2272
1897	2273
5282	2274
883	2275
4500	2276
5742	2277
736	2278
186	2279
148	2280
5462	2281
5084	2282
4329	2283
7539	2284
7582	2285
5474	2286
7088	2287
545	2288
4554	2289
7062	2290
8136	2291
3287	2292
373	2293
7	2294
4022	2295
7642	2296
55	2297
1432	2298
977	2299
4699	2300
1274	2301
4405	2302
799	2303
517	2304
5829	2305
414	2306
6122	2307
456	2308
4683	2309
208	2310
2787	2311
2653	2312
7498	2313
3449	2314
6361	2315
5688	2316
3252	2317
7273	2318
4143	2319
4701	2320
1546	2321
4615	2322
4399	2323
5736	2324
571	2325
1243	2326
215	2327
177	2328
3431	2329
8655	2330
6560	2331
8926	2332
3640	2333
1268	2334
7492	2335
4330	2336
4871	2337
6	2338
2654	2339
6603	2340
1104	2341
5100	2342
2900	2343
1273	2344
2608	2345
2089	2346
5039	2347
4234	2348
4681	2349
3308	2350
8863	2351
8670	2352
7410	2353
2208	2354
675	2355
6817	2356
7048	2357
491	2358
2545	2359
6983	2360
625	2361
8129	2362
745	2363
3454	2364
505	2365
4574	2366
3465	2367
1930	2368
6083	2369
2861	2370
2846	2371
510	2372
4325	2373
120	2374
911	2375
7721	2376
1423	2377
1081	2378
1016	2379
3739	2380
6715	2381
897	2382
3575	2383
4726	2384
1576	2385
3829	2386
4944	2387
1780	2388
1077	2389
1213	2390
3692	2391
6841	2392
5585	2393
2366	2394
1993	2395
4656	2396
4099	2397
333	2398
1415	2399
7036	2400
1596	2401
4979	2402
6110	2403
7409	2404
5443	2405
622	2406
6051	2407
8365	2408
7222	2409
3956	2410
6895	2411
6192	2412
6097	2413
8541	2414
1821	2415
2666	2416
332	2417
8302	2418
6520	2419
2109	2420
2219	2421
451	2422
54	2423
8605	2424
7358	2425
5683	2426
4948	2427
3988	2428
1510	2429
7824	2430
9026	2431
177	2432
5674	2433
6964	2434
7432	2435
239	2436
2954	2437
5391	2438
9053	2439
6546	2440
503	2441
2410	2442
944	2443
2267	2444
7262	2445
1235	2446
1852	2447
6380	2448
2193	2449
584	2450
8695	2451
75	2452
326	2453
3765	2454
1604	2455
5559	2456
6383	2457
3322	2458
6220	2459
992	2460
8065	2461
9017	2462
5610	2463
3240	2464
8420	2465
95	2466
6589	2467
4250	2468
3388	2469
4172	2470
6334	2471
3198	2472
114	2473
3643	2474
254	2475
347	2476
489	2477
1476	2478
7819	2479
7839	2480
8486	2481
47	2482
2828	2483
3289	2484
503	2485
8162	2486
3635	2487
3387	2488
3549	2489
1717	2490
5409	2491
896	2492
3567	2493
8062	2494
1032	2495
1850	2496
3223	2497
6294	2498
1106	2499
9034	2500
1300	2501
6943	2502
4116	2503
2170	2504
8838	2505
8836	2506
8253	2507
3758	2508
8236	2509
260	2510
335	2511
8983	2512
658	2513
5681	2514
2429	2515
592	2516
2025	2517
8222	2518
1355	2519
8879	2520
8580	2521
455	2522
7460	2523
7267	2524
8714	2525
89	2526
4	2527
9023	2528
5051	2529
6869	2530
6470	2531
7208	2532
2762	2533
2004	2534
3206	2535
8864	2536
8628	2537
7177	2538
292	2539
6173	2540
25	2541
4282	2542
77	2543
3773	2544
888	2545
3341	2546
5079	2547
210	2548
6769	2549
5703	2550
7894	2551
6055	2552
5432	2553
6821	2554
858	2555
2505	2556
8478	2557
1590	2558
3992	2559
319	2560
5498	2561
261	2562
2108	2563
362	2564
6057	2565
2562	2566
6746	2567
341	2568
2395	2569
8942	2570
2612	2571
6706	2572
2907	2573
22	2574
6429	2575
6844	2576
8398	2577
5901	2578
934	2579
6035	2580
6752	2581
7509	2582
1805	2583
6849	2584
7344	2585
735	2586
7964	2587
5227	2588
3695	2589
9033	2590
5611	2591
595	2592
1058	2593
3564	2594
5782	2595
1225	2596
343	2597
7740	2598
4226	2599
6920	2600
740	2601
3307	2602
2313	2603
2014	2604
4041	2605
8736	2606
2126	2607
467	2608
4923	2609
3700	2610
352	2611
543	2612
1760	2613
2581	2614
4169	2615
526	2616
2495	2617
288	2618
8179	2619
1949	2620
8320	2621
3600	2622
8158	2623
6555	2624
5619	2625
1644	2626
5206	2627
7475	2628
111	2629
4963	2630
1586	2631
3371	2632
6720	2633
8811	2634
5237	2635
450	2636
4363	2637
1757	2638
6013	2639
702	2640
309	2641
4188	2642
7565	2643
2028	2644
936	2645
3981	2646
1975	2647
4418	2648
6876	2649
3194	2650
8661	2651
592	2652
5434	2653
940	2654
1472	2655
1537	2656
3352	2657
504	2658
8000	2659
3521	2660
17	2661
782	2662
5550	2663
5570	2664
6188	2665
2838	2666
6031	2667
4770	2668
2369	2669
2459	2670
6929	2671
2362	2672
1955	2673
60	2674
8938	2675
4279	2676
8424	2677
7	2678
3778	2679
1582	2680
6684	2681
5649	2682
5625	2683
268	2684
1504	2685
4454	2686
5847	2687
4903	2688
2899	2689
480	2690
6393	2691
618	2692
1457	2693
8324	2694
68	2695
8738	2696
8017	2697
9013	2698
3984	2699
4480	2700
3504	2701
45	2702
3541	2703
71	2704
3174	2705
3394	2706
6206	2707
499	2708
2052	2709
1119	2710
613	2711
5921	2712
370	2713
5858	2714
7567	2715
5366	2716
4763	2717
7146	2718
99	2719
752	2720
5801	2721
6471	2722
4158	2723
4318	2724
4352	2725
789	2726
4592	2727
6600	2728
6460	2729
8087	2730
8350	2731
6842	2732
4611	2733
266	2734
8494	2735
821	2736
1377	2737
3016	2738
475	2739
7278	2740
297	2741
2000	2742
6006	2743
4185	2744
5927	2745
6265	2746
5002	2747
8225	2748
2756	2749
3830	2750
3740	2751
190	2752
1716	2753
1237	2754
4510	2755
7552	2756
6507	2757
6069	2758
6966	2759
2073	2760
3544	2761
6244	2762
6649	2763
5490	2764
2936	2765
7608	2766
6134	2767
4812	2768
6907	2769
2641	2770
1386	2771
6500	2772
5809	2773
5248	2774
4439	2775
5507	2776
1015	2777
8554	2778
2315	2779
151	2780
7314	2781
6853	2782
6423	2783
924	2784
1357	2785
1004	2786
8206	2787
2919	2788
2002	2789
5629	2790
1128	2791
3395	2792
1974	2793
2771	2794
7743	2795
2892	2796
1010	2797
4623	2798
7844	2799
8562	2800
3926	2801
249	2802
8993	2803
3402	2804
2296	2805
5303	2806
1788	2807
5924	2808
8329	2809
1291	2810
8496	2811
8137	2812
5708	2813
7706	2814
23	2815
77	2816
4038	2817
846	2818
1297	2819
2042	2820
6504	2821
1088	2822
585	2823
5679	2824
7905	2825
1859	2826
7487	2827
7822	2828
7365	2829
8410	2830
8015	2831
8303	2832
8385	2833
8103	2834
3598	2835
854	2836
1718	2837
702	2838
5272	2839
6263	2840
7363	2841
4297	2842
1611	2843
4057	2844
8524	2845
6694	2846
149	2847
7056	2848
6648	2849
7508	2850
1708	2851
7073	2852
4077	2853
3706	2854
1542	2855
7962	2856
631	2857
2730	2858
1379	2859
7629	2860
8037	2861
2436	2862
7364	2863
264	2864
6082	2865
7217	2866
1724	2867
648	2868
2499	2869
485	2870
954	2871
354	2872
2822	2873
6884	2874
53	2875
4595	2876
79	2877
243	2878
8843	2879
7770	2880
3003	2881
6529	2882
4782	2883
2994	2884
8434	2885
5655	2886
980	2887
8414	2888
6443	2889
5274	2890
4004	2891
8687	2892
2182	2893
4684	2894
4695	2895
426	2896
7540	2897
2778	2898
6928	2899
7571	2900
2310	2901
2463	2902
2212	2903
3707	2904
4753	2905
200	2906
430	2907
7446	2908
7001	2909
246	2910
7671	2911
4902	2912
8493	2913
6237	2914
6311	2915
3716	2916
4946	2917
337	2918
3458	2919
6377	2920
5360	2921
3492	2922
8411	2923
8698	2924
2261	2925
8284	2926
705	2927
4228	2928
2587	2929
522	2930
1044	2931
1914	2932
1904	2933
7166	2934
2743	2935
1529	2936
1503	2937
465	2938
1713	2939
5223	2940
1433	2941
3180	2942
5380	2943
1284	2944
5607	2945
3554	2946
4178	2947
468	2948
8119	2949
4412	2950
4687	2951
637	2952
381	2953
7877	2954
1811	2955
1285	2956
1587	2957
7952	2958
3712	2959
1498	2960
85	2961
4177	2962
7981	2963
876	2964
8929	2965
7182	2966
87	2967
431	2968
1012	2969
2420	2970
8186	2971
8609	2972
7286	2973
2894	2974
1554	2975
3711	2976
4104	2977
7221	2978
958	2979
636	2980
6611	2981
6359	2982
374	2983
6910	2984
2112	2985
8146	2986
1083	2987
1639	2988
634	2989
513	2990
8121	2991
5087	2992
7998	2993
7885	2994
1222	2995
4043	2996
3980	2997
9052	2998
8003	2999
5581	3000
628	3001
5943	3002
693	3003
6773	3004
24	3005
8080	3006
8339	3007
6639	3008
7193	3009
5217	3010
6492	3011
8250	3012
4715	3013
7692	3014
4801	3015
3543	3016
4063	3017
109	3018
4651	3019
16	3020
390	3021
1810	3022
6092	3023
341	3024
819	3025
6100	3026
3365	3027
5186	3028
1577	3029
7790	3030
535	3031
586	3032
2397	3033
4197	3034
3814	3035
5719	3036
6047	3037
378	3038
163	3039
7541	3040
3620	3041
4018	3042
5732	3043
6180	3044
2484	3045
8104	3046
8902	3047
945	3048
7937	3049
3586	3050
2490	3051
708	3052
7876	3053
7936	3054
7561	3055
6317	3056
8510	3057
3176	3058
6607	3059
2807	3060
941	3061
15	3062
4854	3063
2785	3064
5304	3065
4232	3066
2229	3067
3044	3068
536	3069
2530	3070
689	3071
6979	3072
2033	3073
8213	3074
3559	3075
5420	3076
5180	3077
6579	3078
4378	3079
7394	3080
6629	3081
1438	3082
1216	3083
6107	3084
2837	3085
6794	3086
2452	3087
3250	3088
321	3089
7437	3090
915	3091
6954	3092
1857	3093
6867	3094
6934	3095
7765	3096
7454	3097
559	3098
2614	3099
2676	3100
6945	3101
5278	3102
6162	3103
771	3104
6673	3105
5494	3106
8775	3107
6800	3108
417	3109
8711	3110
5521	3111
8862	3112
6521	3113
248	3114
5972	3115
7211	3116
3178	3117
1848	3118
3875	3119
7180	3120
8291	3121
6447	3122
620	3123
1125	3124
9069	3125
4961	3126
6305	3127
2186	3128
2402	3129
7870	3130
9111	3131
3568	3132
6386	3133
3319	3134
1353	3135
8584	3136
2544	3137
2573	3138
554	3139
6452	3140
2355	3141
8527	3142
23	3143
389	3144
575	3145
610	3146
7376	3147
8807	3148
8571	3149
1339	3150
104	3151
4743	3152
2301	3153
4990	3154
661	3155
351	3156
5463	3157
6610	3158
3648	3159
8131	3160
5468	3161
1870	3162
2630	3163
356	3164
8203	3165
6558	3166
500	3167
6806	3168
1886	3169
544	3170
4759	3171
6389	3172
3255	3173
1113	3174
6225	3175
6403	3176
1652	3177
2925	3178
5280	3179
2265	3180
4176	3181
8423	3182
1561	3183
2022	3184
6808	3185
3891	3186
8188	3187
5014	3188
8583	3189
8233	3190
728	3191
2051	3192
6686	3193
5053	3194
5877	3195
7945	3196
3228	3197
1229	3198
4733	3199
6408	3200
8877	3201
8258	3202
7583	3203
3199	3204
5582	3205
8986	3206
1453	3207
6264	3208
324	3209
4247	3210
3325	3211
4141	3212
2252	3213
5177	3214
7959	3215
8565	3216
3898	3217
2863	3218
4984	3219
2536	3220
2845	3221
7175	3222
5452	3223
3117	3224
157	3225
435	3226
3346	3227
8260	3228
5077	3229
4444	3230
8596	3231
72	3232
4134	3233
6927	3234
6481	3235
8141	3236
5770	3237
2494	3238
7325	3239
2729	3240
833	3241
8325	3242
8348	3243
889	3244
8322	3245
2830	3246
4938	3247
8031	3248
7044	3249
589	3250
748	3251
376	3252
3996	3253
4415	3254
6296	3255
3718	3256
13	3257
7499	3258
365	3259
3588	3260
5546	3261
3332	3262
7298	3263
5848	3264
2745	3265
93	3266
4174	3267
645	3268
1071	3269
509	3270
7879	3271
7345	3272
3601	3273
8	3274
274	3275
1919	3276
31	3277
7414	3278
7935	3279
5222	3280
7043	3281
664	3282
1164	3283
3219	3284
1875	3285
7026	3286
1209	3287
8364	3288
7428	3289
6850	3290
7349	3291
8921	3292
3941	3293
686	3294
3628	3295
66	3296
6834	3297
5323	3298
778	3299
6197	3300
81	3301
2029	3302
6585	3303
5088	3304
261	3305
4793	3306
6879	3307
8344	3308
6578	3309
881	3310
8658	3311
4661	3312
371	3313
4647	3314
626	3315
2644	3316
4744	3317
43	3318
718	3319
7085	3320
2012	3321
8914	3322
6453	3323
4511	3324
6768	3325
3150	3326
8991	3327
1827	3328
4900	3329
99	3330
2564	3331
156	3332
696	3333
2983	3334
2971	3335
2566	3336
8824	3337
671	3338
3798	3339
3360	3340
6301	3341
380	3342
664	3343
9071	3344
1261	3345
8809	3346
3614	3347
7834	3348
267	3349
446	3350
6811	3351
4853	3352
7342	3353
3905	3354
5059	3355
5314	3356
3682	3357
6078	3358
808	3359
5664	3360
1570	3361
1997	3362
1913	3363
6820	3364
8244	3365
5415	3366
4462	3367
4807	3368
1200	3369
2056	3370
2425	3371
4769	3372
8866	3373
259	3374
3373	3375
6516	3376
4362	3377
7969	3378
1588	3379
6340	3380
1316	3381
1585	3382
7287	3383
4758	3384
2774	3385
316	3386
2095	3387
2507	3388
333	3389
695	3390
7033	3391
2659	3392
2162	3393
3299	3394
1122	3395
124	3396
8847	3397
2739	3398
3602	3399
1769	3400
5446	3401
7378	3402
2461	3403
1678	3404
1295	3405
8612	3406
917	3407
6771	3408
4841	3409
9078	3410
6680	3411
1296	3412
1956	3413
2015	3414
295	3415
6839	3416
1264	3417
7550	3418
2341	3419
4473	3420
6571	3421
3280	3422
1932	3423
3262	3424
8777	3425
4596	3426
5106	3427
5006	3428
5097	3429
8668	3430
6241	3431
7306	3432
613	3433
3191	3434
4190	3435
6479	3436
5061	3437
5684	3438
8713	3439
7992	3440
8508	3441
1178	3442
1771	3443
8806	3444
4371	3445
7495	3446
71	3447
8575	3448
446	3449
6542	3450
7063	3451
6145	3452
8648	3453
5293	3454
8826	3455
6483	3456
3005	3457
6495	3458
7670	3459
395	3460
3442	3461
7858	3462
3344	3463
8139	3464
4906	3465
1411	3466
483	3467
842	3468
8054	3469
2190	3470
4488	3471
7762	3472
7781	3473
4955	3474
7258	3475
5871	3476
4283	3477
5963	3478
5030	3479
2455	3480
3791	3481
7848	3482
277	3483
4659	3484
4577	3485
2584	3486
5748	3487
4142	3488
6140	3489
6353	3490
80	3491
6148	3492
7683	3493
2596	3494
258	3495
5388	3496
2432	3497
6103	3498
4631	3499
6737	3500
8740	3501
4709	3502
6420	3503
1674	3504
673	3505
52	3506
3579	3507
8796	3508
2103	3509
8310	3510
2465	3511
3732	3512
7871	3513
6735	3514
1206	3515
5040	3516
630	3517
2852	3518
3748	3519
604	3520
8100	3521
8684	3522
2346	3523
8169	3524
7519	3525
4443	3526
7994	3527
7375	3528
6599	3529
689	3530
4450	3531
5805	3532
6490	3533
5025	3534
171	3535
7154	3536
6892	3537
6862	3538
6040	3539
3652	3540
5020	3541
6856	3542
2158	3543
2620	3544
439	3545
6682	3546
1592	3547
4017	3548
8266	3549
1977	3550
4888	3551
2988	3552
3777	3553
8391	3554
1305	3555
3301	3556
8851	3557
1395	3558
5007	3559
4635	3560
845	3561
382	3562
6766	3563
1249	3564
7261	3565
8296	3566
8197	3567
3372	3568
3042	3569
2226	3570
991	3571
25	3572
7065	3573
7574	3574
5781	3575
3115	3576
2159	3577
4051	3578
2353	3579
6341	3580
2398	3581
9014	3582
1425	3583
814	3584
1686	3585
1475	3586
7302	3587
4964	3588
1689	3589
4485	3590
6499	3591
4533	3592
5260	3593
3097	3594
4641	3595
2254	3596
968	3597
4272	3598
3960	3599
6506	3600
5422	3601
2011	3602
524	3603
4513	3604
642	3605
8384	3606
502	3607
8194	3608
9032	3609
6693	3610
6523	3611
5307	3612
6179	3613
44	3614
2655	3615
62	3616
1041	3617
4126	3618
4294	3619
801	3620
6616	3621
8729	3622
7954	3623
2412	3624
4650	3625
8334	3626
2344	3627
6886	3628
2662	3629
2851	3630
5183	3631
8468	3632
4956	3633
3527	3634
2810	3635
2993	3636
454	3637
8805	3638
4001	3639
2984	3640
1364	3641
3091	3642
781	3643
370	3644
5798	3645
3025	3646
4504	3647
330	3648
4037	3649
8520	3650
1063	3651
723	3652
4895	3653
5289	3654
2026	3655
1157	3656
4113	3657
142	3658
8604	3659
7812	3660
1107	3661
8987	3662
3873	3663
4973	3664
3363	3665
5082	3666
7854	3667
996	3668
472	3669
788	3670
7481	3671
8739	3672
225	3673
5825	3674
2859	3675
2718	3676
2305	3677
3646	3678
7653	3679
7022	3680
238	3681
588	3682
6432	3683
5042	3684
8978	3685
6919	3686
4947	3687
1153	3688
7585	3689
271	3690
8821	3691
2181	3692
6783	3693
8840	3694
5503	3695
3560	3696
6385	3697
4431	3698
4816	3699
8142	3700
14	3701
5720	3702
5228	3703
2633	3704
5291	3705
119	3706
5771	3707
3630	3708
4756	3709
3957	3710
6747	3711
2625	3712
8232	3713
6436	3714
561	3715
6034	3716
4869	3717
8532	3718
6655	3719
9008	3720
7169	3721
6761	3722
1062	3723
5132	3724
6142	3725
3821	3726
6279	3727
717	3728
3414	3729
4191	3730
1952	3731
623	3732
692	3733
8317	3734
6840	3735
7708	3736
8299	3737
290	3738
2862	3739
8924	3740
2337	3741
7798	3742
513	3743
5453	3744
266	3745
4594	3746
9	3747
5486	3748
7275	3749
3633	3750
5917	3751
3940	3752
7584	3753
3447	3754
8425	3755
7684	3756
252	3757
5875	3758
7710	3759
1867	3760
729	3761
1443	3762
7971	3763
5038	3764
902	3765
7455	3766
7577	3767
3413	3768
7096	3769
8020	3770
5980	3771
5334	3772
6091	3773
3488	3774
7232	3775
3095	3776
8026	3777
3577	3778
6321	3779
551	3780
5914	3781
785	3782
3243	3783
8105	3784
4675	3785
8342	3786
7205	3787
4152	3788
855	3789
6105	3790
1589	3791
6854	3792
665	3793
8367	3794
2437	3795
7105	3796
3699	3797
7842	3798
1745	3799
4357	3800
428	3801
960	3802
8859	3803
5902	3804
4149	3805
4351	3806
7731	3807
4529	3808
7866	3809
146	3810
938	3811
7892	3812
8945	3813
7223	3814
7747	3815
2060	3816
2430	3817
246	3818
5480	3819
3493	3820
1565	3821
3278	3822
559	3823
5257	3824
7757	3825
8601	3826
2479	3827
7250	3828
4637	3829
763	3830
7352	3831
105	3832
7125	3833
4760	3834
5663	3835
6961	3836
8093	3837
7556	3838
6333	3839
6502	3840
1564	3841
47	3842
8280	3843
2551	3844
1208	3845
6448	3846
7840	3847
2178	3848
2489	3849
6511	3850
2598	3851
2067	3852
8455	3853
8766	3854
4776	3855
450	3856
447	3857
3694	3858
6662	3859
9120	3860
1730	3861
7285	3862
8564	3863
3182	3864
2834	3865
4614	3866
4266	3867
6902	3868
205	3869
3691	3870
3245	3871
6791	3872
1499	3873
4184	3874
8458	3875
2389	3876
4370	3877
8823	3878
6816	3879
492	3880
498	3881
2269	3882
2750	3883
509	3884
159	3885
3507	3886
6917	3887
6647	3888
5802	3889
254	3890
3100	3891
7168	3892
3710	3893
3239	3894
3259	3895
412	3896
5205	3897
7654	3898
2761	3899
4549	3900
7675	3901
7719	3902
67	3903
2572	3904
4930	3905
3057	3906
2998	3907
2632	3908
834	3909
1631	3910
7503	3911
4838	3912
3760	3913
69	3914
7384	3915
218	3916
2966	3917
5621	3918
890	3919
3377	3920
8304	3921
6401	3922
7967	3923
234	3924
2527	3925
5519	3926
4293	3927
8438	3928
1028	3929
1013	3930
7527	3931
6472	3932
120	3933
7181	3934
2904	3935
355	3936
5954	3937
5721	3938
7104	3939
2140	3940
3665	3941
6494	3942
877	3943
4089	3944
2351	3945
6956	3946
9092	3947
9018	3948
443	3949
2841	3950
8088	3951
394	3952
7794	3953
5199	3954
6	3955
9054	3956
6724	3957
4289	3958
6119	3959
2880	3960
2768	3961
7727	3962
4962	3963
3203	3964
213	3965
114	3966
2023	3967
6536	3968
9012	3969
5776	3970
2867	3971
7167	3972
1500	3973
5362	3974
1331	3975
656	3976
8905	3977
4230	3978
7281	3979
387	3980
3169	3981
3067	3982
191	3983
1683	3984
7176	3985
3733	3986
8928	3987
215	3988
657	3989
6731	3990
5671	3991
7071	3992
5013	3993
5460	3994
7274	3995
7768	3996
4767	3997
270	3998
7630	3999
843	4000
935	4001
491	4002
2391	4003
6000	4004
569	4005
8514	4006
7139	4007
851	4008
452	4009
567	4010
7119	4011
7304	4012
8965	4013
6137	4014
329	4015
2755	4016
2406	4017
7650	4018
1687	4019
6781	4020
5423	4021
3752	4022
8208	4023
5597	4024
5726	4025
4173	4026
1584	4027
5105	4028
6087	4029
7554	4030
6665	4031
6313	4032
6947	4033
6417	4034
2680	4035
2999	4036
2757	4037
7730	4038
8872	4039
8690	4040
2144	4041
1630	4042
6598	4043
8940	4044
1824	4045
2449	4046
4310	4047
861	4048
3376	4049
4668	4050
2989	4051
3547	4052
754	4053
6976	4054
588	4055
1509	4056
6593	4057
8084	4058
621	4059
4356	4060
5835	4061
738	4062
5484	4063
6117	4064
8642	4065
486	4066
4369	4067
8297	4068
3190	4069
8693	4070
4046	4071
4207	4072
1957	4073
1912	4074
4814	4075
787	4076
967	4077
570	4078
6415	4079
4506	4080
5103	4081
3463	4082
605	4083
8212	4084
4179	4085
72	4086
6126	4087
2951	4088
2597	4089
6775	4090
5008	4091
7149	4092
1894	4093
5673	4094
9116	4095
384	4096
8688	4097
82	4098
4387	4099
8440	4100
5258	4101
4440	4102
6681	4103
2149	4104
85	4105
6374	4106
304	4107
5372	4108
1660	4109
8653	4110
4494	4111
9074	4112
3109	4113
5126	4114
6742	4115
5080	4116
5148	4117
1103	4118
2911	4119
3467	4120
147	4121
5369	4122
8436	4123
112	4124
318	4125
7581	4126
304	4127
8662	4128
1008	4129
8861	4130
6139	4131
3497	4132
4068	4133
410	4134
3233	4135
4885	4136
3797	4137
6463	4138
93	4139
5122	4140
4100	4141
1337	4142
7922	4143
1281	4144
357	4145
3942	4146
5926	4147
7407	4148
8936	4149
172	4150
3975	4151
6765	4152
3679	4153
265	4154
7566	4155
4123	4156
8825	4157
3204	4158
5908	4159
1938	4160
6161	4161
7668	4162
9084	4163
8953	4164
1615	4165
2882	4166
566	4167
5717	4168
5718	4169
3226	4170
557	4171
7991	4172
2842	4173
6299	4174
6733	4175
8844	4176
137	4177
8019	4178
1057	4179
6291	4180
145	4181
7638	4182
8933	4183
3056	4184
313	4185
659	4186
192	4187
6898	4188
6257	4189
1711	4190
332	4191
257	4192
7214	4193
4790	4194
6283	4195
1293	4196
1375	4197
6054	4198
2424	4199
4203	4200
715	4201
8380	4202
3913	4203
1951	4204
5768	4205
5573	4206
6698	4207
2800	4208
7636	4209
27	4210
8680	4211
6167	4212
3510	4213
181	4214
3106	4215
8906	4216
3918	4217
4873	4218
8545	4219
9075	4220
5157	4221
49	4222
5411	4223
3571	4224
737	4225
3672	4226
4056	4227
730	4228
6327	4229
7023	4230
6339	4231
6805	4232
6029	4233
6760	4234
1492	4235
573	4236
5026	4237
4267	4238
7605	4239
6968	4240
103	4241
8730	4242
693	4243
3256	4244
9001	4245
4610	4246
6251	4247
2336	4248
7490	4249
5350	4250
358	4251
3923	4252
952	4253
388	4254
1668	4255
7793	4256
1248	4257
639	4258
5371	4259
742	4260
7099	4261
4008	4262
3772	4263
1086	4264
5591	4265
5117	4266
2172	4267
8703	4268
2175	4269
5043	4270
796	4271
5638	4272
2868	4273
7549	4274
5299	4275
4587	4276
5931	4277
7150	4278
2242	4279
1512	4280
973	4281
4924	4282
7805	4283
3503	4284
2649	4285
5602	4286
5104	4287
1124	4288
35	4289
5429	4290
2519	4291
2421	4292
2176	4293
6596	4294
8335	4295
5318	4296
3523	4297
8679	4298
6526	4299
87	4300
2656	4301
7424	4302
7547	4303
7055	4304
4474	4305
1308	4306
7307	4307
2035	4308
1336	4309
3470	4310
921	4311
1888	4312
8343	4313
8290	4314
7356	4315
5230	4316
1632	4317
406	4318
1448	4319
886	4320
6754	4321
5430	4322
6739	4323
7301	4324
3617	4325
29	4326
3839	4327
4724	4328
3831	4329
1120	4330
1973	4331
9105	4332
1392	4333
6010	4334
4076	4335
844	4336
6852	4337
321	4338
7625	4339
8060	4340
1334	4341
5374	4342
4240	4343
4987	4344
1941	4345
8474	4346
8751	4347
317	4348
8607	4349
4678	4350
523	4351
126	4352
4471	4353
5437	4354
7323	4355
8447	4356
3950	4357
2601	4358
8044	4359
4912	4360
3234	4361
1750	4362
3238	4363
1736	4364
2956	4365
4106	4366
517	4367
125	4368
8070	4369
2876	4370
3869	4371
8090	4372
9096	4373
7518	4374
5298	4375
6705	4376
7718	4377
4915	4378
4509	4379
7795	4380
1969	4381
7156	4382
1519	4383
578	4384
8697	4385
8200	4386
8362	4387
7831	4388
6860	4389
706	4390
5170	4391
2685	4392
1290	4393
1179	4394
8055	4395
1172	4396
3961	4397
4904	4398
9041	4399
8560	4400
5395	4401
6290	4402
5198	4403
4368	4404
7818	4405
308	4406
4127	4407
1696	4408
6901	4409
2116	4410
4503	4411
1366	4412
48	4413
7018	4414
8353	4415
3855	4416
1218	4417
1454	4418
8073	4419
4515	4420
6847	4421
7773	4422
3955	4423
30	4424
1046	4425
3333	4426
8511	4427
1989	4428
7127	4429
6813	4430
5722	4431
1078	4432
8281	4433
1527	4434
2962	4435
5203	4436
5344	4437
500	4438
4745	4439
1840	4440
3086	4441
3214	4442
7618	4443
3578	4444
1406	4445
6891	4446
301	4447
4551	4448
9099	4449
460	4450
5194	4451
1102	4452
4153	4453
7982	4454
2847	4455
8382	4456
2138	4457
853	4458
5577	4459
8913	4460
2963	4461
6456	4462
909	4463
6890	4464
2818	4465
1880	4466
3058	4467
4495	4468
4999	4469
3819	4470
5116	4471
3589	4472
3998	4473
5792	4474
549	4475
4981	4476
5168	4477
1695	4478
5233	4479
4331	4480
5273	4481
5000	4482
8996	4483
1387	4484
6774	4485
7474	4486
5693	4487
8651	4488
328	4489
2926	4490
3124	4491
3721	4492
683	4493
5166	4494
6493	4495
2184	4496
6413	4497
5757	4498
9088	4499
7324	4500
1709	4501
5549	4502
3487	4503
6451	4504
2007	4505
3192	4506
2978	4507
547	4508
6024	4509
6450	4510
8059	4511
5843	4512
8112	4513
688	4514
7548	4515
4049	4516
6207	4517
3123	4518
6378	4519
7422	4520
6498	4521
922	4522
3321	4523
391	4524
165	4525
2392	4526
3118	4527
4239	4528
1346	4529
8345	4530
6235	4531
3476	4532
4423	4533
490	4534
6726	4535
6527	4536
7517	4537
4035	4538
817	4539
9081	4540
5357	4541
1798	4542
5554	4543
8002	4544
5925	4545
8237	4546
1480	4547
6381	4548
1447	4549
2314	4550
649	4551
8249	4552
6400	4553
6190	4554
6866	4555
278	4556
7153	4557
1889	4558
656	4559
83	4560
8792	4561
218	4562
5252	4563
1777	4564
8063	4565
8150	4566
44	4567
2348	4568
76	4569
2009	4570
3684	4571
2404	4572
522	4573
975	4574
94	4575
1317	4576
3135	4577
1197	4578
4571	4579
444	4580
6922	4581
253	4582
7412	4583
6900	4584
1228	4585
5	4586
3876	4587
7752	4588
4706	4589
8288	4590
4040	4591
100	4592
3971	4593
9076	4594
8049	4595
2695	4596
5150	4597
3140	4598
8202	4599
857	4600
562	4601
4988	4602
1043	4603
3847	4604
2119	4605
46	4606
7953	4607
2839	4608
1024	4609
632	4610
7042	4611
2299	4612
97	4613
4111	4614
624	4615
472	4616
528	4617
4672	4618
2106	4619
5035	4620
8185	4621
979	4622
2093	4623
3607	4624
6692	4625
4048	4626
6030	4627
3	4628
829	4629
907	4630
8076	4631
269	4632
2210	4633
2716	4634
893	4635
8327	4636
680	4637
1257	4638
1204	4639
81	4640
8379	4641
2543	4642
4198	4643
5530	4644
8882	4645
3644	4646
5966	4647
548	4648
709	4649
6258	4650
2414	4651
6659	4652
3077	4653
5294	4654
985	4655
8377	4656
553	4657
637	4658
273	4659
4194	4660
3728	4661
598	4662
2555	4663
4120	4664
6050	4665
8664	4666
3391	4667
299	4668
8229	4669
2276	4670
4935	4671
3028	4672
1193	4673
7510	4674
1170	4675
8033	4676
4943	4677
1986	4678
4023	4679
5354	4680
6688	4681
3331	4682
8285	4683
2354	4684
2365	4685
250	4686
866	4687
2710	4688
5057	4689
5623	4690
2865	4691
4114	4692
2714	4693
6171	4694
7243	4695
7600	4696
1927	4697
7060	4698
5028	4699
655	4700
5419	4701
2706	4702
5983	4703
1605	4704
5192	4705
2908	4706
8354	4707
6370	4708
176	4709
905	4710
6347	4711
1099	4712
3746	4713
7383	4714
5005	4715
4189	4716
4407	4717
5939	4718
982	4719
5642	4720
380	4721
1739	4722
1740	4723
5706	4724
1488	4725
3657	4726
3065	4727
46	4728
8522	4729
521	4730
4593	4731
8038	4732
8526	4733
5860	4734
2585	4735
541	4736
366	4737
4213	4738
2897	4739
1937	4740
4980	4741
4452	4742
4613	4743
1597	4744
49	4745
8079	4746
2958	4747
1459	4748
3973	4749
2277	4750
410	4751
2686	4752
5837	4753
3997	4754
4735	4755
28	4756
1147	4757
4408	4758
7296	4759
2615	4760
8505	4761
948	4762
8180	4763
2873	4764
5191	4765
123	4766
70	4767
4844	4768
3714	4769
8196	4770
3522	4771
64	4772
3021	4773
1976	4774
1394	4775
8064	4776
4921	4777
5048	4778
7220	4779
72	4780
724	4781
2799	4782
1341	4783
8591	4784
4629	4785
8	4786
6144	4787
4159	4788
812	4789
7397	4790
7470	4791
1643	4792
1556	4793
5044	4794
2740	4795
2363	4796
3490	4797
8068	4798
84	4799
8997	4800
2319	4801
7682	4802
2240	4803
4340	4804
4552	4805
2586	4806
7811	4807
2731	4808
5634	4809
7396	4810
7598	4811
6267	4812
435	4813
241	4814
7164	4815
7996	4816
1221	4817
8154	4818
61	4819
1685	4820
1550	4821
8315	4822
7655	4823
6576	4824
283	4825
695	4826
4688	4827
668	4828
570	4829
8091	4830
1574	4831
2165	4832
1759	4833
653	4834
7979	4835
7419	4836
2359	4837
8351	4838
3513	4839
8669	4840
4967	4841
7388	4842
7591	4843
6433	4844
1942	4845
6239	4846
5958	4847
3309	4848
6758	4849
8746	4850
250	4851
3221	4852
4446	4853
33	4854
6278	4855
1819	4856
2669	4857
8240	4858
8593	4859
8152	4860
7701	4861
7893	4862
9010	4863
1382	4864
4033	4865
2501	4866
7658	4867
2518	4868
52	4869
7934	4870
3853	4871
8191	4872
7826	4873
7405	4874
3982	4875
5156	4876
1461	4877
8168	4878
4246	4879
6830	4880
8082	4881
441	4882
3272	4883
7578	4884
4857	4885
8035	4886
1558	4887
5450	4888
3667	4889
641	4890
5232	4891
6042	4892
150	4893
8833	4894
1338	4895
3959	4896
3177	4897
7491	4898
4969	4899
2515	4900
331	4901
6745	4902
2376	4903
7331	4904
2204	4905
5	4906
5055	4907
3782	4908
2408	4909
3887	4910
2205	4911
6398	4912
6909	4913
1018	4914
6068	4915
6297	4916
3189	4917
8534	4918
5590	4919
1428	4920
5316	4921
6473	4922
5763	4923
6777	4924
310	4925
3248	4926
2996	4927
106	4928
4372	4929
961	4930
3030	4931
442	4932
5667	4933
8381	4934
3494	4935
7843	4936
4696	4937
7465	4938
2491	4939
7624	4940
5934	4941
66	4942
80	4943
7087	4944
74	4945
6683	4946
3273	4947
1892	4948
5888	4949
8155	4950
4121	4951
346	4952
42	4953
4965	4954
5454	4955
3989	4956
4771	4957
3784	4958
5413	4959
5479	4960
586	4961
7140	4962
7780	4963
8747	4964
403	4965
1664	4966
8759	4967
5796	4968
11	4969
1502	4970
4109	4971
7142	4972
1023	4973
5887	4974
8678	4975
1787	4976
2333	4977
4175	4978
6795	4979
7542	4980
1320	4981
1594	4982
7808	4983
7531	4984
6657	4985
6277	4986
3136	4987
6689	4988
6422	4989
3347	4990
78	4991
1918	4992
1814	4993
3383	4994
719	4995
5849	4996
8694	4997
6138	4998
8272	4999
5761	5000
5445	5001
116	5002
2293	5003
8373	5004
6312	5005
3072	5006
6156	5007
208	5008
1785	5009
2935	5010
4822	5011
605	5012
4655	5013
116	5014
8594	5015
3917	5016
650	5017
5586	5018
2298	5019
6276	5020
202	5021
8418	5022
14	5023
1343	5024
741	5025
358	5026
6009	5027
3419	5028
7631	5029
7792	5030
2744	5031
7334	5032
7276	5033
1369	5034
4146	5035
912	5036
611	5037
1792	5038
4532	5039
8724	5040
5540	5041
5115	5042
1118	5043
504	5044
5066	5045
1616	5046
2027	5047
143	5048
378	5049
7183	5050
6797	5051
1931	5052
2546	5053
233	5054
612	5055
4905	5056
2727	5057
6135	5058
5710	5059
9	5060
3509	5061
8368	5062
7974	5063
5393	5064
2249	5065
5845	5066
1105	5067
3861	5068
5416	5069
7112	5070
678	5071
7888	5072
3863	5073
1074	5074
4254	5075
601	5076
4624	5077
1005	5078
7079	5079
7821	5080
415	5081
3738	5082
3064	5083
713	5084
3838	5085
4422	5086
415	5087
1224	5088
1755	5089
6575	5090
1676	5091
6021	5092
2913	5093
6622	5094
2887	5095
4555	5096
7204	5097
997	5098
1535	5099
5267	5100
7295	5101
8719	5102
6508	5103
3422	5104
3209	5105
7425	5106
7970	5107
297	5108
1298	5109
3037	5110
7526	5111
638	5112
4568	5113
2524	5114
4374	5115
5630	5116
7130	5117
196	5118
726	5119
2539	5120
5037	5121
222	5122
2960	5123
6196	5124
6896	5125
625	5126
9038	5127
1214	5128
8918	5129
1408	5130
2085	5131
8396	5132
8820	5133
7920	5134
47	5135
3750	5136
7927	5137
5509	5138
3816	5139
8515	5140
1276	5141
7514	5142
3116	5143
2411	5144
5952	5145
8	5146
5795	5147
4346	5148
235	5149
7532	5150
2039	5151
7855	5152
6366	5153
4508	5154
7923	5155
98	5156
5326	5157
7635	5158
247	5159
4156	5160
5826	5161
2243	5162
7502	5163
394	5164
1325	5165
563	5166
6995	5167
1544	5168
6208	5169
4364	5170
7803	5171
7034	5172
3235	5173
310	5174
8419	5175
3193	5176
7014	5177
4201	5178
7666	5179
746	5180
7512	5181
9009	5182
268	5183
670	5184
2675	5185
730	5186
699	5187
5598	5188
3027	5189
4872	5190
6491	5191
8579	5192
2814	5193
1289	5194
5899	5195
2268	5196
2072	5197
743	5198
5839	5199
154	5200
3751	5201
5143	5202
1970	5203
667	5204
4845	5205
563	5206
7878	5207
4139	5208
5441	5209
4225	5210
8376	5211
7997	5212
7628	5213
701	5214
5306	5215
3741	5216
8667	5217
8760	5218
2779	5219
6160	5220
1999	5221
8899	5222
2070	5223
3	5224
3512	5225
8234	5226
3572	5227
1800	5228
7126	5229
1029	5230
6002	5231
5315	5232
2080	5233
3060	5234
4704	5235
33	5236
6273	5237
7163	5238
4685	5239
9042	5240
2063	5241
7367	5242
8881	5243
2553	5244
4588	5245
1	5246
7722	5247
155	5248
4995	5249
9089	5250
4291	5251
4314	5252
1539	5253
1373	5254
681	5255
6477	5256
6623	5257
7856	5258
3392	5259
1873	5260
5202	5261
4750	5262
7494	5263
39	5264
6449	5265
1803	5266
1746	5267
2338	5268
1313	5269
4243	5270
405	5271
783	5272
3122	5273
8115	5274
4597	5275
4832	5276
8627	5277
2401	5278
5220	5279
8672	5280
19	5281
2464	5282
397	5283
7457	5284
5668	5285
1662	5286
2107	5287
9005	5288
7611	5289
3795	5290
2901	5291
1422	5292
59	5293
5918	5294
6801	5295
7522	5296
6908	5297
7846	5298
9101	5299
3933	5300
463	5301
3147	5302
175	5303
3179	5304
420	5305
4786	5306
1014	5307
4406	5308
4720	5309
565	5310
7587	5311
3637	5312
1374	5313
553	5314
4339	5315
6233	5316
6158	5317
4882	5318
1602	5319
2946	5320
577	5321
3824	5322
354	5323
6023	5324
8231	5325
720	5326
3570	5327
107	5328
2	5329
4451	5330
5962	5331
5056	5332
8148	5333
780	5334
5666	5335
696	5336
7417	5337
23	5338
3903	5339
6707	5340
1774	5341
725	5342
6419	5343
5119	5344
1998	5345
2949	5346
454	5347
3539	5348
7321	5349
2364	5350
5240	5351
7852	5352
764	5353
5012	5354
5697	5355
3854	5356
4908	5357
6785	5358
5766	5359
2734	5360
1363	5361
5212	5362
3938	5363
5689	5364
7595	5365
6670	5366
2180	5367
6159	5368
3774	5369
5707	5370
4013	5371
291	5372
724	5373
1009	5374
6469	5375
635	5376
2607	5377
614	5378
2055	5379
8870	5380
3681	5381
5804	5382
5830	5383
5841	5384
4703	5385
4490	5386
7975	5387
1978	5388
151	5389
5762	5390
1699	5391
473	5392
86	5393
393	5394
8675	5395
5426	5396
2977	5397
5531	5398
9030	5399
7464	5400
2383	5401
2340	5402
6750	5403
5404	5404
6079	5405
5101	5406
4876	5407
906	5408
7248	5409
8538	5410
404	5411
6664	5412
5869	5413
6770	5414
24	5415
1468	5416
3279	5417
8347	5418
6936	5419
245	5420
3446	5421
1445	5422
474	5423
5870	5424
7521	5425
460	5426
7480	5427
2094	5428
62	5429
4856	5430
3590	5431
5807	5432
213	5433
4978	5434
1610	5435
8261	5436
6796	5437
7533	5438
5147	5439
8135	5440
744	5441
6857	5442
4855	5443
5243	5444
8374	5445
7669	5446
4202	5447
2646	5448
2637	5449
13	5450
738	5451
3354	5452
7083	5453
7107	5454
792	5455
5894	5456
6058	5457
3369	5458
5819	5459
5862	5460
835	5461
6191	5462
296	5463
8909	5464
5305	5465
2213	5466
507	5467
6580	5468
458	5469
8961	5470
3977	5471
2701	5472
73	5473
4092	5474
4437	5475
1162	5476
3558	5477
5520	5478
527	5479
5526	5480
7351	5481
5346	5482
5834	5483
3880	5484
5548	5485
2100	5486
160	5487
1609	5488
3966	5489
1984	5490
2034	5491
6043	5492
12	5493
691	5494
7838	5495
3928	5496
303	5497
2702	5498
4653	5499
5130	5500
5133	5501
76	5502
2684	5503
6303	5504
1161	5505
8400	5506
1138	5507
2816	5508
3061	5509
8110	5510
1020	5511
885	5512
1145	5513
5098	5514
6445	5515
8941	5516
4789	5517
8625	5518
6948	5519
2345	5520
5797	5521
3068	5522
8309	5523
8551	5524
8024	5525
5405	5526
1692	5527
4974	5528
4644	5529
238	5530
8389	5531
6272	5532
3249	5533
756	5534
1424	5535
4674	5536
7713	5537
794	5538
6782	5539
3687	5540
1039	5541
2763	5542
236	5543
2435	5544
798	5545
5836	5546
7602	5547
4296	5548
8781	5549
15	5550
708	5551
8039	5552
4196	5553
8219	5554
1294	5555
3498	5556
8776	5557
7729	5558
8765	5559
6776	5560
1784	5561
4821	5562
5127	5563
1084	5564
3676	5565
1909	5566
461	5567
7594	5568
263	5569
5576	5570
5110	5571
5427	5572
8369	5573
4907	5574
7310	5575
4499	5576
7738	5577
2475	5578
4846	5579
9064	5580
3864	5581
465	5582
1706	5583
4245	5584
284	5585
353	5586
654	5587
8036	5588
5620	5589
4151	5590
6894	5591
8656	5592
2628	5593
4632	5594
8935	5595
7450	5596
3296	5597
643	5598
3810	5599
2031	5600
7926	5601
6953	5602
7500	5603
2790	5604
4445	5605
3616	5606
4809	5607
4998	5608
2698	5609
4031	5610
3384	5611
4579	5612
5200	5613
1575	5614
8828	5615
3850	5616
2849	5617
1244	5618
7452	5619
7230	5620
3318	5621
1641	5622
8883	5623
3639	5624
1263	5625
4417	5626
339	5627
6046	5628
8577	5629
8383	5630
2037	5631
8717	5632
8279	5633
7912	5634
5694	5635
8539	5636
3183	5637
398	5638
3145	5639
5171	5640
2877	5641
7102	5642
2888	5643
3444	5644
4892	5645
1829	5646
4818	5647
4401	5648
983	5649
8277	5650
8366	5651
8133	5652
1524	5653
3851	5654
5973	5655
2766	5656
1967	5657
3462	5658
5256	5659
5785	5660
6547	5661
4899	5662
5213	5663
1482	5664
7429	5665
723	5666
4336	5667
50	5668
534	5669
7041	5670
2270	5671
8752	5672
7269	5673
9007	5674
2050	5675
8530	5676
16	5677
4472	5678
5247	5679
7535	5680
4670	5681
1303	5682
102	5683
6725	5684
61	5685
6987	5686
2150	5687
4050	5688
7663	5689
602	5690
383	5691
1946	5692
8558	5693
6007	5694
5628	5695
402	5696
196	5697
7672	5698
8220	5699
4409	5700
8620	5701
6314	5702
2811	5703
447	5704
7921	5705
7563	5706
4837	5707
8466	5708
2556	5709
8700	5710
1203	5711
6073	5712
4125	5713
734	5714
8817	5715
4833	5716
462	5717
4603	5718
8263	5719
6259	5720
8195	5721
2061	5722
365	5723
122	5724
2751	5725
2797	5726
6823	5727
3818	5728
8292	5729
6147	5730
4260	5731
777	5732
3053	5733
2611	5734
2496	5735
4730	5736
281	5737
4066	5738
8395	5739
2832	5740
5102	5741
8835	5742
6435	5743
4862	5744
6738	5745
1360	5746
3804	5747
9011	5748
41	5749
3491	5750
3409	5751
4413	5752
6645	5753
2187	5754
7944	5755
67	5756
279	5757
7760	5758
6	5759
7191	5760
9048	5761
8487	5762
2788	5763
7925	5764
2487	5765
618	5766
4868	5767
1871	5768
419	5769
899	5770
2990	5771
6128	5772
5269	5773
2934	5774
4840	5775
1580	5776
2798	5777
4823	5778
4850	5779
8265	5780
562	5781
1149	5782
8387	5783
3696	5784
1133	5785
850	5786
874	5787
1416	5788
1253	5789
6199	5790
7881	5791
8452	5792
3641	5793
8043	5794
1876	5795
7340	5796
3356	5797
288	5798
4044	5799
1000	5800
7930	5801
6404	5802
714	5803
8834	5804
7089	5805
4836	5806
6624	5807
6717	5808
55	5809
8127	5810
533	5811
89	5812
8047	5813
8227	5814
648	5815
280	5816
8307	5817
8295	5818
1444	5819
5833	5820
490	5821
8399	5822
4402	5823
1898	5824
7209	5825
2221	5826
6530	5827
1201	5828
760	5829
4167	5830
6586	5831
7726	5832
2503	5833
247	5834
4691	5835
2258	5836
1883	5837
166	5838
7884	5839
4929	5840
3766	5841
3029	5842
1506	5843
2795	5844
2439	5845
2327	5846
8460	5847
2712	5848
8832	5849
4334	5850
3536	5851
5285	5852
3355	5853
9077	5854
4263	5855
7224	5856
7439	5857
7891	5858
1511	5859
5244	5860
4477	5861
2321	5862
8482	5863
3715	5864
6489	5865
1521	5866
7724	5867
3582	5868
5984	5869
679	5870
675	5871
7011	5872
2488	5873
2802	5874
2481	5875
4765	5876
1772	5877
4442	5878
5488	5879
677	5880
2694	5881
2791	5882
3	5883
8599	5884
3629	5885
1470	5886
2373	5887
6061	5888
475	5889
4093	5890
1139	5891
6329	5892
1140	5893
2076	5894
6549	5895
2218	5896
2968	5897
2619	5898
2179	5899
9027	5900
6931	5901
5384	5902
2447	5903
5733	5904
3511	5905
4870	5906
3962	5907
4666	5908
200	5909
1345	5910
2374	5911
1762	5912
7045	5913
4766	5914
2098	5915
959	5916
8779	5917
4660	5918
6609	5919
5866	5920
5182	5921
117	5922
3967	5923
314	5924
1048	5925
2569	5926
1910	5927
1188	5928
5058	5929
6751	5930
7865	5931
4212	5932
7958	5933
3433	5934
2036	5935
6723	5936
8346	5937
776	5938
9046	5939
6618	5940
8301	5941
3668	5942
6532	5943
3270	5944
8092	5945
840	5946
6859	5947
2486	5948
4676	5949
8939	5950
7681	5951
5985	5952
6184	5953
1256	5954
1439	5955
3001	5956
6880	5957
6431	5958
4578	5959
86	5960
2532	5961
5996	5962
3359	5963
459	5964
387	5965
1690	5966
2661	5967
8153	5968
3108	5969
156	5970
6168	5971
1990	5972
5786	5973
3426	5974
8117	5975
7632	5976
8774	5977
1064	5978
6455	5979
2550	5980
1481	5981
7077	5982
8854	5983
8819	5984
6602	5985
5238	5986
1234	5987
6358	5988
671	5989
8030	5990
5556	5991
3074	5992
4939	5993
2021	5994
1636	5995
9036	5996
1034	5997
5081	5998
1845	5999
1141	6000
8432	6001
3456	6002
126	6003
8130	6004
1477	6005
9102	6006
2127	6007
2010	6008
6242	6009
5988	6010
395	6011
5552	6012
6230	6013
2650	6014
9104	6015
1551	6016
1050	6017
7288	6018
8459	6019
1908	6020
7461	6021
807	6022
4828	6023
3528	6024
1669	6025
3515	6026
4244	6027
8312	6028
338	6029
7615	6030
7815	6031
9114	6032
1335	6033
2478	6034
839	6035
4645	6036
6710	6037
502	6038
953	6039
1219	6040
5740	6041
2079	6042
3276	6043
5524	6044
7860	6045
2239	6046
3089	6047
3439	6048
2981	6049
6685	6050
3624	6051
900	6052
8207	6053
3408	6054
642	6055
6982	6056
5022	6057
3142	6058
732	6059
6960	6060
4396	6061
267	6062
3141	6063
264	6064
9031	6065
4365	6066
710	6067
245	6068
1581	6069
8120	6070
4994	6071
8164	6072
3500	6073
312	6074
3659	6075
3557	6076
7695	6077
458	6078
2238	6079
2848	6080
8795	6081
8732	6082
8975	6083
5752	6084
152	6085
658	6086
2152	6087
5500	6088
999	6089
4928	6090
4897	6091
8556	6092
7440	6093
6678	6094
687	6095
8111	6096
8149	6097
5050	6098
7849	6099
274	6100
54	6101
6085	6102
2733	6103
2280	6104
4527	6105
9115	6106
8744	6107
8276	6108
4416	6109
3870	6110
318	6111
1389	6112
6441	6113
6700	6114
2707	6115
5764	6116
1763	6117
5778	6118
2738	6119
79	6120
448	6121
3323	6122
1961	6123
3002	6124
8140	6125
3103	6126
6780	6127
767	6128
6304	6129
1661	6130
5867	6131
5136	6132
1169	6133
2422	6134
754	6135
3304	6136
978	6137
1027	6138
8075	6139
719	6140
8958	6141
5575	6142
4288	6143
1430	6144
5816	6145
2775	6146
6428	6147
170	6148
302	6149
1697	6150
182	6151
8094	6152
3139	6153
577	6154
554	6155
108	6156
6793	6157
4697	6158
8256	6159
4780	6160
2643	6161
8706	6162
4354	6163
2875	6164
5120	6165
694	6166
4438	6167
6032	6168
5840	6169
7074	6170
1752	6171
6955	6172
6848	6173
6350	6174
5276	6175
1052	6176
7400	6177
285	6178
2689	6179
8990	6180
5701	6181
3434	6182
2377	6183
6458	6184
1887	6185
8286	6186
8773	6187
2889	6188
482	6189
2940	6190
8069	6191
2927	6192
6557	6193
1239	6194
18	6195
7128	6196
3987	6197
1725	6198
3689	6199
8871	6200
4295	6201
552	6202
8894	6203
5078	6204
5174	6205
2945	6206
720	6207
5481	6208
8767	6209
609	6210
1863	6211
4934	6212
6194	6213
5009	6214
6187	6215
6905	6216
7435	6217
6475	6218
2141	6219
5685	6220
7662	6221
7557	6222
2537	6223
3745	6224
5255	6225
391	6226
3868	6227
4879	6228
4665	6229
1351	6230
1988	6231
4262	6232
5769	6233
1712	6234
2591	6235
3978	6236
7242	6237
1756	6238
1964	6239
5478	6240
8920	6241
7005	6242
8224	6243
7200	6244
7623	6245
331	6246
5155	6247
6426	6248
5817	6249
6288	6250
4461	6251
4087	6252
2534	6253
596	6254
1568	6255
8096	6256
9067	6257
7189	6258
3767	6259
4945	6260
290	6261
7536	6262
661	6263
3165	6264
5518	6265
2939	6266
2309	6267
3045	6268
430	6269
7772	6270
1368	6271
476	6272
3397	6273
4083	6274
1073	6275
5083	6276
2148	6277
1417	6278
2462	6279
1327	6280
1911	6281
1983	6282
1371	6283
127	6284
545	6285
345	6286
791	6287
933	6288
7739	6289
2316	6290
6583	6291
571	6292
188	6293
4010	6294
2399	6295
229	6296
6149	6297
6130	6298
4589	6299
6651	6300
66	6301
6468	6302
7431	6303
5617	6304
5019	6305
2809	6306
5470	6307
6994	6308
9016	6309
306	6310
440	6311
8743	6312
24	6313
4052	6314
7	6315
163	6316
10	6317
9004	6318
203	6319
7463	6320
190	6321
1996	6322
6067	6323
65	6324
5124	6325
1314	6326
1318	6327
7404	6328
8665	6329
3820	6330
714	6331
7484	6332
4338	6333
6656	6334
4058	6335
7850	6336
2128	6337
4586	6338
638	6339
6971	6340
6116	6341
8855	6342
534	6343
1177	6344
9107	6345
8631	6346
8885	6347
56	6348
3334	6349
7489	6350
5545	6351
294	6352
3843	6353
3744	6354
9093	6355
3800	6356
7069	6357
4359	6358
532	6359
5464	6360
2271	6361
5121	6362
4690	6363
8147	6364
3300	6365
6620	6366
7841	6367
211	6368
4523	6369
7973	6370
5851	6371
8570	6372
8903	6373
2291	6374
4341	6375
8718	6376
6779	6377
700	6378
6617	6379
3134	6380
546	6381
1797	6382
345	6383
3151	6384
3828	6385
3093	6386
5659	6387
7946	6388
176	6389
3305	6390
3893	6391
8275	6392
7075	6393
2384	6394
8867	6395
8190	6396
3548	6397
1307	6398
5210	6399
8181	6400
5724	6401
2166	6402
6815	6403
5587	6404
1789	6405
161	6406
165	6407
674	6408
6904	6409
2048	6410
5909	6411
4278	6412
158	6413
7995	6414
2618	6415
626	6416
8951	6417
5919	6418
7131	6419
4810	6420
70	6421
8429	6422
3261	6423
4710	6424
8247	6425
7252	6426
4664	6427
5831	6428
3897	6429
404	6430
2541	6431
2330	6432
4475	6433
2967	6434
4353	6435
601	6436
5343	6437
1634	6438
3378	6439
5321	6440
6442	6441
1260	6442
7516	6443
3663	6444
5302	6445
7370	6446
6095	6447
4779	6448
7120	6449
4366	6450
2143	6451
1758	6452
653	6453
289	6454
6176	6455
6951	6456
820	6457
364	6458
1429	6459
6690	6460
4913	6461
94	6462
8647	6463
1096	6464
5153	6465
1017	6466
5686	6467
1959	6468
722	6469
550	6470
4071	6471
4358	6472
398	6473
1175	6474
894	6475
576	6476
3353	6477
132	6478
1545	6479
5172	6480
7444	6481
171	6482
5209	6483
1832	6484
1390	6485
4842	6486
3385	6487
7764	6488
3197	6489
8873	6490
4375	6491
631	6492
2801	6493
8671	6494
2467	6495
1854	6496
1352	6497
1721	6498
598	6499
8479	6500
1971	6501
1960	6502
2068	6503
7660	6504
7873	6505
8361	6506
63	6507
4860	6508
6512	6509
7020	6510
8989	6511
5188	6512
6405	6513
1563	6514
5823	6515
3735	6516
5612	6517
1835	6518
9109	6519
3534	6520
4982	6521
7135	6522
1068	6523
2177	6524
7711	6525
41	6526
4693	6527
7676	6528
366	6529
13	6530
684	6531
10	6532
7948	6533
7332	6534
2883	6535
7196	6536
409	6537
4798	6538
8810	6539
2638	6540
4014	6541
386	6542
1458	6543
4648	6544
5791	6545
7530	6546
501	6547
3286	6548
1705	6549
26	6550
7293	6551
8489	6552
8078	6553
2693	6554
1680	6555
8780	6556
319	6557
101	6558
4576	6559
1070	6560
7174	6561
421	6562
4107	6563
4103	6564
3994	6565
5729	6566
3477	6567
4658	6568
3382	6569
1093	6570
390	6571
191	6572
2976	6573
511	6574
1622	6575
1884	6576
8646	6577
7255	6578
3673	6579
28	6580
2189	6581
1452	6582
8638	6583
5580	6584
732	6585
16	6586
6214	6587
670	6588
7966	6589
63	6590
2749	6591
8421	6592
7297	6593
2997	6594
1980	6595
4619	6596
5063	6597
2781	6598
3761	6599
5417	6600
6998	6601
3071	6602
5889	6603
5331	6604
5023	6605
6076	6606
1849	6607
5152	6608
6320	6609
189	6610
4133	6611
7968	6612
663	6613
7723	6614
3484	6615
3	6616
6970	6617
7986	6618
976	6619
942	6620
7445	6621
555	6622
578	6623
5632	6624
3757	6625
82	6626
1003	6627
7832	6628
2225	6629
527	6630
3133	6631
5696	6632
1917	6633
515	6634
3902	6635
2445	6636
5923	6637
4791	6638
8363	6639
2806	6640
5990	6641
824	6642
147	6643
162	6644
7161	6645
3899	6646
2114	6647
7098	6648
1767	6649
5716	6650
1460	6651
2511	6652
5579	6653
7016	6654
144	6655
455	6656
2691	6657
5753	6658
1734	6659
8477	6660
1437	6661
7829	6662
8754	6663
338	6664
3048	6665
2974	6666
939	6667
5647	6668
7477	6669
86	6670
7802	6671
6254	6672
74	6673
287	6674
7399	6675
2347	6676
5351	6677
1847	6678
1287	6679
4105	6680
6630	6681
5197	6682
5806	6683
672	6684
7570	6685
5295	6686
655	6687
5876	6688
2005	6689
2589	6690
5600	6691
2433	6692
5070	6693
2944	6694
5242	6695
3050	6696
7917	6697
6183	6698
9106	6699
7931	6700
3703	6701
3781	6702
8979	6703
1349	6704
2246	6705
4719	6706
3282	6707
4874	6708
1462	6709
4320	6710
3803	6711
1532	6712
6642	6713
4762	6714
1115	6715
2307	6716
8636	6717
3900	6718
6229	6719
5787	6720
7702	6721
8968	6722
122	6723
5400	6724
7280	6725
2062	6726
75	6727
1111	6728
1393	6729
7882	6730
748	6731
8783	6732
3105	6733
4972	6734
8947	6735
2416	6736
2442	6737
8815	6738
6888	6739
6022	6740
4729	6741
5151	6742
3161	6743
5211	6744
2318	6745
1924	6746
4012	6747
5324	6748
7039	6749
7009	6750
7234	6751
955	6752
6096	6753
6730	6754
4216	6755
8889	6756
138	6757
3130	6758
1838	6759
7035	6760
5358	6761
6748	6762
2952	6763
10	6764
6535	6765
697	6766
84	6767
4069	6768
786	6769
2578	6770
3636	6771
439	6772
282	6773
6671	6774
3172	6775
7835	6776
407	6777
565	6778
6916	6779
3281	6780
6348	6781
7050	6782
639	6783
7003	6784
93	6785
4692	6786
2819	6787
2335	6788
5535	6789
1808	6790
2250	6791
4777	6792
7270	6793
1906	6794
27	6795
6714	6796
7121	6797
7109	6798
7506	6799
95	6800
4276	6801
660	6802
742	6803
1612	6804
8677	6805
5699	6806
5065	6807
2272	6808
2732	6809
5139	6810
4073	6811
2879	6812
4609	6813
52	6814
484	6815
5377	6816
5158	6817
6804	6818
8406	6819
6459	6820
7328	6821
3164	6822
9070	6823
6017	6824
7616	6825
3796	6826
4761	6827
3936	6828
223	6829
295	6830
3892	6831
3478	6832
276	6833
8753	6834
6166	6835
4348	6836
4181	6837
2860	6838
3924	6839
8517	6840
5574	6841
4470	6842
3647	6843
96	6844
3623	6845
1383	6846
7679	6847
5905	6848
18	6849
4931	6850
806	6851
6396	6852
2660	6853
1494	6854
1613	6855
65	6856
4079	6857
9024	6858
8484	6859
2635	6860
287	6861
4716	6862
7147	6863
375	6864
2393	6865
4300	6866
6289	6867
5204	6868
567	6869
8192	6870
7951	6871
3070	6872
3734	6873
433	6874
7203	6875
6434	6876
8910	6877
654	6878
197	6879
3220	6880
4281	6881
707	6882
1167	6883
6286	6884
5476	6885
7251	6886
7597	6887
7015	6888
8791	6889
64	6890
6335	6891
5279	6892
5003	6893
2678	6894
2881	6895
5449	6896
7674	6897
5319	6898
368	6899
8908	6900
8733	6901
3268	6902
4937	6903
4959	6904
3516	6905
5543	6906
6437	6907
6250	6908
4218	6909
3046	6910
2561	6911
4168	6912
8097	6913
8531	6914
164	6915
6984	6916
1135	6917
7988	6918
2980	6919
2825	6920
6114	6921
4584	6922
582	6923
8464	6924
5992	6925
7704	6926
7688	6927
3944	6928
4393	6929
2896	6930
6581	6931
5517	6932
4171	6933
4290	6934
186	6935
4496	6936
2361	6937
199	6938
8	6939
65	6940
102	6941
2932	6942
2737	6943
520	6944
4547	6945
360	6946
2469	6947
1749	6948
6410	6949
4620	6950
8634	6951
1006	6952
7853	6953
8923	6954
133	6955
6131	6956
3482	6957
8735	6958
9079	6959
5438	6960
326	6961
2950	6962
6375	6963
5457	6964
4463	6965
2953	6966
537	6967
6177	6968
2403	6969
4601	6970
5906	6971
3787	6972
6764	6973
3801	6974
2294	6975
4476	6976
3473	6977
4441	6978
7932	6979
5929	6980
60	6981
4404	6982
3731	6983
5631	6984
6014	6985
560	6986
5737	6987
2156	6988
5491	6989
862	6990
5089	6991
8757	6992
48	6993
1968	6994
2991	6995
1902	6996
203	6997
5704	6998
1196	6999
167	7000
7282	7001
6881	7002
8254	7003
3225	7004
1673	7005
1332	7006
420	7007
3121	7008
41	7009
769	7010
3881	7011
6868	7012
1775	7013
7395	7014
68	7015
7165	7016
1714	7017
6052	7018
5765	7019
7198	7020
8450	7021
6141	7022
8829	7023
4721	7024
747	7025
823	7026
4806	7027
228	7028
3832	7029
4689	7030
4253	7031
372	7032
5382	7033
6411	7034
456	7035
3014	7036
3350	7037
1633	7038
6231	7039
5296	7040
5154	7041
1607	7042
6200	7043
4306	7044
4015	7045
4524	7046
7972	7047
442	7048
7797	7049
212	7050
2502	7051
5327	7052
7028	7053
3550	7054
4557	7055
614	7056
2081	7057
4030	7058
4843	7059
2617	7060
5780	7061
8371	7062
6942	7063
417	7064
3753	7065
3073	7066
2736	7067
360	7068
5067	7069
7134	7070
4220	7071
384	7072
568	7073
240	7074
7374	7075
48	7076
5439	7077
5692	7078
9095	7079
6446	7080
937	7081
4997	7082
2237	7083
6518	7084
5993	7085
1101	7086
385	7087
4072	7088
8271	7089
3076	7090
7084	7091
8702	7092
2049	7093
582	7094
6999	7095
7289	7096
198	7097
1929	7098
6528	7099
3043	7100
3367	7101
3040	7102
5760	7103
2909	7104
8028	7105
4094	7106
1342	7107
3361	7108
1916	7109
7869	7110
7411	7111
2016	7112
4322	7113
5515	7114
1154	7115
8614	7116
5690	7117
1384	7118
3441	7119
6249	7120
5339	7121
2020	7122
532	7123
1441	7124
7977	7125
8338	7126
8509	7127
4889	7128
5743	7129
3410	7130
1702	7131
584	7132
3525	7133
2322	7134
5881	7135
2198	7136
7553	7137
7607	7138
5676	7139
6300	7140
167	7141
1183	7142
2339	7143
8973	7144
3403	7145
222	7146
1272	7147
4815	7148
704	7149
2794	7150
5418	7151
4	7152
5190	7153
7021	7154
5029	7155
4991	7156
1	7157
4544	7158
5595	7159
6164	7160
4027	7161
9051	7162
8359	7163
8453	7164
5653	7165
3969	7166
8716	7167
336	7168
3055	7169
8799	7170
7830	7171
5979	7172
5092	7173
2957	7174
2529	7175
6614	7176
871	7177
2531	7178
580	7179
67	7180
6628	7181
5947	7182
2690	7183
3418	7184
7543	7185
220	7186
8516	7187
2215	7188
7118	7189
1579	7190
6011	7191
1624	7192
8632	7193
19	7194
6003	7195
1659	7196
7451	7197
306	7198
2466	7199
2858	7200
7157	7201
4787	7202
507	7203
7728	7204
6567	7205
184	7206
4778	7207
7985	7208
494	7209
5745	7210
6753	7211
8490	7212
316	7213
6941	7214
8623	7215
8311	7216
737	7217
5095	7218
2378	7219
8016	7220
2090	7221
3690	7222
211	7223
5064	7224
8842	7225
3915	7226
5471	7227
3946	7228
3533	7229
4317	7230
2517	7231
5140	7232
6133	7233
4560	7234
7696	7235
3246	7236
6828	7237
168	7238
3196	7239
3483	7240
2030	7241
8163	7242
8626	7243
1837	7244
1525	7245
1324	7246
2232	7247
757	7248
682	7249
6974	7250
361	7251
1233	7252
494	7253
4148	7254
8470	7255
7652	7256
6604	7257
3032	7258
4618	7259
459	7260
2613	7261
6488	7262
2917	7263
113	7264
1381	7265
5330	7266
3845	7267
6308	7268
727	7269
7699	7270
7546	7271
1548	7272
8426	7273
8540	7274
7337	7275
6367	7276
349	7277
6627	7278
130	7279
6118	7280
6421	7281
3569	7282
4284	7283
8226	7284
2217	7285
2191	7286
705	7287
721	7288
3937	7289
5855	7290
6376	7291
8259	7292
3283	7293
1123	7294
5897	7295
4414	7296
45	7297
1727	7298
4349	7299
1514	7300
4096	7301
8652	7302
4936	7303
1121	7304
7903	7305
5184	7306
8704	7307
1347	7308
566	7309
7473	7310
8480	7311
2260	7312
280	7313
4708	7314
8822	7315
3126	7316
5824	7317
3258	7318
7291	7319
9020	7320
6201	7321
5	7322
6282	7323
8467	7324
2898	7325
3311	7326
262	7327
3792	7328
5961	7329
966	7330
1163	7331
718	7332
1704	7333
552	7334
6307	7335
5076	7336
8430	7337
8772	7338
6613	7339
305	7340
7151	7341
4192	7342
1022	7343
3749	7344
3013	7345
4580	7346
7350	7347
4898	7348
7212	7349
6309	7350
6778	7351
2987	7352
7447	7353
1299	7354
39	7355
4497	7356
5859	7357
148	7358
7072	7359
7101	7360
6759	7361
6515	7362
762	7363
672	7364
869	7365
8504	7366
5774	7367
731	7368
5896	7369
884	7370
7434	7371
1212	7372
5407	7373
1846	7374
256	7375
5447	7376
6501	7377
3776	7378
5558	7379
1060	7380
5657	7381
600	7382
3047	7383
3661	7384
2483	7385
6474	7386
5758	7387
2197	7388
7207	7389
3084	7390
2748	7391
8856	7392
2194	7393
7330	7394
185	7395
4131	7396
5648	7397
5618	7398
340	7399
8157	7400
6556	7401
2248	7402
7804	7403
2460	7404
478	7405
1397	7406
4268	7407
441	7408
112	7409
2292	7410
347	7411
3807	7412
7965	7413
4535	7414
6	7415
2161	7416
3675	7417
8887	7418
3911	7419
4420	7420
3215	7421
1925	7422
3995	7423
1075	7424
3709	7425
6189	7426
8728	7427
8463	7428
7106	7429
4028	7430
6863	7431
6864	7432
832	7433
1194	7434
8415	7435
636	7436
8427	7437
445	7438
3010	7439
1936	7440
480	7441
1354	7442
3267	7443
5433	7444
4918	7445
860	7446
7918	7447
3563	7448
1265	7449
1474	7450
77	7451
6935	7452
6211	7453
5728	7454
1160	7455
375	7456
4940	7457
2547	7458
194	7459
7199	7460
1455	7461
8868	7462
5249	7463
2812	7464
8443	7465
1963	7466
1171	7467
7038	7468
2241	7469
1528	7470
355	7471
5615	7472
153	7473
5045	7474
6039	7475
1195	7476
2059	7477
6205	7478
1143	7479
998	7480
1478	7481
3865	7482
6873	7483
7292	7484
6858	7485
8533	7486
1277	7487
3723	7488
1779	7489
6203	7490
88	7491
4304	7492
3886	7493
7744	7494
58	7495
4307	7496
7750	7497
4097	7498
7059	7499
6227	7500
3184	7501
436	7502
2343	7503
6343	7504
2448	7505
2786	7506
108	7507
2088	7508
6222	7509
6541	7510
3825	7511
18	7512
7763	7513
8171	7514
2113	7515
7326	7516
2769	7517
6772	7518
919	7519
5981	7520
3860	7521
529	7522
32	7523
600	7524
5442	7525
7823	7526
680	7527
1693	7528
4427	7529
7915	7530
2621	7531
8818	7532
4954	7533
556	7534
434	7535
7256	7536
6337	7537
4792	7538
8156	7539
7761	7540
3389	7541
197	7542
386	7543
4512	7544
5381	7545
510	7546
302	7547
8300	7548
8433	7549
38	7550
476	7551
7392	7552
4831	7553
4748	7554
2570	7555
2040	7556
8449	7557
9072	7558
989	7559
8172	7560
139	7561
3066	7562
8749	7563
3566	7564
2705	7565
6407	7566
1751	7567
3594	7568
969	7569
5982	7570
493	7571
4361	7572
29	7573
8081	7574
7880	7575
929	7576
6120	7577
7928	7578
701	7579
2510	7580
1418	7581
1435	7582
2220	7583
8333	7584
3111	7585
185	7586
1267	7587
3771	7588
3688	7589
4112	7590
6822	7591
6382	7592
6115	7593
751	7594
6539	7595
549	7596
7735	7597
9047	7598
4459	7599
36	7600
4047	7601
2188	7602
1226	7603
24	7604
1843	7605
5527	7606
5852	7607
7308	7608
4951	7609
2419	7610
1186	7611
181	7612
2513	7613
6872	7614
1413	7615
8891	7616
7122	7617
3202	7618
7637	7619
2195	7620
1628	7621
3445	7622
7610	7623
40	7624
3143	7625
7235	7626
8659	7627
2	7628
56	7629
5738	7630
134	7631
427	7632
2227	7633
8542	7634
964	7635
3024	7636
1665	7637
40	7638
411	7639
7339	7640
3713	7641
5907	7642
5779	7643
7095	7644
5201	7645
1326	7646
2231	7647
4195	7648
8848	7649
6193	7650
3805	7651
6465	7652
4819	7653
8682	7654
1146	7655
528	7656
8332	7657
426	7658
5283	7659
6652	7660
8734	7661
7094	7662
8645	7663
291	7664
4754	7665
7393	7666
1666	7667
5421	7668
4612	7669
7689	7670
700	7671
887	7672
2624	7673
6691	7674
5941	7675
5485	7676
1230	7677
3423	7678
8800	7679
12	7680
5499	7681
6569	7682
956	7683
4550	7684
1159	7685
7960	7686
5873	7687
2639	7688
2803	7689
6053	7690
2331	7691
988	7692
5838	7693
3393	7694
6001	7695
46	7696
6913	7697
1606	7698
647	7699
1518	7700
5945	7701
583	7702
4367	7703
5640	7704
6094	7705
8264	7706
2125	7707
5288	7708
6827	7709
3833	7710
3062	7711
37	7712
3736	7713
34	7714
1069	7715
2609	7716
7677	7717
6562	7718
7159	7719
275	7720
252	7721
1569	7722
3063	7723
6716	7724
8722	7725
4804	7726
3888	7727
4209	7728
5561	7729
8930	7730
849	7731
8216	7732
6525	7733
7529	7734
1555	7735
2724	7736
1842	7737
55	7738
5169	7739
2827	7740
8053	7741
4536	7742
3916	7743
3775	7744
4768	7745
4138	7746
130	7747
3531	7748
8597	7749
6045	7750
5898	7751
5821	7752
3154	7753
5235	7754
8201	7755
5675	7756
7423	7757
7863	7758
8404	7759
5713	7760
4887	7761
2332	7762
8183	7763
8657	7764
2854	7765
1391	7766
1245	7767
4564	7768
6088	7769
8934	7770
4233	7771
617	7772
143	7773
4275	7774
2295	7775
5259	7776
7766	7777
8336	7778
5885	7779
3440	7780
5246	7781
1816	7782
2942	7783
7528	7784
8052	7785
4746	7786
1056	7787
4911	7788
4741	7789
1322	7790
726	7791
2097	7792
6570	7793
6044	7794
2602	7795
6219	7796
8919	7797
5682	7798
3327	7799
5386	7800
174	7801
3919	7802
21	7803
741	7804
3324	7805
437	7806
7941	7807
5107	7808
7108	7809
4237	7810
6221	7811
15	7812
4530	7813
4376	7814
4996	7815
6467	7816
1405	7817
3808	7818
3171	7819
1082	7820
6837	7821
4794	7822
2323	7823
1671	7824
103	7825
1240	7826
5714	7827
1350	7828
3626	7829
3314	7830
7693	7831
2428	7832
3104	7833
4643	7834
8032	7835
634	7836
7809	7837
6332	7838
3763	7839
81	7840
1420	7841
8287	7842
5555	7843
8927	7844
6260	7845
2677	7846
647	7847
7032	7848
8051	7849
497	7850
1815	7851
8331	7852
6346	7853
4222	7854
5596	7855
2719	7856
8083	7857
234	7858
8654	7859
2658	7860
6293	7861
3565	7862
3000	7863
170	7864
3094	7865
4187	7866
4479	7867
8337	7868
4654	7869
9000	7870
5678	7871
3638	7872
2629	7873
5396	7874
2557	7875
7091	7876
495	7877
4298	7878
865	7879
4795	7880
2300	7881
4384	7882
178	7883
7391	7884
6877	7885
1650	7886
5270	7887
685	7888
311	7889
7380	7890
943	7891
6592	7892
1552	7893
4460	7894
5472	7895
1877	7896
1907	7897
6217	7898
1794	7899
469	7900
315	7901
4119	7902
3471	7903
6992	7904
1726	7905
3326	7906
1061	7907
1446	7908
4805	7909
1152	7910
7000	7911
3380	7912
4774	7913
5553	7914
1621	7915
1473	7916
7006	7917
8705	7918
901	7919
673	7920
5569	7921
1471	7922
7488	7923
7984	7924
1	7925
6718	7926
2147	7927
6075	7928
1737	7929
1646	7930
7799	7931
4067	7932
547	7933
2753	7934
594	7935
2286	7936
7783	7937
5356	7938
5536	7939
9085	7940
6388	7941
8004	7942
1187	7943
2297	7944
5046	7945
1536	7946
132	7947
4458	7948
8768	7949
8189	7950
2893	7951
8613	7952
5832	7953
3092	7954
9025	7955
7449	7956
6963	7957
7111	7958
7976	7959
6861	7960
3983	7961
6786	7962
8442	7963
8897	7964
5937	7965
595	7966
556	7967
3974	7968
1513	7969
2523	7970
6824	7971
8770	7972
599	7973
5903	7974
1648	7975
6108	7976
1038	7977
2169	7978
925	7979
8235	7980
8726	7981
7640	7982
2682	7983
5635	7984
51	7985
4628	7986
3848	7987
6090	7988
7066	7989
2870	7990
7268	7991
8553	7992
6533	7993
2386	7994
174	7995
6939	7996
3837	7997
3790	7998
5137	7999
5399	8000
4392	8001
4622	8002
487	8003
3379	8004
7188	8005
225	8006
4214	8007
5322	8008
2780	8009
6368	8010
7418	8011
226	8012
622	8013
8683	8014
5997	8015
6416	8016
4562	8017
7656	8018
1065	8019
5245	8020
7218	8021
6663	8022
6989	8023
5957	8024
4616	8025
317	8026
805	8027
4725	8028
573	8029
8462	8030
4255	8031
3036	8032
590	8033
2683	8034
4917	8035
7381	8036
2357	8037
3840	8038
1801	8039
7090	8040
5010	8041
195	8042
368	8043
5311	8044
7987	8045
6324	8046
2869	8047
5857	8048
5021	8049
69	8050
5594	8051
4468	8052
1681	8053
3537	8054
615	8055
4604	8056
3603	8057
4081	8058
750	8059
8954	8060
8243	8061
3914	8062
599	8063
5352	8064
2796	8065
694	8066
4085	8067
492	8068
7515	8069
5466	8070
7564	8071
1085	8072
7037	8073
8023	8074
7754	8075
560	8076
8390	8077
322	8078
7401	8079
1241	8080
337	8081
7124	8082
2864	8083
8878	8084
339	8085
8769	8086
3298	8087
6534	8088
6071	8089
183	8090
3561	8091
758	8092
1467	8093
3088	8094
4436	8095
6704	8096
6246	8097
5803	8098
2111	8099
721	8100
5687	8101
8587	8102
7785	8103
4581	8104
5034	8105
3952	8106
8977	8107
2390	8108
3619	8109
616	8110
5715	8111
8896	8112
4221	8113
7697	8114
7368	8115
3788	8116
2137	8117
5261	8118
3826	8119
7955	8120
3294	8121
8407	8122
2720	8123
7957	8124
7742	8125
8457	8126
4507	8127
7406	8128
5514	8129
5680	8130
7387	8131
5672	8132
5074	8133
5145	8134
4347	8135
6658	8136
4166	8137
7265	8138
7318	8139
3399	8140
6703	8141
3138	8142
8050	8143
8853	8144
609	8145
633	8146
5656	8147
4702	8148
8629	8149
3051	8150
2381	8151
2920	8152
416	8153
6543	8154
2600	8155
928	8156
1026	8157
8124	8158
1694	8159
7316	8160
3496	8161
5069	8162
6915	8163
2784	8164
6185	8165
7828	8166
209	8167
7520	8168
8170	8169
105	8170
8685	8171
2599	8172
882	8173
8326	8174
5385	8175
5146	8176
3925	8177
5310	8178
8762	8179
372	8180
3012	8181
8970	8182
8375	8183
5451	8184
4968	8185
149	8186
7555	8187
336	8188
733	8189
728	8190
7737	8191
660	8192
3168	8193
5	8194
2101	8195
7651	8196
2136	8197
68	8198
4971	8199
6476	8200
8567	8201
6143	8202
281	8203
7687	8204
2560	8205
7398	8206
2921	8207
4064	8208
3125	8209
3583	8210
690	8211
3127	8212
7257	8213
1766	8214
3275	8215
2069	8216
5560	8217
8355	8218
2477	8219
8378	8220
5644	8221
1198	8222
7614	8223
651	8224
6025	8225
7993	8226
7192	8227
4834	8228
5018	8229
4257	8230
1701	8231
4163	8232
124	8233
4205	8234
7908	8235
6938	8236
2777	8237
4881	8238
6325	8239
3538	8240
3163	8241
6661	8242
121	8243
4553	8244
5195	8245
8831	8246
8812	8247
4011	8248
706	8249
457	8250
3159	8251
5333	8252
3872	8253
5031	8254
3799	8255
3429	8256
3896	8257
1856	8258
1583	8259
8723	8260
437	8261
8529	8262
5734	8263
591	8264
6632	8265
6146	8266
392	8267
4926	8268
1030	8269
4242	8270
4130	8271
2458	8272
5469	8273
7426	8274
1682	8275
3290	8276
8610	8277
3390	8278
3271	8279
61	8280
4302	8281
2574	8282
6550	8283
5483	8284
616	8285
3274	8286
7081	8287
5537	8288
5662	8289
2082	8290
5827	8291
4646	8292
725	8293
180	8294
3205	8295
7626	8296
1566	8297
4727	8298
4025	8299
346	8300
5879	8301
864	8302
3906	8303
530	8304
6033	8305
2622	8306
8167	8307
349	8308
4140	8309
4183	8310
7172	8311
572	8312
8741	8313
2711	8314
9060	8315
3953	8316
5504	8317
7373	8318
5936	8319
7643	8320
6843	8321
119	8322
1207	8323
5589	8324
2504	8325
5128	8326
1926	8327
5989	8328
7779	8329
5953	8330
4180	8331
6016	8332
278	8333
5750	8334
343	8335
1223	8336
8314	8337
436	8338
328	8339
7442	8340
2606	8341
1451	8342
5614	8343
4115	8344
4248	8345
292	8346
6672	8347
6949	8348
2168	8349
5637	8350
4383	8351
703	8352
4042	8353
6462	8354
3506	8355
5208	8356
4785	8357
4634	8358
4426	8359
1601	8360
4108	8361
4273	8362
1114	8363
676	8364
3017	8365
3466	8366
1464	8367
1627	8368
5071	8369
3288	8370
3469	8371
7133	8372
6391	8373
4385	8374
746	8375
6285	8376
6807	8377
606	8378
2717	8379
1042	8380
6204	8381
5129	8382
3026	8383
8001	8384
2773	8385
4433	8386
3592	8387
4922	8388
5853	8389
7749	8390
1869	8391
1108	8392
26	8393
4775	8394
7329	8395
5886	8396
7227	8397
8099	8398
159	8399
674	8400
6838	8401
1087	8402
521	8403
667	8404
5096	8405
6911	8406
3155	8407
6487	8408
2687	8409
8574	8410
3698	8411
3232	8412
6342	8413
6295	8414
1861	8415
2752	8416
4487	8417
1773	8418
1412	8419
3489	8420
205	8421
6019	8422
5207	8423
1940	8424
809	8425
3770	8426
1954	8427
123	8428
1741	8429
5940	8430
7889	8431
5368	8432
6921	8433
401	8434
3162	8435
3201	8436
3342	8437
3230	8438
38	8439
852	8440
193	8441
12	8442
8018	8443
7233	8444
5250	8445
11	8446
826	8447
3090	8448
4788	8449
8305	8450
323	8451
743	8452
4324	8453
379	8454
8045	8455
1227	8456
3079	8457
4493	8458
2943	8459
251	8460
7228	8461
2224	8462
5004	8463
7786	8464
31	8465
7240	8466
6015	8467
2139	8468
206	8469
6559	8470
6988	8471
4835	8472
7586	8473
9	8474
8841	8475
538	8476
712	8477
4796	8478
6933	8479
6394	8480
4034	8481
6597	8482
3811	8483
2279	8484
1599	8485
6573	8486
640	8487
7403	8488
3976	8489
4122	8490
2955	8491
3486	8492
7194	8493
7620	8494
6150	8495
1205	8496
1657	8497
8008	8498
1728	8499
3730	8500
6522	8501
749	8502
7741	8503
4453	8504
3457	8505
8475	8506
1793	8507
6906	8508
3669	8509
7371	8510
1144	8511
733	8512
4561	8513
467	8514
8278	8515
8308	8516
1426	8517
182	8518
2770	8519
7343	8520
7086	8521
4491	8522
5636	8523
1935	8524
7590	8525
3524	8526
8576	8527
5335	8528
1110	8529
173	8530
4335	8531
2360	8532
3708	8533
2549	8534
482	8535
6835	8536
2273	8537
425	8538
8985	8539
4305	8540
3726	8541
470	8542
722	8543
7573	8544
1091	8545
1719	8546
8686	8547
7896	8548
627	8549
4	8550
6865	8551
9035	8552
10	8553
4893	8554
5815	8555
6466	8556
2163	8557
8963	8558
6331	8559
3965	8560
305	8561
1215	8562
8581	8563
2992	8564
790	8565
6513	8566
8731	8567
5976	8568
445	8569
1344	8570
2385	8571
3625	8572
4539	8573
8316	8574
2394	8575
2438	8576
3453	8577
1185	8578
1304	8579
8980	8580
9002	8581
8865	8582
1112	8583
3608	8584
3336	8585
6855	8586
5749	8587
1301	8588
2086	8589
1901	8590
4514	8591
1851	8592
8676	8593
7698	8594
6111	8595
6836	8596
8600	8597
204	8598
4086	8599
5968	8600
42	8601
6545	8602
828	8603
79	8604
233	8605
4060	8606
4000	8607
5987	8608
537	8609
518	8610
8691	8611
3263	8612
4723	8613
1618	8614
4839	8615
236	8616
5234	8617
3400	8618
3722	8619
873	8620
7705	8621
7482	8622
581	8623
6732	8624
3022	8625
3128	8626
4989	8627
8582	8628
444	8629
3907	8630
6209	8631
38	8632
879	8633
4737	8634
3306	8635
6228	8636
3087	8637
5861	8638
2815	8639
204	8640
4032	8641
312	8642
2472	8643
5375	8644
2735	8645
276	8646
5367	8647
7690	8648
6245	8649
1279	8650
7427	8651
1981	8652
8187	8653
8761	8654
8106	8655
5541	8656
2642	8657
651	8658
5475	8659
140	8660
5317	8661
7691	8662
2233	8663
8552	8664
5365	8665
2938	8666
2441	8667
5125	8668
8535	8669
423	8670
8165	8671
7545	8672
7456	8673
803	8674
3083	8675
9006	8676
2092	8677
7382	8678
3954	8679
2878	8680
7940	8681
4101	8682
8715	8683
5060	8684
1407	8685
334	8686
1557	8687
4909	8688
5523	8689
257	8690
121	8691
8473	8692
1939	8693
7320	8694
6644	8695
2588	8696
470	8697
5511	8698
593	8699
152	8700
7919	8701
157	8702
8370	8703
4884	8704
4749	8705
5794	8706
2866	8707
8349	8708
5712	8709
5505	8710
4309	8711
2902	8712
3158	8713
7789	8714
1321	8715
4546	8716
35	8717
5916	8718
5604	8719
5181	8720
6155	8721
6646	8722
7333	8723
7216	8724
2793	8725
6086	8726
4	8727
7801	8728
2135	8729
6986	8730
8159	8731
3049	8732
7362	8733
2066	8734
8445	8735
8439	8736
3475	8737
3101	8738
2982	8739
663	8740
2200	8741
51	8742
6722	8743
1404	8744
4682	8745
8095	8746
6165	8747
481	8748
6355	8749
793	8750
6587	8751
1319	8752
5435	8753
7260	8754
558	8755
6218	8756
367	8757
496	8758
4265	8759
4570	8760
731	8761
7438	8762
242	8763
8892	8764
1972	8765
4078	8766
6224	8767
7031	8768
3366	8769
4739	8770
8215	8771
7778	8772
8118	8773
7851	8774
7904	8775
219	8776
8132	8777
1258	8778
1450	8779
4590	8780
4155	8781
248	8782
8397	8783
7513	8784
526	8785
8160	8786
3227	8787
1526	8788
1928	8789
4679	8790
4621	8791
5922	8792
1396	8793
4717	8794
1388	8795
7415	8796
3737	8797
70	8798
8937	8799
6104	8800
6574	8801
3398	8802
1722	8803
1490	8804
3622	8805
2123	8806
5528	8807
3725	8808
192	8809
546	8810
1747	8811
7767	8812
4890	8813
2302	8814
932	8815
2274	8816
6719	8817
7859	8818
3878	8819
6958	8820
4350	8821
5341	8822
6352	8823
5011	8824
6174	8825
4062	8826
662	8827
8138	8828
7619	8829
11	8830
8850	8831
214	8832
5564	8833
688	8834
5731	8835
8402	8836
6643	8837
7335	8838
7100	8839
137	8840
7259	8841
2468	8842
6851	8843
8637	8844
5086	8845
1700	8846
5144	8847
4457	8848
5313	8849
594	8850
4700	8851
2579	8852
7202	8853
1252	8854
8441	8855
4286	8856
9055	8857
6601	8858
431	8859
8014	8860
4224	8861
2647	8862
2329	8863
7657	8864
226	8865
5185	8866
8952	8867
1036	8868
5408	8869
7064	8870
619	8871
8890	8872
1818	8873
7906	8874
5616	8875
4360	8876
895	8877
627	8878
8932	8879
6631	8880
6887	8881
8969	8882
497	8883
468	8884
8113	8885
1092	8886
5425	8887
57	8888
5529	8889
1831	8890
1190	8891
4585	8892
9100	8893
4182	8894
2713	8895
320	8896
4797	8897
2084	8898
2134	8899
8756	8900
3343	8901
8860	8902
4430	8903
9022	8904
7867	8905
716	8906
4859	8907
389	8908
6026	8909
3908	8910
3889	8911
6978	8912
681	8913
5068	8914
3686	8915
5756	8916
8469	8917
373	8918
4481	8919
4345	8920
926	8921
8057	8922
6113	8923
2765	8924
5633	8925
867	8926
3754	8927
6271	8928
3188	8929
542	8930
8845	8931
511	8932
564	8933
5378	8934
158	8935
4039	8936
4249	8937
3317	8938
5090	8939
4639	8940
6756	8941
7732	8942
7017	8943
4713	8944
7347	8945
91	8946
3099	8947
484	8948
6932	8949
8635	8950
773	8951
5134	8952
9094	8953
7	8954
6924	8955
3358	8956
2476	8957
8151	8958
3912	8959
2247	8960
5601	8961
7604	8962
543	8963
2754	8964
4525	8965
8394	8966
3018	8967
5389	8968
2975	8969
1522	8970
8230	8971
8550	8972
1089	8973
8837	8974
6157	8975
7755	8976
392	8977
713	8978
293	8979
4397	8980
2018	8981
5994	8982
5767	8983
5193	8984
32	8985
8794	8986
351	8987
4625	8988
1358	8989
4781	8990
4024	8991
2235	8992
371	8993
9083	8994
1232	8995
2577	8996
5539	8997
6789	8998
6074	8999
1799	9000
2540	9001
7241	9002
104	9003
2804	9004
7244	9005
4217	9006
6980	9007
134	9008
535	9009
8572	9010
1117	9011
9098	9012
5959	9013
5436	9014
5613	9015
453	9016
418	9017
903	9018
8814	9019
962	9020
5510	9021
7734	9022
1738	9023
1484	9024
2044	9025
4005	9026
2973	9027
6944	9028
4638	9029
184	9030
9087	9031
3153	9032
63	9033
5392	9034
8804	9035
4199	9036
5820	9037
3156	9038
7814	9039
2636	9040
3297	9041
5822	9042
3285	9043
131	9044
8408	9045
3779	9046
4863	9047
1129	9048
3920	9049
3501	9050
414	9051
6708	9052
6318	9053
5229	9054
340	9055
5320	9056
6121	9057
2673	9058
3349	9059
6713	9060
4160	9061
9066	9062
330	9063
87	9064
239	9065
2278	9066
3502	9067
1189	9068
4006	9069
262	9070
474	9071
6248	9072
5567	9073
8519	9074
432	9075
640	9076
1421	9077
8085	9078
473	9079
1515	9080
8005	9081
531	9082
3405	9083
6897	9084
4877	9085
7609	9086
8742	9087
635	9088
1655	9089
5744	9090
8025	9091
5695	9092
207	9093
8518	9094
2664	9095
1054	9096
4102	9097
5487	9098
575	9099
461	9100
6215	9101
8125	9102
589	9103
42	9104
1059	9105
519	9106
2548	9107
2350	9108
6798	9109
2758	9110
8077	9111
6292	9112
8621	9113
8321	9114
3719	9115
2764	9116
4154	9117
7715	9118
2575	9119
698	9120
5284	9121
2485	9122
1667	9123
574	9124
6136	9125
7664	9126
5387	9127
5566	9128
8592	9129
2290	9130
6564	9131
194	9132
5660	9133
3658	9134
8771	9135
2289	9136
5397	9137
4355	9138
8640	9139
1	9140
6232	9141
1625	9142
587	9143
515	9144
2723	9145
82	9146
1872	9147
1791	9148
6444	9149
4020	9150
8228	9151
3859	9152
1790	9153
986	9154
6969	9155
1361	9156
7685	9157
2593	9158
8182	9159
699	9160
32	9161
6102	9162
6322	9163
2001	9164
2663	9165
8622	9166
3929	9167
7845	9168
4467	9169
3424	9170
5965	9171
6695	9172
5746	9173
452	9174
1834	9175
4492	9176
6354	9177
4563	9178
576	9179
8802	9180
7239	9181
4235	9182
6787	9183
3472	9184
8857	9185
1409	9186
1035	9187
6484	9188
1095	9189
3264	9190
2074	9191
2696	9192
6379	9193
7525	9194
8674	9195
128	9196
6036	9197
5912	9198
6802	9199
183	9200
6369	9201
6814	9202
555	9203
5964	9204
7913	9205
2145	9206
2045	9207
1199	9208
6666	9209
5501	9210
3530	9211
7290	9212
6287	9213
1855	9214
383	9215
7117	9216
1311	9217
3835	9218
4486	9219
323	9220
5263	9221
740	9222
3674	9223
241	9224
75	9225
8944	9226
4132	9227
995	9228
7315	9229
464	9230
7593	9231
8454	9232
6255	9233
3650	9234
5072	9235
3	9236
815	9237
199	9238
628	9239
7751	9240
6729	9241
4380	9242
6181	9243
3173	9244
9061	9245
8681	9246
2371	9247
15	9248
4469	9249
3890	9250
471	9251
520	9252
5226	9253
2594	9254
7226	9255
8974	9256
1520	9257
2142	9258
4400	9259
2183	9260
7861	9261
8108	9262
7246	9263
5691	9264
7949	9265
6563	9266
6274	9267
7004	9268
8262	9269
6503	9270
557	9271
4162	9272
9091	9273
6701	9274
5162	9275
263	9276
4343	9277
5739	9278
8737	9279
2910	9280
6812	9281
5599	9282
3329	9283
6743	9284
5	9285
3222	9286
2375	9287
7263	9288
6937	9289
128	9290
2400	9291
201	9292
6882	9293
6699	9294
2065	9295
8763	9296
6362	9297
1192	9298
5496	9299
8639	9300
113	9301
880	9302
7709	9303
1782	9304
4811	9305
6238	9306
4327	9307
43	9308
795	9309
875	9310
6912	9311
493	9312
501	9313
8239	9314
5109	9315
5403	9316
6885	9317
7317	9318
6952	9319
440	9320
1567	9321
1651	9322
5700	9323
1830	9324
931	9325
8701	9326
3609	9327
4424	9328
744	9329
6946	9330
7562	9331
3742	9332
8246	9333
4736	9334
5578	9335
2	9336
644	9337
1934	9338
505	9339
8472	9340
1269	9341
1828	9342
400	9343
9068	9344
5627	9345
73	9346
7138	9347
229	9348
5196	9349
299	9350
3339	9351
7132	9352
804	9353
5225	9354
3069	9355
3885	9356
3481	9357
6418	9358
7369	9359
1491	9360
5583	9361
221	9362
5455	9363
8960	9364
690	9365
2533	9366
531	9367
2817	9368
3020	9369
6554	9370
5444	9371
1776	9372
2885	9373
5163	9374
1826	9375
2454	9376
5266	9377
4667	9378
8962	9379
6832	9380
2492	9381
8268	9382
2726	9383
739	9384
3972	9385
8569	9386
736	9387
1559	9388
5850	9389
3059	9390
4301	9391
242	9392
7195	9393
3185	9394
4211	9395
603	9396
3949	9397
7612	9398
8492	9399
6728	9400
7497	9401
8858	9402
5033	9403
1275	9404
970	9405
5502	9406
283	9407
5428	9408
3137	9409
272	9410
1684	9411
6210	9412
4728	9413
5239	9414
8816	9415
8595	9416
7053	9417
8006	9418
8588	9419
1572	9420
3269	9421
1501	9422
665	9423
8602	9424
7686	9425
4036	9426
1753	9427
4657	9428
3381	9429
800	9430
36	9431
3921	9432
8955	9433
5412	9434
227	9435
7782	9436
6930	9437
449	9438
5036	9439
5808	9440
145	9441
2102	9442
2833	9443
6357	9444
868	9445
3932	9446
6018	9447
3874	9448
255	9449
1255	9450
8352	9451
5986	9452
1629	9453
3545	9454
9062	9455
6957	9456
1874	9457
7910	9458
8500	9459
684	9460
4080	9461
3096	9462
8409	9463
253	9464
784	9465
29	9466
202	9467
4669	9468
8223	9469
3813	9470
5603	9471
2760	9472
6654	9473
1436	9474
1055	9475
3448	9476
6687	9477
7725	9478
1066	9479
5329	9480
399	9481
7775	9482
8498	9483
9119	9484
6169	9485
2526	9486
2196	9487
8966	9488
802	9489
669	9490
1698	9491
7544	9492
2525	9493
3642	9494
421	9495
5465	9496
2905	9497
4455	9498
1920	9499
4231	9500
8521	9501
1637	9502
6621	9503
3455	9504
4640	9505
4953	9506
57	9507
311	9508
2132	9509
457	9510
506	9511
3613	9512
4258	9513
1403	9514
2805	9515
5741	9516
4241	9517
5187	9518
1600	9519
8916	9520
3958	9521
6004	9522
7024	9523
1367	9524
4256	9525
8251	9526
5532	9527
3499	9528
8525	9529
5727	9530
6440	9531
5725	9532
88	9533
5251	9534
9112	9535
402	9536
712	9537
5338	9538
1486	9539
334	9540
6414	9541
6344	9542
8888	9543
6478	9544
4992	9545
4009	9546
1748	9547
711	9548
2211	9549
6323	9550
2542	9551
1148	9552
1220	9553
6089	9554
6925	9555
1155	9556
5373	9557
350	9558
4118	9559
7476	9560
7613	9561
78	9562
1168	9563
8198	9564
5337	9565
2521	9566
4851	9567
4694	9568
7507	9569
4484	9570
21	9571
1184	9572
5571	9573
6826	9574
4686	9575
5698	9576
8242	9577
4528	9578
7806	9579
4045	9580
6072	9581
8548	9582
5292	9583
8782	9584
1485	9585
1953	9586
2856	9587
19	9588
4543	9589
1541	9590
3930	9591
8523	9592
6903	9593
5868	9594
7947	9595
3370	9596
1723	9597
9044	9598
101	9599
5287	9600
7413	9601
1370	9602
6151	9603
7511	9604
7355	9605
4976	9606
6198	9607
1761	9608
161	9609
1839	9610
7647	9611
7313	9612
3894	9613
2423	9614
401	9615
8598	9616
3102	9617
5448	9618
3033	9619
169	9620
3406	9621
4886	9622
920	9623
5277	9624
8758	9625
649	9626
8283	9627
2498	9628
6485	9629
92	9630
118	9631
7788	9632
8869	9633
745	9634
9019	9635
1410	9636
356	9637
5890	9638
6153	9639
1540	9640
4021	9641
3468	9642
2563	9643
5165	9644
6669	9645
7771	9646
5884	9647
3573	9648
652	9649
7659	9650
418	9651
227	9652
6870	9653
8813	9654
1449	9655
7389	9656
1562	9657
4456	9658
859	9659
1783	9660
1732	9661
5312	9662
7703	9663
285	9664
2493	9665
4680	9666
516	9667
4377	9668
652	9669
6306	9670
4920	9671
5216	9672
1266	9673
1781	9674
4986	9675
4448	9676
2405	9677
107	9678
2721	9679
4323	9680
7537	9681
479	9682
2700	9683
870	9684
1040	9685
6799	9686
8435	9687
6763	9688
3119	9689
3187	9690
4137	9691
7219	9692
2434	9693
8330	9694
369	9695
25	9696
4545	9697
231	9698
4927	9699
1362	9700
1045	9701
6077	9702
7019	9703
4607	9704
2262	9705
2041	9706
8660	9707
6972	9708
7733	9709
607	9710
1033	9711
7210	9712
5904	9713
6041	9714
541	9715
6893	9716
697	9717
548	9718
2813	9719
136	9720
3529	9721
4566	9722
1076	9723
7641	9724
8161	9725
405	9726
3993	9727
5506	9728
6962	9729
2916	9730
6553	9731
5864	9732
2118	9733
6833	9734
3019	9735
1134	9736
4825	9737
7	9738
2054	9739
604	9740
3991	9741
8416	9742
307	9743
20	9744
244	9745
3216	9746
6099	9747
2122	9748
1479	9749
5998	9750
4150	9751
8886	9752
1466	9753
2431	9754
1731	9755
432	9756
2443	9757
7800	9758
5309	9759
4849	9760
2311	9761
5348	9762
6112	9763
428	9764
908	9765
153	9766
4958	9767
8543	9768
3862	9769
209	9770
5214	9771
2047	9772
1649	9773
7336	9774
2157	9775
1333	9776
4942	9777
6734	9778
4128	9779
424	9780
6234	9781
7408	9782
5215	9783
7748	9784
4960	9785
621	9786
735	9787
768	9788
1991	9789
6519	9790
8537	9791
7002	9792
6284	9793
301	9794
3312	9795
7402	9796
6537	9797
6788	9798
677	9799
180	9800
7560	9801
2928	9802
3302	9803
6059	9804
5775	9805
587	9806
6310	9807
7025	9808
8557	9809
597	9810
6275	9811
5073	9812
138	9813
1463	9814
514	9815
9040	9816
3485	9817
3591	9818
7010	9819
770	9820
2855	9821
1053	9822
7902	9823
53	9824
1090	9825
1116	9826
8107	9827
3508	9828
3943	9829
8957	9830
2965	9831
3260	9832
2941	9833
6762	9834
3822	9835
3495	9836
3157	9837
2528	9838
4337	9839
7057	9840
4311	9841
74	9842
6625	9843
3113	9844
6261	9845
6005	9846
12	9847
1549	9848
7046	9849
1844	9850
3866	9851
830	9852
5017	9853
7961	9854
2131	9855
487	9856
4271	9857
7386	9858
2257	9859
7551	9860
3231	9861
6653	9862
1543	9863
2077	9864
3518	9865
3670	9866
6409	9867
5376	9868
2155	9869
1496	9870
8274	9871
4251	9872
3114	9873
623	9874
2427	9875
4627	9876
4526	9877
8267	9878
3330	9879
4161	9880
189	9881
4707	9882
7266	9883
734	9884
1302	9885
716	9886
540	9887
9117	9888
6316	9889
7184	9890
4540	9891
7341	9892
6364	9893
2064	9894
7897	9895
8098	9896
2075	9897
335	9898
3701	9899
3432	9900
3618	9901
2890	9902
1865	9903
3112	9904
7141	9905
3526	9906
2715	9907
3895	9908
2872	9909
4626	9910
9090	9911
1547	9912
9058	9913
8606	9914
7236	9915
1278	9916
5221	9917
1158	9918
275	9919
4830	9920
6012	9921
443	9922
1173	9923
8067	9924
7467	9925
3615	9926
1508	9927
1807	9928
7061	9929
3460	9930
8456	9931
3605	9932
3415	9933
3436	9934
7283	9935
7810	9936
388	9937
4252	9938
8967	9939
8210	9940
923	9941
2844	9942
3237	9943
6066	9944
2985	9945
141	9946
1921	9947
6635	9948
3724	9949
27	9950
608	9951
315	9952
7245	9953
4270	9954
7813	9955
4390	9956
657	9957
1211	9958
5544	9959
8785	9960
1603	9961
8174	9962
5846	9963
6028	9964
4538	9965
8512	9966
4429	9967
8650	9968
5394	9969
2986	9970
4894	9971
5508	9972
7486	9973
3052	9974
1817	9975
5522	9976
8499	9977
6020	9978
7558	9979
831	9980
6638	9981
73	9982
62	9983
4583	9984
8992	9985
6605	9986
4274	9987
3815	9988
7471	9989
4019	9990
3277	9991
6315	9992
3345	9993
3211	9994
585	9995
2759	9996
3054	9997
6390	9998
1431	9999
597	10000
