6397	1
129	2
7454	3
7260	4
491	5
3331	6
626	7
6942	8
2985	9
7901	10
1376	11
3380	12
118	13
305	14
4727	15
5289	16
2178	17
5824	18
4328	19
994	20
205	21
1476	22
8089	23
7153	24
1429	25
4683	26
1595	27
1903	28
6525	29
6897	30
2430	31
412	32
6391	33
8294	34
4660	35
8360	36
367	37
165	38
5189	39
2098	40
4393	41
1518	42
2001	43
2775	44
8332	45
8854	46
6830	47
4956	48
6254	49
6464	50
468	51
8637	52
3599	53
686	54
7700	55
3697	56
6766	57
513	58
7785	59
4028	60
2918	61
4294	62
4936	63
616	64
8912	65
5300	66
4483	67
2558	68
676	69
485	70
2824	71
795	72
6679	73
3390	74
2387	75
5349	76
7346	77
28	78
270	79
7129	80
5809	81
3957	82
1500	83
3415	84
678	85
3174	86
3266	87
2570	88
2813	89
8330	90
4929	91
560	92
5671	93
4967	94
256	95
7272	96
3157	97
8067	98
350	99
5501	100
374	101
6631	102
3625	103
5738	104
5961	105
854	106
562	107
976	108
7422	109
8611	110
8694	111
3363	112
3038	113
8149	114
796	115
229	116
2401	117
1642	118
1813	119
5635	120
1561	121
6308	122
8610	123
1851	124
4702	125
1605	126
2514	127
636	128
3136	129
5203	130
4315	131
6104	132
1511	133
1794	134
117	135
21	136
6544	137
2370	138
549	139
8018	140
198	141
2248	142
149	143
5530	144
8896	145
4781	146
2155	147
2822	148
1869	149
4270	150
840	151
4218	152
6434	153
855	154
2006	155
6409	156
231	157
3505	158
131	159
5638	160
6412	161
2829	162
7664	163
5796	164
5821	165
498	166
78	167
1	168
3414	169
1296	170
271	171
6795	172
2323	173
119	174
5488	175
5095	176
15	177
3270	178
130	179
8093	180
8047	181
16	182
8935	183
3337	184
3544	185
4513	186
6419	187
328	188
5303	189
4	190
4996	191
59	192
1863	193
5800	194
2819	195
7180	196
7951	197
821	198
3103	199
1231	200
72	201
7693	202
3210	203
7490	204
43	205
1058	206
2462	207
3719	208
5677	209
4559	210
303	211
5329	212
5244	213
161	214
823	215
8612	216
187	217
5403	218
456	219
181	220
5520	221
6958	222
5462	223
446	224
1862	225
6206	226
8372	227
7063	228
803	229
4085	230
2496	231
702	232
6403	233
3	234
3799	235
8415	236
1808	237
1533	238
1110	239
1517	240
7525	241
6940	242
3447	243
6264	244
407	245
5942	246
7232	247
4962	248
213	249
8166	250
6363	251
6856	252
1449	253
571	254
4206	255
7262	256
1396	257
564	258
3161	259
2932	260
5641	261
962	262
219	263
6361	264
6886	265
5940	266
3857	267
6891	268
7751	269
2214	270
5475	271
6313	272
5065	273
4908	274
519	275
8680	276
5603	277
2651	278
4300	279
8790	280
258	281
572	282
53	283
8482	284
3675	285
6541	286
1244	287
1226	288
2125	289
7652	290
3673	291
479	292
2607	293
428	294
249	295
4649	296
5384	297
6930	298
6024	299
8744	300
6167	301
7945	302
691	303
5936	304
7224	305
1826	306
834	307
1332	308
6585	309
3022	310
1143	311
1045	312
3643	313
421	314
7555	315
4843	316
4573	317
7797	318
405	319
4521	320
2271	321
565	322
6057	323
115	324
5622	325
4374	326
5089	327
4730	328
466	329
4037	330
7149	331
461	332
371	333
6956	334
5646	335
3998	336
3863	337
3653	338
1735	339
1124	340
3443	341
813	342
8062	343
1072	344
698	345
2198	346
7071	347
7053	348
263	349
1700	350
8747	351
288	352
8566	353
6100	354
3843	355
6653	356
4064	357
7867	358
7	359
3141	360
1064	361
6372	362
6233	363
4184	364
225	365
6136	366
2396	367
5914	368
5036	369
1995	370
4773	371
147	372
4067	373
1140	374
509	375
309	376
3158	377
4822	378
6677	379
2440	380
7552	381
634	382
16	383
978	384
2730	385
3257	386
4542	387
2513	388
2275	389
230	390
6990	391
8767	392
7474	393
5877	394
2528	395
7916	396
6060	397
7634	398
7943	399
14	400
6076	401
3714	402
2935	403
7902	404
4168	405
2530	406
794	407
7377	408
332	409
1749	410
5633	411
7633	412
1371	413
898	414
5833	415
4618	416
68	417
4352	418
7650	419
2235	420
6611	421
434	422
59	423
756	424
8384	425
8483	426
1398	427
5109	428
52	429
4734	430
150	431
764	432
2273	433
8347	434
704	435
1975	436
6687	437
5316	438
4248	439
3142	440
643	441
3826	442
8395	443
26	444
7093	445
1267	446
4339	447
109	448
6865	449
8325	450
8211	451
4797	452
601	453
2187	454
6982	455
6933	456
817	457
34	458
4001	459
302	460
8518	461
3999	462
8258	463
327	464
2346	465
2723	466
170	467
8804	468
196	469
2479	470
4801	471
65	472
7257	473
5169	474
4574	475
6153	476
4021	477
1411	478
3448	479
2357	480
8695	481
79	482
383	483
3680	484
6939	485
7798	486
4901	487
2367	488
3296	489
5332	490
5374	491
8595	492
2301	493
8953	494
1364	495
550	496
4561	497
3314	498
6265	499
2090	500
3661	501
417	502
2656	503
5805	504
7734	505
1310	506
8390	507
1262	508
5127	509
2682	510
7209	511
6534	512
7080	513
6093	514
5451	515
598	516
4686	517
7375	518
1091	519
6725	520
6283	521
2319	522
4597	523
405	524
5346	525
6217	526
5517	527
8413	528
3106	529
6346	530
8342	531
4806	532
4062	533
6034	534
2672	535
175	536
388	537
7757	538
7495	539
112	540
7076	541
1379	542
462	543
5506	544
7188	545
986	546
1422	547
8721	548
3176	549
2667	550
7400	551
6915	552
7707	553
7960	554
1521	555
500	556
8452	557
6535	558
7087	559
2203	560
7394	561
7157	562
7672	563
44	564
3107	565
493	566
6390	567
2504	568
3582	569
3576	570
847	571
6717	572
4818	573
255	574
429	575
8102	576
7971	577
695	578
5836	579
5559	580
4007	581
8406	582
7332	583
4653	584
667	585
3306	586
28	587
7625	588
6359	589
3828	590
5983	591
5028	592
7576	593
3572	594
1591	595
5585	596
512	597
7369	598
3034	599
788	600
2055	601
2960	602
1403	603
43	604
5875	605
6697	606
4782	607
7896	608
2146	609
5781	610
1117	611
4259	612
8206	613
621	614
2395	615
1829	616
8280	617
121	618
5748	619
6066	620
4835	621
3499	622
5636	623
8681	624
631	625
2037	626
2437	627
6606	628
2684	629
2246	630
4296	631
8706	632
8553	633
2803	634
5713	635
4619	636
8928	637
5845	638
4950	639
830	640
3478	641
108	642
5337	643
6649	644
5582	645
1933	646
4796	647
6061	648
5333	649
6715	650
3498	651
6901	652
6463	653
7488	654
2631	655
493	656
1744	657
6005	658
2749	659
102	660
531	661
1922	662
348	663
974	664
5157	665
3395	666
2025	667
6805	668
5072	669
8188	670
4856	671
6052	672
688	673
4842	674
2308	675
6309	676
739	677
301	678
8068	679
3301	680
2428	681
358	682
7685	683
2841	684
337	685
696	686
2427	687
711	688
6416	689
3701	690
85	691
4133	692
1658	693
7790	694
5457	695
6441	696
5537	697
8128	698
304	699
8152	700
1556	701
3531	702
6499	703
5528	704
4912	705
7393	706
207	707
373	708
6332	709
1650	710
1391	711
655	712
133	713
7830	714
2776	715
696	716
5477	717
4608	718
6435	719
2544	720
1985	721
1799	722
5114	723
589	724
5687	725
7397	726
4961	727
8380	728
1855	729
3807	730
7156	731
6146	732
6531	733
1100	734
3501	735
5301	736
1205	737
5147	738
4774	739
6017	740
4256	741
8072	742
1827	743
8676	744
8925	745
6857	746
4847	747
1322	748
5619	749
7821	750
7591	751
8379	752
6444	753
864	754
151	755
3532	756
2926	757
757	758
5026	759
708	760
743	761
6603	762
4177	763
7714	764
7476	765
4891	766
8778	767
2675	768
8549	769
53	770
1572	771
1367	772
4098	773
7179	774
7845	775
7378	776
7147	777
8490	778
304	779
1791	780
1359	781
4169	782
7404	783
5262	784
8754	785
652	786
3495	787
5258	788
3466	789
6410	790
8333	791
3762	792
7065	793
7226	794
3841	795
7110	796
536	797
727	798
1450	799
3004	800
701	801
688	802
6155	803
983	804
6684	805
90	806
3085	807
3078	808
3015	809
1682	810
5389	811
843	812
2158	813
912	814
5297	815
4777	816
7720	817
6150	818
856	819
8523	820
3226	821
3583	822
1082	823
444	824
35	825
2713	826
1871	827
25	828
4014	829
2949	830
3502	831
2847	832
6597	833
690	834
5761	835
8421	836
3028	837
5351	838
8286	839
6814	840
7826	841
6815	842
7020	843
6383	844
2393	845
723	846
6975	847
5	848
7416	849
8848	850
8841	851
212	852
1320	853
4111	854
8720	855
7082	856
8063	857
4849	858
728	859
844	860
8893	861
3348	862
7064	863
6055	864
603	865
5563	866
411	867
2908	868
7008	869
48	870
410	871
1304	872
1054	873
6116	874
2603	875
3737	876
5453	877
7682	878
6906	879
2543	880
2030	881
8547	882
1497	883
6610	884
7767	885
2527	886
3547	887
3352	888
167	889
8587	890
369	891
8833	892
5904	893
3668	894
7155	895
2324	896
341	897
841	898
184	899
8387	900
447	901
254	902
3111	903
5252	904
5852	905
3534	906
325	907
1055	908
3250	909
5154	910
7441	911
4599	912
1370	913
1681	914
1999	915
2714	916
2072	917
5454	918
4392	919
2102	920
6654	921
151	922
7547	923
499	924
6270	925
1224	926
199	927
2817	928
486	929
8034	930
8019	931
865	932
5610	933
5021	934
8422	935
4588	936
4382	937
291	938
6241	939
789	940
1326	941
2899	942
4431	943
2136	944
2304	945
5331	946
6300	947
1950	948
6230	949
8316	950
511	951
6794	952
717	953
5327	954
8606	955
7877	956
6871	957
6536	958
3951	959
8282	960
806	961
7072	962
4016	963
7240	964
416	965
1977	966
7211	967
4915	968
1086	969
6339	970
7582	971
4413	972
5543	973
2018	974
8863	975
900	976
4487	977
322	978
6305	979
94	980
1504	981
1012	982
1564	983
3686	984
4172	985
7173	986
820	987
2363	988
7782	989
7846	990
7401	991
8322	992
7095	993
2242	994
8843	995
5292	996
970	997
4423	998
97	999
5319	1000
347	1001
113	1002
5140	1003
510	1004
8369	1005
8819	1006
3873	1007
8424	1008
5473	1009
5923	1010
5422	1011
8698	1012
4557	1013
8419	1014
1177	1015
5536	1016
6343	1017
7125	1018
1413	1019
1087	1020
4289	1021
838	1022
7670	1023
4687	1024
7439	1025
1378	1026
3009	1027
6634	1028
6183	1029
3398	1030
6169	1031
6520	1032
2665	1033
5054	1034
8185	1035
2724	1036
4875	1037
515	1038
1796	1039
2567	1040
1654	1041
8653	1042
1365	1043
1309	1044
4018	1045
277	1046
8396	1047
4258	1048
4166	1049
6892	1050
5793	1051
1316	1052
742	1053
8508	1054
8735	1055
4566	1056
538	1057
542	1058
3794	1059
2261	1060
8461	1061
2457	1062
1834	1063
4651	1064
2392	1065
615	1066
5743	1067
361	1068
4126	1069
193	1070
6788	1071
334	1072
6624	1073
463	1074
1925	1075
2135	1076
5668	1077
3766	1078
7970	1079
7263	1080
1678	1081
7139	1082
3746	1083
6787	1084
8394	1085
4620	1086
7460	1087
30	1088
125	1089
1580	1090
2821	1091
4029	1092
390	1093
4594	1094
3918	1095
6177	1096
1838	1097
286	1098
5546	1099
2618	1100
3449	1101
8634	1102
8281	1103
4697	1104
6386	1105
3027	1106
19	1107
1573	1108
674	1109
7362	1110
2377	1111
5066	1112
3674	1113
2529	1114
6781	1115
4954	1116
1209	1117
6047	1118
2685	1119
1115	1120
5692	1121
342	1122
4963	1123
4688	1124
1464	1125
8957	1126
7241	1127
5380	1128
4725	1129
1242	1130
5617	1131
3360	1132
2311	1133
331	1134
6511	1135
3461	1136
8190	1137
7774	1138
4484	1139
365	1140
8877	1141
8745	1142
5654	1143
3185	1144
6692	1145
6056	1146
7865	1147
6421	1148
3340	1149
4965	1150
4246	1151
833	1152
8922	1153
4275	1154
2896	1155
8640	1156
574	1157
1620	1158
1208	1159
1458	1160
5137	1161
855	1162
5732	1163
577	1164
4276	1165
7640	1166
131	1167
6316	1168
2075	1169
4481	1170
92	1171
5898	1172
7134	1173
386	1174
8386	1175
5925	1176
11	1177
7655	1178
3355	1179
3310	1180
862	1181
5450	1182
6271	1183
7778	1184
1496	1185
4533	1186
1355	1187
5666	1188
6962	1189
5851	1190
2927	1191
7562	1192
7051	1193
7885	1194
4827	1195
6576	1196
1435	1197
7458	1198
5369	1199
8070	1200
2320	1201
293	1202
1176	1203
6145	1204
309	1205
3580	1206
541	1207
6340	1208
379	1209
176	1210
3227	1211
1254	1212
391	1213
6404	1214
732	1215
3230	1216
668	1217
1342	1218
7166	1219
4376	1220
8376	1221
3506	1222
511	1223
1651	1224
3404	1225
2349	1226
8270	1227
1247	1228
7710	1229
273	1230
8441	1231
5239	1232
8277	1233
6728	1234
916	1235
492	1236
381	1237
8084	1238
6337	1239
1282	1240
3150	1241
5577	1242
2885	1243
3551	1244
3304	1245
3098	1246
7749	1247
710	1248
6354	1249
5370	1250
905	1251
5282	1252
8810	1253
5967	1254
8448	1255
5249	1256
4141	1257
568	1258
469	1259
2258	1260
4750	1261
7287	1262
8938	1263
6422	1264
8055	1265
1440	1266
715	1267
8133	1268
659	1269
7222	1270
3244	1271
518	1272
5626	1273
341	1274
7423	1275
7367	1276
7487	1277
4627	1278
8381	1279
4008	1280
7256	1281
3604	1282
835	1283
6832	1284
2316	1285
636	1286
570	1287
5987	1288
473	1289
6643	1290
5271	1291
8897	1292
219	1293
8864	1294
8423	1295
5847	1296
922	1297
8629	1298
8080	1299
6980	1300
8402	1301
2859	1302
1163	1303
4399	1304
2063	1305
2655	1306
2579	1307
5621	1308
2867	1309
1810	1310
718	1311
6398	1312
8442	1313
4490	1314
8197	1315
2698	1316
3472	1317
2145	1318
2062	1319
827	1320
267	1321
481	1322
4637	1323
338	1324
5484	1325
8817	1326
4096	1327
6461	1328
4518	1329
6526	1330
7132	1331
256	1332
948	1333
6394	1334
6983	1335
457	1336
7491	1337
3494	1338
690	1339
6566	1340
3796	1341
8682	1342
6547	1343
8511	1344
2658	1345
8921	1346
4979	1347
6936	1348
1974	1349
4415	1350
8869	1351
8868	1352
5787	1353
2586	1354
86	1355
3289	1356
8183	1357
3991	1358
817	1359
3401	1360
6663	1361
3259	1362
4379	1363
876	1364
5996	1365
5014	1366
4446	1367
6262	1368
3678	1369
3368	1370
666	1371
99	1372
750	1373
5411	1374
1034	1375
8590	1376
5590	1377
6545	1378
1909	1379
827	1380
5223	1381
145	1382
6462	1383
5338	1384
6114	1385
598	1386
1073	1387
5756	1388
5285	1389
248	1390
6280	1391
5171	1392
2122	1393
20	1394
829	1395
8905	1396
200	1397
275	1398
8471	1399
1725	1400
1911	1401
874	1402
2416	1403
6295	1404
4715	1405
34	1406
7550	1407
680	1408
3462	1409
4756	1410
8641	1411
1536	1412
4	1413
3965	1414
3247	1415
8812	1416
4355	1417
1538	1418
3182	1419
5855	1420
8866	1421
7045	1422
4980	1423
4367	1424
5148	1425
8389	1426
3336	1427
3934	1428
3109	1429
83	1430
3537	1431
5235	1432
335	1433
4560	1434
8378	1435
5153	1436
4324	1437
5465	1438
478	1439
3488	1440
2307	1441
2963	1442
1339	1443
2738	1444
709	1445
91	1446
805	1447
5630	1448
6509	1449
3402	1450
1843	1451
5837	1452
5601	1453
6760	1454
3042	1455
8071	1456
7848	1457
4331	1458
891	1459
5151	1460
3026	1461
1766	1462
3960	1463
6320	1464
6558	1465
1699	1466
6338	1467
6090	1468
147	1469
7392	1470
1867	1471
8940	1472
5533	1473
1118	1474
3005	1475
6413	1476
4645	1477
5236	1478
268	1479
64	1480
143	1481
1138	1482
7934	1483
321	1484
1004	1485
5867	1486
3883	1487
7511	1488
1551	1489
7923	1490
706	1491
5070	1492
4669	1493
1668	1494
913	1495
8295	1496
7898	1497
3660	1498
2469	1499
122	1500
181	1501
7501	1502
4458	1503
2206	1504
7636	1505
4065	1506
8427	1507
8772	1508
6282	1509
260	1510
5928	1511
8263	1512
5534	1513
7538	1514
19	1515
283	1516
92	1517
7862	1518
4284	1519
194	1520
8104	1521
7676	1522
6548	1523
5345	1524
4068	1525
5746	1526
6866	1527
984	1528
8770	1529
2325	1530
7058	1531
7221	1532
1509	1533
47	1534
4717	1535
1089	1536
1287	1537
4772	1538
8245	1539
8418	1540
6685	1541
487	1542
4859	1543
2538	1544
5969	1545
5775	1546
2568	1547
1056	1548
5835	1549
32	1550
1856	1551
504	1552
8291	1553
8158	1554
1552	1555
5022	1556
8495	1557
3961	1558
7195	1559
2917	1560
7288	1561
6385	1562
8253	1563
2181	1564
745	1565
2483	1566
4082	1567
6159	1568
14	1569
3988	1570
1708	1571
159	1572
5764	1573
8097	1574
5406	1575
7237	1576
7913	1577
282	1578
5970	1579
1255	1580
4776	1581
5421	1582
5093	1583
4199	1584
5911	1585
5172	1586
372	1587
5883	1588
7595	1589
8283	1590
669	1591
7679	1592
6349	1593
3113	1594
5304	1595
6107	1596
5913	1597
5856	1598
290	1599
4699	1600
138	1601
4115	1602
7705	1603
6835	1604
1489	1605
2800	1606
3236	1607
342	1608
7106	1609
7089	1610
1022	1611
450	1612
406	1613
7581	1614
53	1615
7974	1616
7570	1617
6751	1618
7035	1619
8586	1620
6393	1621
351	1622
6281	1623
3128	1624
6370	1625
6198	1626
1018	1627
7170	1628
5765	1629
5383	1630
5330	1631
3362	1632
2066	1633
5823	1634
8575	1635
6820	1636
2624	1637
3312	1638
1002	1639
6666	1640
6938	1641
7408	1642
1451	1643
2757	1644
6564	1645
8858	1646
1130	1647
7825	1648
4261	1649
7066	1650
4183	1651
2506	1652
8796	1653
7787	1654
8941	1655
4510	1656
5749	1657
6424	1658
4344	1659
2382	1660
6894	1661
5347	1662
1021	1663
2687	1664
762	1665
5499	1666
8319	1667
2810	1668
8516	1669
8364	1670
2044	1671
3493	1672
3651	1673
8811	1674
5938	1675
4106	1676
1685	1677
6515	1678
5708	1679
8613	1680
3364	1681
4930	1682
312	1683
7415	1684
6948	1685
3726	1686
2952	1687
3830	1688
3523	1689
6290	1690
29	1691
768	1692
8076	1693
6678	1694
8622	1695
3292	1696
6917	1697
1959	1698
5974	1699
4522	1700
1008	1701
3357	1702
5740	1703
5786	1704
7478	1705
1929	1706
7498	1707
4033	1708
7028	1709
4073	1710
5322	1711
1191	1712
8528	1713
2557	1714
6528	1715
781	1716
8663	1717
1154	1718
4046	1719
7828	1720
1664	1721
3921	1722
1745	1723
294	1724
8917	1725
393	1726
3037	1727
7078	1728
2621	1729
1535	1730
3081	1731
4274	1732
1026	1733
7641	1734
6480	1735
5209	1736
2329	1737
6375	1738
4343	1739
1147	1740
4233	1741
136	1742
8570	1743
4555	1744
6601	1745
8588	1746
738	1747
1196	1748
1566	1749
8443	1750
3872	1751
3808	1752
859	1753
808	1754
439	1755
4335	1756
2930	1757
1832	1758
5739	1759
6101	1760
4309	1761
6580	1762
404	1763
4471	1764
992	1765
1404	1766
4167	1767
6190	1768
1011	1769
7831	1770
3970	1771
209	1772
2905	1773
6458	1774
7136	1775
4970	1776
7949	1777
953	1778
4127	1779
3195	1780
6117	1781
2902	1782
6786	1783
3017	1784
425	1785
1857	1786
5674	1787
6838	1788
2131	1789
1032	1790
315	1791
2854	1792
5179	1793
63	1794
8103	1795
1714	1796
3721	1797
2215	1798
8238	1799
2639	1800
8137	1801
3239	1802
3888	1803
89	1804
3914	1805
884	1806
5771	1807
8382	1808
546	1809
5433	1810
2779	1811
7733	1812
693	1813
7566	1814
178	1815
1020	1816
5108	1817
2449	1818
299	1819
7436	1820
7130	1821
6484	1822
2494	1823
4537	1824
2415	1825
517	1826
6284	1827
169	1828
3058	1829
1783	1830
4285	1831
366	1832
3923	1833
5653	1834
8475	1835
4310	1836
882	1837
7946	1838
3540	1839
2281	1840
272	1841
5905	1842
3432	1843
8795	1844
458	1845
529	1846
2234	1847
1312	1848
92	1849
4205	1850
3811	1851
5097	1852
8756	1853
1397	1854
113	1855
6191	1856
5290	1857
8959	1858
4658	1859
8600	1860
4579	1861
8477	1862
8233	1863
5107	1864
7893	1865
8225	1866
1665	1867
4241	1868
2475	1869
1278	1870
5645	1871
5941	1872
291	1873
566	1874
7252	1875
6221	1876
6590	1877
880	1878
3565	1879
6287	1880
2207	1881
1188	1882
3089	1883
5429	1884
177	1885
2218	1886
2816	1887
3451	1888
6937	1889
7512	1890
193	1891
4971	1892
7929	1893
2453	1894
6756	1895
3077	1896
1684	1897
904	1898
4995	1899
1777	1900
1068	1901
2144	1902
8131	1903
1187	1904
6471	1905
4103	1906
6292	1907
1472	1908
2597	1909
4661	1910
6826	1911
1555	1912
6662	1913
8167	1914
132	1915
1939	1916
3936	1917
120	1918
5288	1919
5208	1920
494	1921
4943	1922
8506	1923
8420	1924
793	1925
448	1926
8944	1927
5827	1928
1520	1929
5336	1930
2045	1931
169	1932
1835	1933
1039	1934
7258	1935
8631	1936
5721	1937
1427	1938
697	1939
888	1940
7304	1941
63	1942
3578	1943
7480	1944
4708	1945
6180	1946
5126	1947
370	1948
7099	1949
4864	1950
79	1951
1947	1952
1357	1953
2276	1954
251	1955
8259	1956
8192	1957
1815	1958
6255	1959
694	1960
242	1961
6769	1962
2439	1963
1715	1964
8538	1965
787	1966
4250	1967
5034	1968
7215	1969
4010	1970
442	1971
5456	1972
7777	1973
5848	1974
3530	1975
5527	1976
3950	1977
1648	1978
3073	1979
8965	1980
2484	1981
2317	1982
7521	1983
4746	1984
3941	1985
523	1986
1447	1987
7903	1988
6205	1989
1970	1990
20	1991
7347	1992
3315	1993
7494	1994
2770	1995
201	1996
6141	1997
787	1998
8447	1999
3698	2000
1426	2001
4124	2002
1019	2003
6619	2004
4302	2005
8273	2006
5182	2007
9	2008
744	2009
8605	2010
1585	2011
7999	2012
805	2013
398	2014
1137	2015
7675	2016
6686	2017
326	2018
5791	2019
6914	2020
4187	2021
5602	2022
4337	2023
2663	2024
3413	2025
7296	2026
82	2027
7522	2028
3902	2029
8888	2030
2689	2031
7936	2032
8140	2033
1672	2034
3145	2035
716	2036
7090	2037
8317	2038
6701	2039
6175	2040
7358	2041
4668	2042
8688	2043
5404	2044
4024	2045
1469	2046
3912	2047
7073	2048
297	2049
7412	2050
6770	2051
4504	2052
5615	2053
3588	2054
530	2055
109	2056
4854	2057
2441	2058
1201	2059
7419	2060
8193	2061
5	2062
3456	2063
572	2064
7459	2065
5077	2066
262	2067
1608	2068
1701	2069
453	2070
5040	2071
2683	2072
4143	2073
7433	2074
4207	2075
8426	2076
8532	2077
6186	2078
7789	2079
4882	2080
5838	2081
8723	2082
5096	2083
7683	2084
4803	2085
7738	2086
4585	2087
97	2088
4288	2089
474	2090
2274	2091
1570	2092
967	2093
1348	2094
1647	2095
1820	2096
8455	2097
2784	2098
3541	2099
430	2100
3353	2101
864	2102
6552	2103
532	2104
5321	2105
4150	2106
5165	2107
661	2108
5308	2109
4626	2110
1273	2111
7430	2112
201	2113
470	2114
6640	2115
4988	2116
4866	2117
1987	2118
2858	2119
5045	2120
8639	2121
2410	2122
399	2123
560	2124
6054	2125
724	2126
6174	2127
2200	2128
2676	2129
5221	2130
1960	2131
7163	2132
1248	2133
1127	2134
7711	2135
440	2136
4186	2137
5683	2138
934	2139
3271	2140
5068	2141
1951	2142
3878	2143
7904	2144
8467	2145
246	2146
5691	2147
4432	2148
4435	2149
160	2150
1335	2151
339	2152
8686	2153
3052	2154
3974	2155
5725	2156
5074	2157
6392	2158
681	2159
6568	2160
6097	2161
2729	2162
8867	2163
4508	2164
775	2165
5878	2166
7440	2167
2480	2168
4630	2169
8752	2170
395	2171
1361	2172
7475	2173
5664	2174
5498	2175
5000	2176
2238	2177
8476	2178
55	2179
7755	2180
3140	2181
2643	2182
8794	2183
4323	2184
3825	2185
6596	2186
3056	2187
5515	2188
8908	2189
378	2190
4277	2191
486	2192
8774	2193
38	2194
149	2195
5160	2196
42	2197
1945	2198
8902	2199
7688	2200
355	2201
2881	2202
409	2203
4231	2204
1436	2205
8738	2206
9	2207
5360	2208
8948	2209
3417	2210
763	2211
7174	2212
7592	2213
8775	2214
8499	2215
122	2216
6578	2217
477	2218
4907	2219
2622	2220
4911	2221
4903	2222
555	2223
2482	2224
2024	2225
4659	2226
3860	2227
3750	2228
2286	2229
8492	2230
7517	2231
2104	2232
2381	2233
3321	2234
6113	2235
4679	2236
5927	2237
4351	2238
8701	2239
4093	2240
1294	2241
2864	2242
2451	2243
2015	2244
2042	2245
2662	2246
4338	2247
8181	2248
4631	2249
5469	2250
8145	2251
4771	2252
4701	2253
8670	2254
1653	2255
7307	2256
3108	2257
7699	2258
2254	2259
5673	2260
6395	2261
1382	2262
126	2263
1505	2264
66	2265
7091	2266
1548	2267
4916	2268
5917	2269
627	2270
8797	2271
502	2272
5192	2273
5092	2274
4829	2275
7103	2276
244	2277
4249	2278
360	2279
1203	2280
2343	2281
4931	2282
279	2283
2608	2284
182	2285
3656	2286
8883	2287
1336	2288
8954	2289
1466	2290
6779	2291
1327	2292
1366	2293
266	2294
6342	2295
2026	2296
4893	2297
2564	2298
2880	2299
573	2300
7838	2301
4898	2302
2635	2303
6758	2304
4100	2305
4097	2306
7703	2307
172	2308
3690	2309
190	2310
3225	2311
7031	2312
8710	2313
8021	2314
1051	2315
3407	2316
5545	2317
334	2318
8621	2319
4313	2320
7991	2321
13	2322
1877	2323
1232	2324
6873	2325
4117	2326
384	2327
8123	2328
651	2329
8160	2330
8517	2331
5803	2332
7434	2333
7431	2334
2555	2335
7924	2336
818	2337
6187	2338
7119	2339
40	2340
6735	2341
5581	2342
4741	2343
877	2344
3403	2345
3819	2346
2300	2347
7957	2348
57	2349
2489	2350
2405	2351
5553	2352
2360	2353
8904	2354
3039	2355
2833	2356
4222	2357
4845	2358
3570	2359
7244	2360
6720	2361
8004	2362
5642	2363
887	2364
1461	2365
467	2366
8625	2367
260	2368
4548	2369
3907	2370
4026	2371
5410	2372
7233	2373
1190	2374
1006	2375
8454	2376
828	2377
4992	2378
3763	2379
7781	2380
6749	2381
3487	2382
2534	2383
8895	2384
8800	2385
3124	2386
839	2387
7671	2388
5215	2389
6638	2390
3125	2391
7297	2392
1807	2393
4541	2394
806	2395
4303	2396
1729	2397
2195	2398
8784	2399
1958	2400
354	2401
723	2402
7911	2403
1015	2404
8179	2405
5567	2406
2047	2407
5019	2408
3366	2409
3822	2410
1607	2411
2330	2412
8659	2413
3793	2414
4736	2415
7074	2416
3679	2417
262	2418
234	2419
6537	2420
1441	2421
5947	2422
7002	2423
7117	2424
7236	2425
8718	2426
2371	2427
6082	2428
752	2429
2823	2430
8096	2431
4137	2432
611	2433
415	2434
578	2435
3057	2436
5250	2437
8623	2438
2798	2439
8111	2440
1220	2441
713	2442
1217	2443
3772	2444
2117	2445
5260	2446
8009	2447
1374	2448
7418	2449
786	2450
1643	2451
8204	2452
3190	2453
197	2454
49	2455
2715	2456
4704	2457
4112	2458
5184	2459
3253	2460
7057	2461
2353	2462
2522	2463
1257	2464
6278	2465
191	2466
164	2467
2834	2468
6988	2469
4635	2470
263	2471
70	2472
3887	2473
3433	2474
134	2475
4467	2476
630	2477
3749	2478
4237	2479
6382	2480
875	2481
658	2482
758	2483
870	2484
5509	2485
3842	2486
4051	2487
5607	2488
2184	2489
4006	2490
2825	2491
1025	2492
700	2493
1698	2494
7548	2495
5591	2496
1212	2497
661	2498
8001	2499
890	2500
7788	2501
6539	2502
1532	2503
6752	2504
7561	2505
5675	2506
8361	2507
514	2508
7546	2509
4164	2510
8409	2511
2937	2512
610	2513
5539	2514
5265	2515
3080	2516
401	2517
3473	2518
27	2519
139	2520
217	2521
1102	2522
5063	2523
215	2524
537	2525
84	2526
6369	2527
2284	2528
859	2529
5375	2530
4724	2531
4757	2532
7235	2533
7505	2534
5688	2535
3618	2536
2157	2537
720	2538
1639	2539
5181	2540
4387	2541
5616	2542
8329	2543
408	2544
1601	2545
7768	2546
459	2547
7549	2548
3303	2549
5079	2550
433	2551
5009	2552
2148	2553
3745	2554
4700	2555
8129	2556
3666	2557
2872	2558
1325	2559
5859	2560
7203	2561
5950	2562
5522	2563
5864	2564
3087	2565
7154	2566
1848	2567
6027	2568
7445	2569
70	2570
8078	2571
2081	2572
6447	2573
7312	2574
7228	2575
1594	2576
2097	2577
3156	2578
618	2579
420	2580
5358	2581
782	2582
5882	2583
7114	2584
2783	2585
6022	2586
605	2587
6667	2588
2699	2589
4549	2590
1033	2591
868	2592
4623	2593
8278	2594
4642	2595
4765	2596
3160	2597
3641	2598
2332	2599
6	2600
734	2601
3392	2602
7976	2603
3133	2604
8121	2605
8052	2606
7088	2607
5681	2608
3911	2609
3831	2610
8602	2611
426	2612
889	2613
3122	2614
7191	2615
596	2616
3480	2617
6331	2618
621	2619
4030	2620
1070	2621
5199	2622
6674	2623
4607	2624
3264	2625
348	2626
7268	2627
6302	2628
72	2629
2303	2630
8271	2631
1363	2632
6476	2633
7615	2634
7426	2635
4572	2636
1610	2637
595	2638
203	2639
8064	2640
644	2641
7993	2642
42	2643
2208	2644
380	2645
4616	2646
7529	2647
3733	2648
7687	2649
343	2650
7493	2651
6277	2652
5797	2653
6457	2654
12	2655
5279	2656
6821	2657
3615	2658
7319	2659
7761	2660
8964	2661
4320	2662
5716	2663
7930	2664
8674	2665
45	2666
3854	2667
790	2668
1759	2669
4406	2670
8806	2671
6681	2672
3267	2673
3320	2674
1567	2675
6862	2676
6433	2677
4914	2678
3521	2679
1821	2680
2754	2681
3212	2682
5866	2683
197	2684
5129	2685
3381	2686
7872	2687
6973	2688
4190	2689
892	2690
7888	2691
506	2692
424	2693
444	2694
785	2695
1712	2696
2143	2697
6399	2698
7159	2699
3383	2700
6376	2701
4928	2702
3012	2703
7536	2704
628	2705
5318	2706
2071	2707
8604	2708
4569	2709
5168	2710
7575	2711
7880	2712
8403	2713
5311	2714
5985	2715
8504	2716
5769	2717
4040	2718
8219	2719
6365	2720
242	2721
8489	2722
4156	2723
6188	2724
438	2725
1872	2726
7298	2727
8013	2728
596	2729
8119	2730
82	2731
4538	2732
3795	2733
391	2734
2598	2735
1912	2736
1024	2737
4346	2738
5136	2739
5083	2740
7269	2741
4149	2742
368	2743
3742	2744
4308	2745
7594	2746
848	2747
1836	2748
5903	2749
3910	2750
5280	2751
7740	2752
6844	2753
4869	2754
252	2755
4015	2756
8365	2757
5897	2758
2447	2759
8619	2760
5251	2761
7980	2762
3626	2763
8139	2764
4934	2765
7844	2766
8207	2767
6266	2768
3760	2769
1455	2770
3165	2771
166	2772
4999	2773
3967	2774
5921	2775
4152	2776
4437	2777
7206	2778
1541	2779
55	2780
3940	2781
676	2782
1292	2783
4383	2784
198	2785
2951	2786
8026	2787
2653	2788
4731	2789
28	2790
8535	2791
8007	2792
446	2793
927	2794
3953	2795
1656	2796
1764	2797
8240	2798
3613	2799
3954	2800
2741	2801
5872	2802
1043	2803
858	2804
3302	2805
428	2806
4358	2807
345	2808
7600	2809
3482	2810
6675	2811
7534	2812
6617	2813
5031	2814
1768	2815
5742	2816
241	2817
6226	2818
4711	2819
3208	2820
5385	2821
528	2822
1453	2823
3787	2824
5924	2825
1527	2826
5497	2827
221	2828
1506	2829
2060	2830
4176	2831
4020	2832
3563	2833
1897	2834
6797	2835
3564	2836
3716	2837
7772	2838
6989	2839
3509	2840
1615	2841
7680	2842
8581	2843
4945	2844
5188	2845
2928	2846
1471	2847
2334	2848
5714	2849
6068	2850
3313	2851
6134	2852
3426	2853
7502	2854
675	2855
1180	2856
917	2857
8432	2858
822	2859
2014	2860
3345	2861
8450	2862
4900	2863
7927	2864
6730	2865
8943	2866
95	2867
2260	2868
460	2869
7985	2870
8856	2871
7606	2872
4755	2873
474	2874
2585	2875
5177	2876
609	2877
8667	2878
3400	2879
1770	2880
4071	2881
3769	2882
7178	2883
6911	2884
7447	2885
1565	2886
600	2887
8033	2888
1609	2889
7470	2890
4361	2891
7368	2892
712	2893
5229	2894
801	2895
4514	2896
6348	2897
2043	2898
6693	2899
5853	2900
7689	2901
8689	2902
3788	2903
5589	2904
3202	2905
1686	2906
2076	2907
353	2908
8552	2909
1474	2910
14	2911
154	2912
3198	2913
5268	2914
7834	2915
6801	2916
6140	2917
3422	2918
6650	2919
6243	2920
4417	2921
1990	2922
1300	2923
888	2924
5364	2925
4311	2926
8074	2927
6085	2928
7531	2929
5173	2930
8460	2931
951	2932
3311	2933
1492	2934
276	2935
5760	2936
7871	2937
1663	2938
8911	2939
6023	2940
381	2941
5701	2942
7356	2943
7937	2944
1381	2945
5915	2946
1113	2947
4291	2948
1454	2949
2962	2950
5149	2951
799	2952
725	2953
7533	2954
2601	2955
1135	2956
7248	2957
4189	2958
217	2959
592	2960
7518	2961
6806	2962
81	2963
8729	2964
1896	2965
4330	2966
3650	2967
452	2968
1331	2969
382	2970
6761	2971
6240	2972
5030	2973
8525	2974
1473	2975
4463	2976
8780	2977
1887	2978
1976	2979
3229	2980
7118	2981
51	2982
563	2983
582	2984
3779	2985
411	2986
5648	2987
4545	2988
4787	2989
1501	2990
1111	2991
7299	2992
6263	2993
5702	2994
8592	2995
4539	2996
3235	2997
1649	2998
4306	2999
6181	3000
7669	3001
8393	3002
3369	3003
7349	3004
415	3005
83	3006
4	3007
4266	3008
3869	3009
443	3010
1491	3011
6636	3012
1879	3013
4147	3014
172	3015
4377	3016
7897	3017
7285	3018
7483	3019
7496	3020
2501	3021
1622	3022
208	3023
2731	3024
495	3025
573	3026
7204	3027
876	3028
4528	3029
2700	3030
2835	3031
3243	3032
1635	3033
4761	3034
6387	3035
1162	3036
441	3037
52	3038
2642	3039
1955	3040
6819	3041
4802	3042
7563	3043
1702	3044
3981	3045
1010	3046
6707	3047
2141	3048
3818	3049
7011	3050
4718	3051
863	3052
4633	3053
2017	3054
5998	3055
7715	3056
821	3057
3144	3058
1149	3059
7908	3060
1944	3061
1787	3062
5125	3063
4132	3064
7331	3065
2945	3066
6993	3067
5658	3068
867	3069
8742	3070
1830	3071
4211	3072
1563	3073
567	3074
7626	3075
7363	3076
5167	3077
8555	3078
6276	3079
8660	3080
2127	3081
3065	3082
5017	3083
7279	3084
320	3085
7230	3086
5464	3087
1098	3088
504	3089
5598	3090
2879	3091
6075	3092
4984	3093
623	3094
4713	3095
7835	3096
2229	3097
2736	3098
8176	3099
4895	3100
2498	3101
8011	3102
6322	3103
3682	3104
5886	3105
8276	3106
1120	3107
8147	3108
7948	3109
6252	3110
4805	3111
586	3112
2582	3113
299	3114
4130	3115
426	3116
559	3117
2987	3118
5432	3119
2897	3120
2633	3121
2443	3122
6998	3123
7345	3124
3849	3125
4267	3126
6549	3127
3300	3128
76	3129
6319	3130
3850	3131
5733	3132
2560	3133
2577	3134
694	3135
8645	3136
2852	3137
2064	3138
3131	3139
8807	3140
47	3141
4778	3142
2909	3143
2009	3144
2771	3145
4401	3146
4254	3147
933	3148
5202	3149
6002	3150
1539	3151
5745	3152
8672	3153
157	3154
5442	3155
363	3156
1849	3157
478	3158
8918	3159
8336	3160
6632	3161
4443	3162
356	3163
2454	3164
7413	3165
3092	3166
6633	3167
7808	3168
4069	3169
3050	3170
7229	3171
730	3172
8847	3173
8594	3174
6898	3175
135	3176
1943	3177
5896	3178
3627	3179
7466	3180
5200	3181
8759	3182
8458	3183
59	3184
1683	3185
2669	3186
6293	3187
6261	3188
4410	3189
1576	3190
1387	3191
8155	3192
7599	3193
7108	3194
2572	3195
8349	3196
6479	3197
5487	3198
5185	3199
599	3200
832	3201
845	3202
3771	3203
5069	3204
6881	3205
2911	3206
6704	3207
2348	3208
11	3209
3744	3210
811	3211
6569	3212
7701	3213
938	3214
2553	3215
8305	3216
8142	3217
4428	3218
6401	3219
295	3220
3406	3221
344	3222
3016	3223
7588	3224
5822	3225
8563	3226
5868	3227
4263	3228
870	3229
5703	3230
7341	3231
753	3232
711	3233
1380	3234
6325	3235
6586	3236
7884	3237
8377	3238
2059	3239
6131	3240
580	3241
6207	3242
5667	3243
6011	3244
62	3245
7086	3246
3958	3247
2755	3248
8056	3249
2887	3250
5560	3251
311	3252
755	3253
6510	3254
5939	3255
1446	3256
6920	3257
1994	3258
4229	3259
51	3260
8208	3261
4913	3262
307	3263
5407	3264
6842	3265
5424	3266
2008	3267
5663	3268
1781	3269
3245	3270
4145	3271
3646	3272
7391	3273
1636	3274
3374	3275
6981	3276
3820	3277
1528	3278
7402	3279
3307	3280
5661	3281
1519	3282
76	3283
1964	3284
468	3285
210	3286
8337	3287
7686	3288
4433	3289
7175	3290
5973	3291
4228	3292
7508	3293
251	3294
3000	3295
6355	3296
2237	3297
772	3298
7342	3299
3177	3300
8172	3301
157	3302
6003	3303
8766	3304
8809	3305
6211	3306
2180	3307
3234	3308
5430	3309
3717	3310
3549	3311
1942	3312
5916	3313
4353	3314
1784	3315
4235	3316
7316	3317
6400	3318
3554	3319
8048	3320
267	3321
7410	3322
5166	3323
570	3324
2327	3325
6294	3326
1544	3327
4449	3328
90	3329
4120	3330
5459	3331
4104	3332
234	3333
1499	3334
1417	3335
6485	3336
6215	3337
658	3338
6446	3339
5660	3340
5547	3341
804	3342
29	3343
630	3344
7621	3345
2077	3346
318	3347
1261	3348
67	3349
2241	3350
2697	3351
2799	3352
5662	3353
215	3354
737	3355
6108	3356
705	3357
6919	3358
4209	3359
4	3360
3619	3361
642	3362
985	3363
7799	3364
7696	3365
4140	3366
2322	3367
2933	3368
289	3369
6622	3370
207	3371
179	3372
5549	3373
650	3374
3116	3375
499	3376
8616	3377
2219	3378
3790	3379
7273	3380
5767	3381
7752	3382
3614	3383
6954	3384
5103	3385
4807	3386
1623	3387
269	3388
6489	3389
352	3390
4593	3391
5929	3392
5544	3393
7979	3394
5412	3395
1228	3396
211	3397
84	3398
3751	3399
6861	3400
8392	3401
2347	3402
4571	3403
6235	3404
929	3405
6135	3406
3688	3407
1705	3408
375	3409
8769	3410
5570	3411
2610	3412
7746	3413
1270	3414
5593	3415
6660	3416
559	3417
6	3418
6335	3419
6144	3420
7176	3421
5899	3422
3695	3423
8803	3424
4244	3425
1806	3426
6926	3427
5439	3428
612	3429
1356	3430
8002	3431
4038	3432
2244	3433
670	3434
1295	3435
847	3436
5644	3437
534	3438
4768	3439
4116	3440
4181	3441
2517	3442
279	3443
5958	3444
7309	3445
1579	3446
5568	3447
5386	3448
352	3449
414	3450
2508	3451
7395	3452
5231	3453
2309	3454
8383	3455
8783	3456
4366	3457
1793	3458
8733	3459
7321	3460
5862	3461
5535	3462
7200	3463
3845	3464
4948	3465
5980	3466
2903	3467
780	3468
3	3469
2328	3470
5669	3471
4197	3472
3183	3473
8287	3474
8512	3475
7866	3476
7656	3477
8503	3478
3897	3479
6364	3480
3008	3481
2	3482
7988	3483
5890	3484
52	3485
8154	3486
7771	3487
4044	3488
4910	3489
7565	3490
3707	3491
878	3492
8265	3493
7223	3494
6099	3495
3001	3496
5965	3497
3839	3498
4215	3499
2362	3500
5518	3501
3840	3502
3622	3503
241	3504
7246	3505
5754	3506
8644	3507
4634	3508
8889	3509
272	3510
772	3511
607	3512
7585	3513
8761	3514
6505	3515
3956	3516
8058	3517
2168	3518
5854	3519
1465	3520
2337	3521
5894	3522
7573	3523
1333	3524
7305	3525
965	3526
5960	3527
6380	3528
588	3529
3181	3530
1919	3531
5117	3532
93	3533
1164	3534
7577	3535
422	3536
265	3537
7702	3538
701	3539
2497	3540
5963	3541
3631	3542
8510	3543
8690	3544
6127	3545
357	3546
3465	3547
68	3548
4472	3549
7468	3550
4852	3551
4375	3552
2551	3553
1216	3554
2756	3555
947	3556
192	3557
423	3558
6378	3559
8569	3560
2185	3561
3761	3562
6445	3563
617	3564
7507	3565
2996	3566
6877	3567
1003	3568
783	3569
3396	3570
7819	3571
6291	3572
3060	3573
1513	3574
7984	3575
6782	3576
4297	3577
8541	3578
1616	3579
218	3580
73	3581
7482	3582
7660	3583
682	3584
41	3585
5561	3586
146	3587
4411	3588
4402	3589
1318	3590
728	3591
4299	3592
5945	3593
767	3594
5521	3595
8050	3596
412	3597
2693	3598
766	3599
871	3600
8328	3601
400	3602
535	3603
8919	3604
920	3605
3630	3606
722	3607
2573	3608
2848	3609
3645	3610
7201	3611
3070	3612
110	3613
1151	3614
273	3615
1762	3616
643	3617
7040	3618
7425	3619
1780	3620
3046	3621
5146	3622
8464	3623
7543	3624
2442	3625
3711	3626
6951	3627
1029	3628
4492	3629
924	3630
403	3631
7704	3632
2201	3633
410	3634
637	3635
4735	3636
4583	3637
4973	3638
7239	3639
4239	3640
6460	3641
557	3642
6999	3643
7210	3644
1439	3645
5990	3646
69	3647
1769	3648
3129	3649
4378	3650
3963	3651
3427	3652
5007	3653
7618	3654
7359	3655
8459	3656
5504	3657
8736	3658
8874	3659
5049	3660
2804	3661
17	3662
2294	3663
545	3664
138	3665
832	3666
7437	3667
3996	3668
608	3669
2524	3670
1181	3671
6746	3672
6161	3673
1748	3674
5471	3675
1266	3676
7	3677
127	3678
5971	3679
803	3680
46	3681
2545	3682
2422	3683
8474	3684
830	3685
3467	3686
4370	3687
5694	3688
221	3689
1983	3690
8519	3691
1758	3692
1174	3693
7928	3694
7140	3695
1750	3696
4595	3697
1722	3698
5100	3699
3132	3700
2984	3701
8626	3702
6673	3703
6582	3704
4371	3705
3339	3706
392	3707
6063	3708
8673	3709
336	3710
3785	3711
781	3712
6038	3713
1874	3714
6452	3715
6007	3716
4981	3717
846	3718
565	3719
2554	3720
2315	3721
2359	3722
5053	3723
878	3724
3901	3725
5620	3726
4673	3727
6139	3728
5628	3729
1277	3730
886	3731
5075	3732
2474	3733
6160	3734
6084	3735
8737	3736
8130	3737
3920	3738
4680	3739
1495	3740
807	3741
7883	3742
4245	3743
737	3744
754	3745
6807	3746
6158	3747
99	3748
7692	3749
4794	3750
8315	3751
5651	3752
5952	3753
3924	3754
3723	3755
6286	3756
6045	3757
1738	3758
7598	3759
599	3760
1457	3761
4904	3762
1880	3763
4921	3764
1782	3765
2149	3766
5513	3767
7105	3768
1510	3769
8351	3770
5709	3771
4709	3772
7385	3773
704	3774
1480	3775
470	3776
211	3777
93	3778
257	3779
3979	3780
1673	3781
3895	3782
2830	3783
3836	3784
3031	3785
1410	3786
6301	3787
2943	3788
4905	3789
202	3790
47	3791
583	3792
3611	3793
8557	3794
3287	3795
1952	3796
2907	3797
3696	3798
842	3799
8609	3800
3985	3801
3546	3802
2118	3803
4878	3804
7644	3805
961	3806
1215	3807
2614	3808
6743	3809
3023	3810
8343	3811
2562	3812
3713	3813
324	3814
5131	3815
54	3816
8716	3817
5344	3818
4369	3819
2256	3820
2801	3821
959	3822
204	3823
6371	3824
3327	3825
8297	3826
6072	3827
5193	3828
3096	3829
2	3830
4389	3831
792	3832
3647	3833
7411	3834
4269	3835
295	3836
879	3837
3728	3838
4058	3839
89	3840
2797	3841
6941	3842
5312	3843
7370	3844
4109	3845
593	3846
5680	3847
4434	3848
5494	3849
340	3850
2766	3851
6119	3852
6945	3853
8306	3854
3435	3855
7560	3856
6748	3857
3516	3858
3545	3859
4938	3860
1516	3861
5788	3862
7918	3863
450	3864
4788	3865
548	3866
7290	3867
7160	3868
1512	3869
4811	3870
4027	3871
8054	3872
384	3873
708	3874
6900	3875
5839	3876
2580	3877
1751	3878
6019	3879
2216	3880
553	3881
3758	3882
6065	3883
5955	3884
5076	3885
8162	3886
7786	3887
1864	3888
6154	3889
3233	3890
7128	3891
1106	3892
7152	3893
3452	3894
3373	3895
679	3896
1655	3897
4925	3898
4388	3899
303	3900
1966	3901
8350	3902
1692	3903
1847	3904
800	3905
6026	3906
325	3907
7523	3908
4264	3909
398	3910
7251	3911
7026	3912
877	3913
7857	3914
3955	3915
8505	3916
2877	3917
3935	3918
773	3919
402	3920
2245	3921
2762	3922
8484	3923
8494	3924
7186	3925
4226	3926
8470	3927
5841	3928
5576	3929
8069	3930
8112	3931
2594	3932
497	3933
8323	3934
899	3935
5357	3936
507	3937
3389	3938
5361	3939
3536	3940
2318	3941
1773	3942
8537	3943
2630	3944
2272	3945
8636	3946
4728	3947
4049	3948
783	3949
1182	3950
146	3951
2399	3952
812	3953
8095	3954
4160	3955
2028	3956
2815	3957
1828	3958
4105	3959
8429	3960
3114	3961
3812	3962
420	3963
365	3964
7955	3965
6584	3966
4809	3967
8915	3968
660	3969
80	3970
8412	3971
3806	3972
8159	3973
3526	3974
3896	3975
2674	3976
3325	3977
71	3978
7295	3979
5566	3980
1554	3981
2632	3982
4785	3983
7317	3984
6864	3985
2022	3986
6853	3987
4017	3988
7986	3989
6775	3990
4547	3991
6210	3992
8554	3993
2138	3994
3520	3995
779	3996
7429	3997
106	3998
2760	3999
6957	4000
3049	4001
6504	4002
558	4003
1910	4004
8274	4005
5198	4006
3508	4007
679	4008
7181	4009
5135	4010
5191	4011
106	4012
6112	4013
1755	4014
148	4015
3946	4016
592	4017
539	4018
1350	4019
5041	4020
1031	4021
932	4022
38	4023
4282	4024
6910	4025
1515	4026
389	4027
3756	4028
4325	4029
2919	4030
8777	4031
2280	4032
5	4033
6978	4034
606	4035
8438	4036
4535	4037
4657	4038
5145	4039
3511	4040
3276	4041
918	4042
3824	4043
3833	4044
736	4045
1271	4046
681	4047
7039	4048
5141	4049
1674	4050
4975	4051
3616	4052
6029	4053
7899	4054
4858	4055
7133	4056
2163	4057
3171	4058
7994	4059
5954	4060
1534	4061
6785	4062
8079	4063
8963	4064
8196	4065
1400	4066
1680	4067
301	4068
8239	4069
4605	4070
4142	4071
689	4072
8890	4073
2092	4074
5573	4075
1084	4076
6540	4077
4198	4078
3379	4079
3206	4080
2732	4081
6696	4082
1463	4083
1641	4084
908	4085
2805	4086
6602	4087
6676	4088
6204	4089
1358	4090
2420	4091
4174	4092
6592	4093
675	4094
3197	4095
2485	4096
8108	4097
142	4098
4723	4099
5943	4100
3838	4101
5350	4102
2121	4103
7303	4104
2717	4105
238	4106
50	4107
5574	4108
1900	4109
3730	4110
8318	4111
5492	4112
61	4113
5378	4114
2602	4115
7054	4116
7217	4117
2124	4118
7722	4119
5572	4120
4418	4121
114	4122
6909	4123
5237	4124
6703	4125
333	4126
2091	4127
8699	4128
7122	4129
5324	4130
8313	4131
2444	4132
14	4133
5759	4134
7643	4135
6418	4136
6963	4137
6802	4138
5842	4139
6985	4140
3976	4141
2893	4142
646	4143
8170	4144
40	4145
3870	4146
7339	4147
5155	4148
3147	4149
386	4150
8408	4151
3319	4152
903	4153
4828	4154
7541	4155
856	4156
5698	4157
8728	4158
2232	4159
186	4160
857	4161
2644	4162
6854	4163
2445	4164
5481	4165
3926	4166
17	4167
2753	4168
471	4169
4662	4170
361	4171
8932	4172
7202	4173
431	4174
660	4175
946	4176
154	4177
1779	4178
2466	4179
5183	4180
4722	4181
4412	4182
1657	4183
5259	4184
5846	4185
3084	4186
174	4187
2940	4188
3370	4189
5320	4190
7060	4191
2358	4192
2844	4193
6202	4194
5881	4195
699	4196
5216	4197
5978	4198
7873	4199
4032	4200
8726	4201
3036	4202
4505	4203
6927	4204
1522	4205
63	4206
8514	4207
3689	4208
8132	4209
7537	4210
8355	4211
2725	4212
3927	4213
2468	4214
8907	4215
4440	4216
3706	4217
3652	4218
5	4219
7631	4220
2752	4221
3484	4222
1265	4223
2518	4224
1193	4225
3062	4226
577	4227
8668	4228
975	4229
5143	4230
6588	4231
7205	4232
8788	4233
5507	4234
6470	4235
5196	4236
5865	4237
8725	4238
2539	4239
3216	4240
6163	4241
722	4242
8650	4243
4444	4244
3375	4245
6799	4246
5359	4247
5843	4248
6599	4249
1981	4250
2383	4251
796	4252
153	4253
3539	4254
4414	4255
7642	4256
7405	4257
1052	4258
1584	4259
1949	4260
1590	4261
4279	4262
3166	4263
6792	4264
600	4265
6565	4266
3269	4267
517	4268
8816	4269
7524	4270
436	4271
4099	4272
3341	4273
8496	4274
3875	4275
6863	4276
4398	4277
6357	4278
2680	4279
4941	4280
6953	4281
4839	4282
6925	4283
4786	4284
2314	4285
604	4286
4613	4287
466	4288
8257	4289
1628	4290
60	4291
3562	4292
6428	4293
4523	4294
4453	4295
7465	4296
2295	4297
2120	4298
7817	4299
8028	4300
7364	4301
1251	4302
5012	4303
7473	4304
1589	4305
347	4306
3409	4307
7724	4308
71	4309
1207	4310
4054	4311
2345	4312
8399	4313
80	4314
4178	4315
5372	4316
6969	4317
4182	4318
1157	4319
3862	4320
4400	4321
1156	4322
2849	4323
6878	4324
3110	4325
3356	4326
6546	4327
311	4328
125	4329
4365	4330
5831	4331
69	4332
6899	4333
8712	4334
635	4335
583	4336
8202	4337
7451	4338
1276	4339
721	4340
5064	4341
770	4342
575	4343
3187	4344
760	4345
6310	4346
3581	4347
2376	4348
5441	4349
816	4350
167	4351
8886	4352
6976	4353
5723	4354
7384	4355
6367	4356
8031	4357
2571	4358
7850	4359
1078	4360
7374	4361
8550	4362
2696	4363
5912	4364
4494	4365
7742	4366
8696	4367
6234	4368
3155	4369
3481	4370
902	4371
2011	4372
7000	4373
6350	4374
6374	4375
19	4376
266	4377
6729	4378
3891	4379
3765	4380
2552	4381
2890	4382
2906	4383
8534	4384
4690	4385
1063	4386
1280	4387
246	4388
5267	4389
553	4390
8449	4391
1252	4392
4767	4393
210	4394
8117	4395
3241	4396
4512	4397
1691	4398
6033	4399
6440	4400
522	4401
1338	4402
6272	4403
7509	4404
1299	4405
5115	4406
6724	4407
290	4408
3010	4409
5116	4410
6867	4411
435	4412
4138	4413
4966	4414
707	4415
7486	4416
597	4417
5720	4418
5232	4419
3603	4420
467	4421
7809	4422
1202	4423
5726	4424
7814	4425
633	4426
4982	4427
1418	4428
7197	4429
6172	4430
3718	4431
6745	4432
1727	4433
322	4434
44	4435
4744	4436
873	4437
1286	4438
3470	4439
144	4440
8407	4441
3533	4442
5342	4443
4745	4444
2177	4445
7792	4446
5039	4447
3658	4448
6554	4449
3261	4450
777	4451
4386	4452
330	4453
409	4454
5201	4455
6946	4456
7355	4457
4551	4458
2969	4459
2913	4460
2647	4461
4316	4462
3469	4463
7840	4464
68	4465
439	4466
8444	4467
5071	4468
2915	4469
4919	4470
6772	4471
3030	4472
5387	4473
437	4474
4926	4475
8292	4476
6486	4477
1109	4478
8657	4479
7551	4480
5608	4481
2882	4482
6058	4483
1916	4484
489	4485
7472	4486
1317	4487
790	4488
483	4489
3429	4490
4419	4491
6439	4492
8815	4493
841	4494
170	4495
8498	4496
3598	4497
6010	4498
7886	4499
8576	4500
232	4501
4439	4502
556	4503
7620	4504
622	4505
2929	4506
6629	4507
2641	4508
4841	4509
2726	4510
2342	4511
3913	4512
4628	4513
8298	4514
23	4515
464	4516
4397	4517
993	4518
8035	4519
861	4520
3739	4521
8493	4522
430	4523
171	4524
4148	4525
3013	4526
7882	4527
8428	4528
2794	4529
8126	4530
8120	4531
860	4532
998	4533
6507	4534
833	4535
7967	4536
1644	4537
3700	4538
5818	4539
6501	4540
1507	4541
8366	4542
5538	4543
3592	4544
3021	4545
4321	4546
2991	4547
3273	4548
6455	4549
4185	4550
5906	4551
7137	4552
3866	4553
3731	4554
185	4555
2051	4556
1197	4557
498	4558
4958	4559
3597	4560
8862	4561
839	4562
13	4563
3434	4564
849	4565
5529	4566
3184	4567
442	4568
4396	4569
191	4570
3496	4571
7092	4572
4780	4573
551	4574
323	4575
2973	4576
672	4577
5596	4578
1302	4579
5004	4580
2162	4581
3450	4582
484	4583
2278	4584
7337	4585
324	4586
7723	4587
765	4588
1550	4589
3596	4590
6094	4591
8371	4592
4917	4593
6550	4594
591	4595
274	4596
4719	4597
4342	4598
3522	4599
569	4600
828	4601
8261	4602
5120	4603
4114	4604
7763	4605
3868	4606
7889	4607
7325	4608
588	4609
5210	4610
459	4611
5640	4612
3148	4613
1007	4614
5302	4615
123	4616
5396	4617
8872	4618
5094	4619
8933	4620
5379	4621
6502	4622
2016	4623
3800	4624
3915	4625
2559	4626
6710	4627
1290	4628
1313	4629
116	4630
638	4631
7584	4632
697	4633
321	4634
70	4635
6431	4636
544	4637
5281	4638
6967	4639
892	4640
315	4641
173	4642
100	4643
3282	4644
699	4645
2182	4646
2637	4647
7142	4648
480	4649
6015	4650
7141	4651
7278	4652
2980	4653
5717	4654
2152	4655
3053	4656
50	4657
1574	4658
1433	4659
6996	4660
8321	4661
885	4662
488	4663
2113	4664
8739	4665
8598	4666
1321	4667
6025	4668
7320	4669
580	4670
5122	4671
4088	4672
4610	4673
5519	4674
2199	4675
5426	4676
4800	4677
4357	4678
4507	4679
1016	4680
1660	4681
808	4682
78	4683
7608	4684
7605	4685
5059	4686
7351	4687
6581	4688
455	4689
6327	4690
3885	4691
3329	4692
2892	4693
6475	4694
721	4695
8250	4696
8786	4697
682	4698
4348	4699
3764	4700
1752	4701
7042	4702
1219	4703
8859	4704
7389	4705
1049	4706
684	4707
76	4708
7915	4709
4863	4710
746	4711
6352	4712
8218	4713
1720	4714
8439	4715
5705	4716
4438	4717
4570	4718
1875	4719
7097	4720
2967	4721
5416	4722
1392	4723
5306	4724
5409	4725
5352	4726
66	4727
4003	4728
8642	4729
3859	4730
1420	4731
713	4732
7113	4733
228	4734
437	4735
435	4736
4946	4737
2112	4738
8692	4739
774	4740
8334	4741
5381	4742
228	4743
5341	4744
2003	4745
5999	4746
2946	4747
1927	4748
6224	4749
7801	4750
7021	4751
7310	4752
625	4753
3316	4754
815	4755
8106	4756
5794	4757
4598	4758
110	4759
4023	4760
8802	4761
33	4762
4813	4763
653	4764
982	4765
6115	4766
4426	4767
1632	4768
4743	4769
2856	4770
3670	4771
2386	4772
3446	4773
6571	4774
1831	4775
288	4776
4964	4777
632	4778
6908	4779
6250	4780
7653	4781
3055	4782
2165	4783
7764	4784
533	4785
111	4786
896	4787
6574	4788
4721	4789
2993	4790
2863	4791
4462	4792
7469	4793
940	4794
5918	4795
5222	4796
49	4797
6232	4798
766	4799
8174	4800
220	4801
2031	4802
2827	4803
6613	4804
6747	4805
3933	4806
666	4807
22	4808
5944	4809
1804	4810
5652	4811
6849	4812
5605	4813
7968	4814
3567	4815
2970	4816
2417	4817
779	4818
3916	4819
8122	4820
1953	4821
655	4822
245	4823
5228	4824
3173	4825
6031	4826
1126	4827
4710	4828
440	4829
1721	4830
1160	4831
8125	4832
3297	4833
6035	4834
903	4835
175	4836
1482	4837
4089	4838
3018	4839
3387	4840
4298	4841
362	4842
1583	4843
3610	4844
18	4845
638	4846
6358	4847
3649	4848
5353	4849
4511	4850
8763	4851
4420	4852
6935	4853
4129	4854
7247	4855
6315	4856
1246	4857
3221	4858
1846	4859
512	4860
5920	4861
1631	4862
362	4863
79	4864
3134	4865
3624	4866
8837	4867
2591	4868
3676	4869
6928	4870
4056	4871
2455	4872
651	4873
5112	4874
7452	4875
7648	4876
3475	4877
6713	4878
18	4879
41	4880
5413	4881
2886	4882
5033	4883
3971	4884
7329	4885
424	4886
5832	4887
2288	4888
944	4889
5446	4890
402	4891
2361	4892
958	4893
7832	4894
3045	4895
43	4896
3555	4897
7116	4898
5255	4899
6921	4900
5226	4901
5540	4902
7869	4903
2000	4904
293	4905
7794	4906
3848	4907
4703	4908
4886	4909
2968	4910
4656	4911
2041	4912
4526	4913
6170	4914
1606	4915
2818	4916
2099	4917
8090	4918
8571	4919
7574	4920
1989	4921
8144	4922
7383	4923
5408	4924
7769	4925
5718	4926
99	4927
1284	4928
5810	4929
639	4930
6895	4931
6551	4932
4460	4933
1866	4934
612	4935
8290	4936
8362	4937
4385	4938
2391	4939
6612	4940
2502	4941
2547	4942
2948	4943
5314	4944
6759	4945
8367	4946
3558	4947
4195	4948
5516	4949
1467	4950
214	4951
1170	4952
2626	4953
1973	4954
6651	4955
4322	4956
4445	4957
7879	4958
258	4959
3579	4960
8168	4961
173	4962
5218	4963
562	4964
1785	4965
5139	4966
1938	4967
7461	4968
2390	4969
558	4970
5763	4971
1612	4972
319	4973
649	4974
1199	4975
7939	4976
6829	4977
4457	4978
2171	4979
432	4980
1819	4981
7121	4982
1362	4983
8457	4984
8	4985
2566	4986
1253	4987
6312	4988
3437	4989
6110	4990
335	4991
1978	4992
5323	4993
7647	4994
1588	4995
3298	4996
7855	4997
4892	4998
8931	4999
2695	5000
5195	5001
5785	5002
8057	5003
8216	5004
3474	5005
3100	5006
4043	5007
7527	5008
7282	5009
4838	5010
1402	5011
1825	5012
501	5013
4110	5014
7253	5015
4871	5016
4292	5017
7770	5018
6064	5019
65	5020
4519	5021
4158	5022
2190	5023
7954	5024
760	5025
220	5026
647	5027
1621	5028
7265	5029
7326	5030
4171	5031
1406	5032
1	5033
392	5034
2385	5035
8539	5036
6020	5037
8027	5038
966	5039
8005	5040
4074	5041
118	5042
2486	5043
1150	5044
2023	5045
6879	5046
2175	5047
3101	5048
3483	5049
1119	5050
3827	5051
3851	5052
604	5053
5270	5054
8081	5055
6664	5056
6321	5057
8768	5058
7158	5059
371	5060
6620	5061
4935	5062
7115	5063
5269	5064
4452	5065
4163	5066
8440	5067
2067	5068
1932	5069
2007	5070
996	5071
516	5072
3834	5073
7969	5074
3294	5075
3633	5076
7732	5077
3893	5078
39	5079
7820	5080
6053	5081
1733	5082
143	5083
1884	5084
852	5085
5050	5086
5828	5087
3908	5088
1980	5089
3677	5090
881	5091
2820	5092
7870	5093
7856	5094
8792	5095
8513	5096
2914	5097
3228	5098
3683	5099
3535	5100
5293	5101
6009	5102
56	5103
505	5104
7471	5105
7340	5106
4503	5107
3543	5108
2495	5109
2576	5110
2438	5111
1009	5112
4861	5113
44	5114
8279	5115
7905	5116
3424	5117
7015	5118
4654	5119
6609	5120
727	5121
4949	5122
2604	5123
5067	5124
3104	5125
5335	5126
6087	5127
7520	5128
1161	5129
911	5130
3394	5131
1131	5132
96	5133
5326	5134
2305	5135
5032	5136
280	5137
897	5138
6811	5139
5134	5140
1352	5141
8497	5142
2846	5143
3093	5144
540	5145
7645	5146
5858	5147
1434	5148
3003	5149
25	5150
1353	5151
5227	5152
6420	5153
8417	5154
5377	5155
5586	5156
897	5157
7189	5158
312	5159
8898	5160
7526	5161
7245	5162
3281	5163
898	5164
1558	5165
2842	5166
3813	5167
396	5168
2688	5169
6698	5170
4764	5171
2809	5172
2616	5173
8618	5174
3586	5175
1405	5176
5452	5177
2711	5178
8578	5179
8643	5180
2354	5181
6478	5182
124	5183
3561	5184
5979	5185
5057	5186
4391	5187
746	5188
893	5189
1675	5190
595	5191
515	5192
853	5193
2678	5194
364	5195
7992	5196
5820	5197
4792	5198
2126	5199
7616	5200
5951	5201
2222	5202
3798	5203
3238	5204
7853	5205
4319	5206
5367	5207
1241	5208
2959	5209
329	5210
895	5211
2160	5212
7324	5213
838	5214
141	5215
1956	5216
6553	5217
6702	5218
179	5219
7638	5220
6032	5221
5234	5222
1264	5223
1754	5224
8199	5225
7995	5226
758	5227
8615	5228
5783	5229
7098	5230
4326	5231
6314	5232
5159	5233
719	5234
2979	5235
542	5236
2851	5237
2378	5238
663	5239
4136	5240
2503	5241
4693	5242
8275	5243
1687	5244
7111	5245
2648	5246
6791	5247
6538	5248
3154	5249
608	5250
5910	5251
1890	5252
4740	5253
8548	5254
4501	5255
8254	5256
6519	5257
521	5258
7695	5259
3376	5260
3724	5261
3072	5262
192	5263
8255	5264
117	5265
2983	5266
7146	5267
7630	5268
101	5269
771	5270
5291	5271
134	5272
5448	5273
8466	5274
5081	5275
623	5276
503	5277
8502	5278
1736	5279
4525	5280
6587	5281
4	5282
495	5283
561	5284
5510	5285
463	5286
548	5287
8876	5288
1728	5289
1206	5290
8014	5291
3283	5292
4108	5293
7004	5294
3121	5295
8638	5296
794	5297
6353	5298
6245	5299
8348	5300
3063	5301
7420	5302
1477	5303
3858	5304
6615	5305
298	5306
2499	5307
6977	5308
98	5309
6143	5310
1293	5311
8085	5312
2740	5313
1306	5314
2574	5315
818	5316
2170	5317
8515	5318
2709	5319
823	5320
8135	5321
7612	5322
216	5323
7513	5324
2531	5325
145	5326
37	5327
3115	5328
4000	5329
6556	5330
3477	5331
7659	5332
3153	5333
5976	5334
1844	5335
4224	5336
285	5337
6442	5338
129	5339
3752	5340
8684	5341
4052	5342
5003	5343
5830	5344
8453	5345
135	5346
5356	5347
2664	5348
8861	5349
2769	5350
4430	5351
7920	5352
6719	5353
2512	5354
1740	5355
8191	5356
3019	5357
314	5358
8771	5359
784	5360
8485	5361
1123	5362
7083	5363
2012	5364
3608	5365
6071	5366
8500	5367
6328	5368
2832	5369
801	5370
6249	5371
6006	5372
7709	5373
2638	5374
8109	5375
6482	5376
7276	5377
5782	5378
724	5379
5700	5380
3994	5381
6138	5382
3192	5383
3937	5384
8740	5385
8373	5386
3671	5387
500	5388
5368	5389
461	5390
6513	5391
8169	5392
3322	5393
5768	5394
3886	5395
96	5396
3980	5397
7041	5398
2765	5399
576	5400
6303	5401
5814	5402
7978	5403
1894	5404
2606	5405
2340	5406
6192	5407
8107	5408
4748	5409
8411	5410
1968	5411
166	5412
346	5413
1604	5414
751	5415
575	5416
8134	5417
3602	5418
791	5419
7519	5420
1081	5421
4407	5422
374	5423
662	5424
3067	5425
3715	5426
8894	5427
8683	5428
2228	5429
153	5430
1719	5431
7112	5432
2013	5433
4121	5434
4804	5435
5402	5436
4516	5437
6593	5438
8301	5439
3127	5440
4004	5441
3814	5442
8824	5443
32	5444
590	5445
663	5446
8251	5447
413	5448
4640	5449
6427	5450
292	5451
12	5452
21	5453
292	5454
4887	5455
3639	5456
4779	5457
318	5458
3043	5459
7907	5460
8751	5461
2588	5462
4107	5463
296	5464
4079	5465
5860	5466
8092	5467
7143	5468
5789	5469
6669	5470
7758	5471
989	5472
3905	5473
4146	5474
6970	5475
4799	5476
4940	5477
2292	5478
2964	5479
5415	5480
3064	5481
923	5482
4834	5483
2565	5484
8151	5485
899	5486
6336	5487
1076	5488
7947	5489
939	5490
6625	5491
372	5492
749	5493
1409	5494
7107	5495
915	5496
7467	5497
5672	5498
8345	5499
7730	5500
3755	5501
7421	5502
1860	5503
8114	5504
8309	5505
751	5506
1129	5507
2939	5508
2040	5509
5098	5510
590	5511
162	5512
1428	5513
6341	5514
533	5515
387	5516
1107	5517
2053	5518
6808	5519
3594	5520
6595	5521
7151	5522
7277	5523
1334	5524
1067	5525
2790	5526
3553	5527
1341	5528
137	5529
4063	5530
5679	5531
7266	5532
2389	5533
8501	5534
2701	5535
5542	5536
1800	5537
3408	5538
1726	5539
13	5540
3871	5541
6088	5542
2613	5543
2525	5544
8814	5545
786	5546
619	5547
419	5548
5908	5549
8410	5550
2419	5551
8801	5552
5508	5553
729	5554
1926	5555
4648	5556
205	5557
4131	5558
4102	5559
11	5560
7847	5561
3524	5562
4356	5563
2247	5564
6297	5565
4087	5566
3593	5567
3685	5568
5110	5569
7712	5570
4602	5571
6062	5572
1323	5573
3444	5574
451	5575
7894	5576
3491	5577
3922	5578
7837	5579
7167	5580
323	5581
7131	5582
4883	5583
5710	5584
732	5585
2611	5586
8846	5587
2285	5588
8781	5589
5503	5590
4390	5591
6762	5592
5719	5593
2073	5594
1760	5595
2150	5596
4947	5597
8955	5598
1345	5599
848	5600
1175	5601
3372	5602
2402	5603
2036	5604
8405	5605
5472	5606
3591	5607
2868	5608
4749	5609
1314	5610
2240	5611
253	5612
624	5613
3919	5614
551	5615
2	5616
425	5617
8304	5618
4753	5619
4368	5620
491	5621
3781	5622
5808	5623
427	5624
11	5625
2467	5626
4036	5627
1599	5628
159	5629
1907	5630
5334	5631
1354	5632
4153	5633
4836	5634
1659	5635
2049	5636
4429	5637
346	5638
8655	5639
1452	5640
6508	5641
3382	5642
164	5643
416	5644
687	5645
6567	5646
6503	5647
297	5648
3568	5649
1898	5650
2583	5651
5819	5652
7515	5653
6579	5654
8764	5655
3989	5656
524	5657
8215	5658
462	5659
469	5660
3237	5661
208	5662
1103	5663
3219	5664
6533	5665
7077	5666
2196	5667
3890	5668
3515	5669
6456	5670
7667	5671
7023	5672
792	5673
3990	5674
2634	5675
1935	5676
4960	5677
777	5678
472	5679
8924	5680
4318	5681
1060	5682
2153	5683
3139	5684
200	5685
6559	5686
8522	5687
6426	5688
4832	5689
5399	5690
7775	5691
6771	5692
3471	5693
4066	5694
7463	5695
247	5696
3323	5697
7876	5698
4918	5699
5632	5700
2035	5701
6834	5702
2871	5703
506	5704
1050	5705
6	5706
16	5707
8445	5708
5496	5709
2681	5710
1972	5711
1121	5712
7972	5713
7811	5714
7766	5715
6694	5716
5909	5717
2931	5718
7532	5719
2078	5720
5583	5721
1061	5722
576	5723
4729	5724
5592	5725
1028	5726
4851	5727
5207	5728
569	5729
5212	5730
6197	5731
6304	5732
95	5733
671	5734
2532	5735
6384	5736
61	5737
684	5738
1233	5739
406	5740
1984	5741
3431	5742
6236	5743
6083	5744
7603	5745
5435	5746
7300	5747
942	5748
8040	5749
594	5750
3497	5751
3295	5752
6931	5753
739	5754
7628	5755
671	5756
7443	5757
3903	5758
8542	5759
7966	5760
8840	5761
3137	5762
8041	5763
4070	5764
417	5765
8326	5766
8799	5767
7	5768
6734	5769
2456	5770
5755	5771
4155	5772
174	5773
6474	5774
8153	5775
4544	5776
1185	5777
7874	5778
6238	5779
4095	5780
30	5781
2509	5782
4170	5783
2898	5784
7027	5785
3600	5786
3877	5787
5366	5788
1600	5789
587	5790
1710	5791
6289	5792
5919	5793
2519	5794
2507	5795
7728	5796
2922	5797
3809	5798
2734	5799
526	5800
1888	5801
654	5802
607	5803
615	5804
434	5805
3054	5806
7596	5807
1940	5808
254	5809
3346	5810
1236	5811
2703	5812
5037	5813
4340	5814
7694	5815
4837	5816
3801	5817
809	5818
869	5819
5968	5820
351	5821
6067	5822
6124	5823
3552	5824
375	5825
7990	5826
644	5827
3349	5828
3170	5829
3574	5830
7308	5831
5132	5832
4576	5833
6668	5834
3220	5835
513	5836
6796	5837
7372	5838
7380	5839
4459	5840
824	5841
2335	5842
5138	5843
5104	5844
4364	5845
6971	5846
116	5847
1462	5848
729	5849
4705	5850
6903	5851
8436	5852
7805	5853
8289	5854
5463	5855
8635	5856
2578	5857
3291	5858
3044	5859
1239	5860
4580	5861
508	5862
2193	5863
2088	5864
5455	5865
2977	5866
1904	5867
6598	5868
112	5869
1652	5870
12	5871
8016	5872
2488	5873
2290	5874
1931	5875
7061	5876
6299	5877
865	5878
453	5879
6495	5880
4281	5881
788	5882
3410	5883
4816	5884
3573	5885
7068	5886
5551	5887
6827	5888
617	5889
3	5890
4470	5891
4002	5892
4997	5893
1734	5894
4360	5895
7219	5896
1613	5897
1448	5898
8808	5899
2065	5900
8601	5901
1560	5902
8311	5903
4644	5904
458	5905
7854	5906
4314	5907
8776	5908
20	5909
4672	5910
180	5911
1865	5912
844	5913
247	5914
6708	5915
4959	5916
3514	5917
345	5918
74	5919
4747	5920
98	5921
8753	5922
6430	5923
4766	5924
456	5925
3525	5926
1795	5927
8173	5928
2268	5929
7729	5930
3288	5931
6165	5932
8727	5933
8521	5934
4464	5935
128	5936
647	5937
7267	5938
2704	5939
8388	5940
8749	5941
1998	5942
3061	5943
7208	5944
8865	5945
6213	5946
5869	5947
1837	5948
6589	5949
3492	5950
259	5951
4969	5952
7815	5953
5263	5954
5298	5955
2691	5956
7878	5957
8871	5958
672	5959
8956	5960
8662	5961
2233	5962
33	5963
6257	5964
6157	5965
7578	5966
7931	5967
896	5968
1283	5969
429	5970
300	5971
4455	5972
124	5973
744	5974
1842	5975
2236	5976
8789	5977
4077	5978
4867	5979
3847	5980
7500	5981
921	5982
3823	5983
4978	5984
3489	5985
4042	5986
6744	5987
6803	5988
2728	5989
6208	5990
768	5991
3168	5992
5802	5993
8913	5994
3146	5995
8793	5996
7238	5997
7333	5998
8693	5999
3324	6000
4012	6001
8818	6002
6652	6003
4059	6004
5295	6005
330	6006
6934	6007
7049	6008
8760	6009
1569	6010
591	6011
3200	6012
8527	6013
5246	6014
673	6015
3151	6016
4304	6017
2002	6018
390	6019
5253	6020
5956	6021
4665	6022
2085	6023
3423	6024
8435	6025
7185	6026
834	6027
2609	6028
6726	6029
355	6030
8596	6031
508	6032
3	6033
310	6034
3944	6035
5180	6036
3548	6037
1747	6038
196	6039
8927	6040
6929	6041
882	6042
2450	6043
2226	6044
2299	6045
1969	6046
7343	6047
3786	6048
3844	6049
168	6050
2471	6051
601	6052
4639	6053
4090	6054
581	6055
8687	6056
715	6057
245	6058
337	6059
107	6060
8356	6061
1235	6062
825	6063
6635	6064
7161	6065
4425	6066
2966	6067
4873	6068
3704	6069
3280	6070
3246	6071
1562	6072
3729	6073
5989	6074
6242	6075
4372	6076
6407	6077
6196	6078
1646	6079
2414	6080
3162	6081
3032	6082
8545	6083
4210	6084
1637	6085
3962	6086
907	6087
685	6088
4552	6089
2425	6090
7183	6091
2857	6092
2432	6093
1225	6094
2452	6095
7587	6096
7504	6097
8073	6098
6776	6099
2338	6100
7259	6101
4815	6102
6850	6103
5164	6104
1071	6105
5977	6106
5362	6107
1401	6108
5922	6109
2521	6110
7449	6111
6984	6112
6836	6113
7997	6114
2869	6115
5305	6116
4810	6117
4157	6118
7055	6119
1210	6120
1892	6121
2619	6122
1592	6123
1581	6124
7892	6125
1112	6126
2982	6127
1811	6128
6813	6129
5773	6130
6356	6131
4540	6132
8	6133
1250	6134
7075	6135
736	6136
3975	6137
121	6138
6496	6139
7006	6140
7567	6141
1344	6142
4872	6143
3665	6144
77	6145
1789	6146
5085	6147
69	6148
2039	6149
1211	6150
804	6151
1920	6152
8627	6153
4684	6154
6491	6155
7135	6156
4473	6157
930	6158
2768	6159
5190	6160
7891	6161
7516	6162
5061	6163
689	6164
5355	6165
3079	6166
8100	6167
5296	6168
995	6169
3542	6170
5194	6171
532	6172
142	6173
1303	6174
1419	6175
4454	6176
873	6177
2767	6178
6199	6179
8731	6180
8746	6181
6429	6182
8236	6183
6490	6184
6516	6185
1183	6186
3846	6187
8065	6188
4994	6189
383	6190
1245	6191
3377	6192
875	6193
5631	6194
669	6195
7841	6196
6711	6197
6848	6198
356	6199
5483	6200
7016	6201
3640	6202
3585	6203
1753	6204
2487	6205
3575	6206
4347	6207
526	6208
314	6209
36	6210
8831	6211
1761	6212
7981	6213
501	6214
5600	6215
7330	6216
4894	6217
5737	6218
2889	6219
6004	6220
8832	6221
7721	6222
3194	6223
3204	6224
8599	6225
1388	6226
2424	6227
5730	6228
1671	6229
6529	6230
807	6231
7084	6232
1895	6233
4213	6234
3333	6235
8805	6236
3359	6237
2746	6238
140	6239
8200	6240
7579	6241
3090	6242
4493	6243
5449	6244
2476	6245
5931	6246
8822	6247
1373	6248
7388	6249
7069	6250
5425	6251
77	6252
8791	6253
8303	6254
6672	6255
5238	6256
5541	6257
2581	6258
7207	6259
350	6260
71	6261
8252	6262
7	6263
6148	6264
3702	6265
1771	6266
5685	6267
2550	6268
2850	6269
1963	6270
1260	6271
1324	6272
3207	6273
5420	6274
6133	6275
8717	6276
1085	6277
3712	6278
8945	6279
4515	6280
7568	6281
2089	6282
5062	6283
5558	6284
6621	6285
2173	6286
6212	6287
2807	6288
5594	6289
316	6290
6618	6291
126	6292
1407	6293
3365	6294
2944	6295
4846	6296
24	6297
8820	6298
7950	6299
460	6300
1967	6301
4568	6302
6415	6303
7713	6304
8734	6305
1707	6306
6882	6307
2873	6308
6201	6309
5811	6310
4180	6311
4769	6312
894	6313
7302	6314
2593	6315
2640	6316
7813	6317
2500	6318
4712	6319
4447	6320
543	6321
1431	6322
8705	6323
5313	6324
2095	6325
6443	6326
5119	6327
2331	6328
4862	6329
8320	6330
5885	6331
8293	6332
954	6333
6521	6334
3011	6335
6246	6336
2107	6337
249	6338
634	6339
3636	6340
6506	6341
104	6342
3995	6343
5588	6344
619	6345
8551	6346
2257	6347
274	6348
2923	6349
5224	6350
525	6351
1274	6352
6852	6353
476	6354
5266	6355
4219	6356
2661	6357
8184	6358
3734	6359
373	6360
91	6361
4332	6362
1125	6363
8741	6364
2870	6365
6039	6366
7953	6367
5086	6368
87	6369
3388	6370
6311	6371
714	6372
5995	6373
1918	6374
4280	6375
4381	6376
178	6377
8533	6378
1790	6379
1069	6380
691	6381
1167	6382
5091	6383
7462	6384
4047	6385
3816	6386
4564	6387
7861	6388
4286	6389
683	6390
1142	6391
4646	6392
2692	6393
1941	6394
6637	6395
338	6396
6231	6397
3663	6398
2470	6399
7535	6400
7553	6401
6379	6402
6483	6403
5048	6404
5825	6405
6466	6406
637	6407
8556	6408
4506	6409
8909	6410
8331	6411
5774	6412
4606	6413
7070	6414
2620	6415
1741	6416
3164	6417
5220	6418
4252	6419
5609	6420
8574	6421
5552	6422
3997	6423
3784	6424
5844	6425
4442	6426
692	6427
4636	6428
6487	6429
6130	6430
6630	6431
6105	6432
3557	6433
5966	6434
349	6435
6890	6436
3086	6437
4853	6438
6874	6439
282	6440
7542	6441
1598	6442
277	6443
8526	6444
8669	6445
2259	6446
926	6447
1037	6448
1423	6449
8346	6450
1490	6451
4622	6452
7184	6453
40	6454
5178	6455
261	6456
4394	6457
6961	6458
972	6459
8284	6460
8849	6461
4667	6462
7958	6463
4840	6464
7829	6465
5988	6466
5248	6467
1858	6468
4739	6469
5870	6470
3391	6471
88	6472
8946	6473
820	6474
3832	6475
2403	6476
6318	6477
755	6478
3628	6479
3738	6480
8230	6481
7169	6482
1979	6483
4534	6484
8879	6485
3068	6486
3880	6487
8677	6488
2668	6489
2774	6490
232	6491
733	6492
6555	6493
5027	6494
2048	6495
8479	6496
5550	6497
3123	6498
6229	6499
2491	6500
8060	6501
1057	6502
6326	6503
1934	6504
8685	6505
176	6506
5458	6507
3332	6508
7022	6509
1263	6510
4881	6511
5813	6512
4824	6513
5557	6514
4220	6515
3684	6516
2473	6517
6185	6518
5447	6519
111	6520
5986	6521
2374	6522
3040	6523
8892	6524
3968	6525
1845	6526
6642	6527
7196	6528
7952	6529
230	6530
4624	6531
5599	6532
963	6533
5926	6534
7804	6535
6307	6536
7001	6537
6904	6538
2186	6539
7912	6540
957	6541
2137	6542
2995	6543
7250	6544
5466	6545
4714	6546
8478	6547
23	6548
3550	6549
2747	6550
3393	6551
4041	6552
333	6553
7479	6554
5394	6555
2277	6556
5753	6557
5587	6558
6152	6559
3066	6560
6809	6561
3457	6562
528	6563
8875	6564
7038	6565
2068	6566
7779	6567
4469	6568
6968	6569
2287	6570
6329	6571
7590	6572
7457	6573
6991	6574
6987	6575
38	6576
537	6577
2154	6578
6913	6579
4122	6580
2645	6581
8950	6582
7776	6583
8585	6584
5163	6585
6408	6586
56	6587
914	6588
8823	6589
2109	6590
8246	6591
6995	6592
5762	6593
846	6594
8885	6595
3252	6596
46	6597
909	6598
7311	6599
881	6600
7780	6601
5850	6602
1442	6603
3881	6604
4161	6605
1971	6606
5595	6607
7998	6608
156	6609
1171	6610
1962	6611
6194	6612
8150	6613
8344	6614
1088	6615
4737	6616
2596	6617
8077	6618
4942	6619
1905	6620
8136	6621
5090	6622
3094	6623
5390	6624
4075	6625
6641	6626
5118	6627
1408	6628
6049	6629
94	6630
5815	6631
31	6632
6248	6633
6959	6634
4985	6635
3740	6636
810	6637
527	6638
6333	6639
1042	6640
757	6641
4080	6642
7046	6643
5604	6644
7836	6645
6468	6646
8416	6647
945	6648
2941	6649
7639	6650
3722	6651
8451	6652
7753	6653
3803	6654
2005	6655
6411	6656
4191	6657
5401	6658
866	6659
4119	6660
543	6661
7249	6662
1577	6663
8353	6664
7583	6665
1328	6666
8577	6667
358	6668
925	6669
3931	6670
879	6671
7651	6672
366	6673
8836	6674
236	6675
2061	6676
6091	6677
645	6678
7662	6679
5548	6680
6036	6681
8266	6682
1347	6683
2004	6684
17	6685
629	6686
1468	6687
7216	6688
8269	6689
7806	6690
1041	6691
2375	6692
7739	6693
7604	6694
3167	6695
7807	6696
579	6697
6273	6698
793	6699
190	6700
5727	6701
814	6702
1114	6703
6912	6704
7875	6705
2546	6706
177	6707
609	6708
5993	6709
8704	6710
265	6711
5013	6712
822	6713
8244	6714
377	6715
2716	6716
482	6717
7649	6718
3188	6719
3778	6720
4373	6721
2540	6722
6106	6723
8061	6724
5975	6725
2788	6726
66	6727
37	6728
5935	6729
103	6730
5884	6731
5829	6732
3460	6733
4698	6734
1444	6735
484	6736
8480	6737
404	6738
8603	6739
702	6740
549	6741
5712	6742
2782	6743
7018	6744
2034	6745
1213	6746
7177	6747
901	6748
5052	6749
503	6750
4733	6751
7199	6752
1425	6753
27	6754
2812	6755
7293	6756
2313	6757
75	6758
8884	6759
4403	6760
2101	6761
6767	6762
88	6763
7499	6764
8237	6765
4865	6766
6543	6767
5779	6768
935	6769
4329	6770
5176	6771
4972	6772
5792	6773
6028	6774
2865	6775
212	6776
4584	6777
4532	6778
8363	6779
5142	6780
645	6781
4380	6782
2874	6783
4902	6784
2542	6785
4478	6786
2366	6787
6216	6788
4808	6789
1823	6790
4192	6791
6570	6792
8124	6793
719	6794
2205	6795
7033	6796
4408	6797
3605	6798
7654	6799
8404	6800
8665	6801
115	6802
6360	6803
1634	6804
2789	6805
5736	6806
449	6807
811	6808
103	6809
7941	6810
1688	6811
7048	6812
7435	6813
114	6814
4441	6815
3242	6816
451	6817
6481	6818
7270	6819
399	6820
7376	6821
226	6822
5678	6823
102	6824
6561	6825
3485	6826
6949	6827
2027	6828
2481	6829
527	6830
8231	6831
250	6832
7539	6833
7803	6834
707	6835
4144	6836
1526	6837
3898	6838
2418	6839
195	6840
3075	6841
6030	6842
2490	6843
1914	6844
3882	6845
7944	6846
774	6847
1372	6848
369	6849
1146	6850
6500	6851
815	6852
6417	6853
2936	6854
7609	6855
872	6856
368	6857
6750	6858
447	6859
2221	6860
784	6861
1258	6862
6368	6863
2719	6864
4876	6865
4927	6866
3347	6867
7350	6868
480	6869
6868	6870
4621	6871
1667	6872
7047	6873
5294	6874
4951	6875
4053	6876
6517	6877
5578	6878
1044	6879
505	6880
1716	6881
3709	6882
566	6883
55	6884
227	6885
2269	6886
7961	6887
3741	6888
1508	6889
4638	6890
7145	6891
1775	6892
158	6893
745	6894
1048	6895
94	6896
6839	6897
1445	6898
2625	6899
2988	6900
1697	6901
2230	6902
4416	6903
1545	6904
1166	6905
7914	6906
4758	6907
8835	6908
1198	6909
1479	6910
3265	6911
5575	6912
1035	6913
6765	6914
8006	6915
1204	6916
6123	6917
5957	6918
547	6919
555	6920
3284	6921
1485	6922
7795	6923
6044	6924
5949	6925
46	6926
2561	6927
2413	6928
6494	6929
6324	6930
2705	6931
1617	6932
1873	6933
8260	6934
8229	6935
2978	6936
8589	6937
4957	6938
57	6939
5382	6940
1384	6941
6268	6942
7014	6943
3091	6944
2130	6945
2156	6946
5880	6947
6251	6948
8930	6949
5233	6950
4879	6951
5502	6952
8666	6953
5243	6954
5707	6955
64	6956
3024	6957
203	6958
4691	6959
188	6960
1906	6961
2264	6962
2904	6963
5315	6964
6605	6965
2356	6966
6573	6967
1	6968
5087	6969
6220	6970
448	6971
2074	6972
3876	6973
1148	6974
2204	6975
2	6976
5933	6977
457	6978
5206	6979
8088	6980
1801	6981
2096	6982
8324	6983
1730	6984
1349	6985
546	6986
6616	6987
2837	6988
226	6989
4983	6990
2707	6991
761	6992
3874	6993
2690	6994
5391	6995
646	6996
4874	6997
10	6998
6179	6999
5511	7000
5158	7001
3939	7002
432	7003
2	7004
5895	7005
1694	7006
8929	7007
4214	7008
7756	7009
763	7010
1525	7011
1553	7012
6267	7013
618	7014
509	7015
1389	7016
6741	7017
4480	7018
516	7019
4990	7020
6388	7021
6923	7022
4477	7023
1275	7024
1992	7025
2458	7026
8543	7027
6121	7028
8559	7029
8714	7030
5569	7031
6614	7032
35	7033
8762	7034
1259	7035
1184	7036
6645	7037
4567	7038
473	7039
8870	7040
4202	7041
7432	7042
7810	7043
4204	7044
1053	7045
3454	7046
6810	7047
791	7048
8307	7049
7530	7050
3172	7051
8051	7052
2998	7053
6657	7054
3430	7055
1991	7056
12	7057
502	7058
7294	7059
6098	7060
765	7061
422	7062
5486	7063
8115	7064
6722	7065
74	7066
209	7067
8707	7068
7044	7069
224	7070
6402	7071
2266	7072
785	7073
8582	7074
7661	7075
1014	7076
8247	7077
874	7078
7409	7079
5438	7080
1105	7081
8221	7082
1272	7083
187	7084
2355	7085
320	7086
1475	7087
8857	7088
5900	7089
2243	7090
6523	7091
407	7092
4091	7093
354	7094
6228	7095
8916	7096
93	7097
1786	7098
6943	7099
1503	7100
385	7101
367	7102
8960	7103
1223	7104
128	7105
2433	7106
235	7107
3556	7108
8882	7109
3948	7110
39	7111
89	7112
5984	7113
2541	7114
5015	7115
4663	7116
3606	7117
6	7118
4587	7119
6604	7120
4479	7121
4790	7122
2595	7123
7564	7124
5893	7125
5354	7126
7003	7127
4436	7128
2083	7129
6875	7130
7818	7131
871	7132
3260	7133
6436	7134
8664	7135
496	7136
3258	7137
2989	7138
6851	7139
5731	7140
8401	7141
6129	7142
1066	7143
3143	7144
8821	7145
4268	7146
155	7147
3952	7148
7736	7149
6450	7150
8530	7151
8359	7152
85	7153
7284	7154
4952	7155
1394	7156
4232	7157
22	7158
1030	7159
4596	7160
8675	7161
243	7162
3518	7163
6737	7164
7748	7165
62	7166
2720	7167
842	7168
162	7169
8267	7170
861	7171
4022	7172
349	7173
3861	7174
8357	7175
8648	7176
6077	7177
3463	7178
7254	7179
4784	7180
5554	7181
5150	7182
3035	7183
7453	7184
2380	7185
656	7186
8970	7187
4974	7188
5328	7189
7983	7190
6518	7191
7962	7192
8314	7193
4678	7194
7635	7195
5088	7196
825	7197
603	7198
837	7199
5024	7200
6560	7201
653	7202
8838	7203
8560	7204
1582	7205
8300	7206
1301	7207
1669	7208
2435	7209
2843	7210
1803	7211
1861	7212
640	7213
3780	7214
2838	7215
3517	7216
717	7217
1502	7218
6166	7219
8708	7220
4496	7221
620	7222
3486	7223
2786	7224
4524	7225
8920	7226
2336	7227
5643	7228
5555	7229
85	7230
5124	7231
685	7232
4920	7233
2773	7234
5902	7235
4034	7236
6755	7237
5500	7238
726	7239
1001	7240
867	7241
5806	7242
8758	7243
602	7244
4048	7245
6037	7246
18	7247
6014	7248
5242	7249
5514	7250
2279	7251
8906	7252
278	7253
1368	7254
67	7255
120	7256
7379	7257
8845	7258
7646	7259
4092	7260
313	7261
8368	7262
2808	7263
2210	7264
3609	7265
4986	7266
7666	7267
554	7268
3879	7269
3097	7270
8340	7271
1706	7272
7965	7273
8163	7274
2388	7275
5211	7276
733	7277
4944	7278
6965	7279
3318	7280
3	7281
1268	7282
6488	7283
2213	7284
2373	7285
2670	7286
3254	7287
1104	7288
3191	7289
5665	7290
413	7291
6721	7292
479	7293
5001	7294
1128	7295
7926	7296
5219	7297
3623	7298
2	7299
628	7300
60	7301
3635	7302
979	7303
5162	7304
2515	7305
2123	7306
4543	7307
6102	7308
3642	7309
798	7310
5436	7311
5240	7312
837	7313
1493	7314
1460	7315
4448	7316
5393	7317
8156	7318
1854	7319
6712	7320
1640	7321
4179	7322
5005	7323
8691	7324
6845	7325
6532	7326
1395	7327
7286	7328
762	7329
6373	7330
3748	7331
6089	7332
3074	7333
5376	7334
6	7335
1311	7336
8285	7337
7816	7338
5826	7339
7417	7340
919	7341
9	7342
1155	7343
3853	7344
6147	7345
895	7346
8178	7347
8223	7348
3692	7349
8509	7350
5747	7351
1377	7352
298	7353
6623	7354
1724	7355
725	7356
5047	7357
6695	7358
240	7359
7484	7360
5512	7361
4083	7362
8967	7363
271	7364
6347	7365
6126	7366
4159	7367
5493	7368
329	7369
635	7370
8187	7371
96	7372
2472	7373
2575	7374
6042	7375
10	7376
1297	7377
4933	7378
7921	7379
5217	7380
561	7381
1676	7382
4685	7383
6594	7384
7109	7385
4890	7386
5437	7387
6992	7388
1881	7389
8936	7390
7793	7391
4531	7392
8017	7393
240	7394
4175	7395
8105	7396
4716	7397
1559	7398
7503	7399
1870	7400
4125	7401
858	7402
8787	7403
8446	7404
7067	7405
5073	7406
2910	7407
2151	7408
673	7409
33	7410
6323	7411
4976	7412
7544	7413
7859	7414
5025	7415
8023	7416
742	7417
7138	7418
5907	7419
641	7420
5799	7421
5006	7422
454	7423
8053	7424
5889	7425
2231	7426
7030	7427
3528	7428
4502	7429
443	7430
1108	7431
7684	7432
7234	7433
2694	7434
490	7435
6492	7436
8375	7437
6288	7438
6639	7439
5982	7440
6859	7441
7024	7442
3945	7443
41	7444
1889	7445
1902	7446
3490	7447
8937	7448
8853	7449
8296	7450
7932	7451
4072	7452
257	7453
5461	7454
58	7455
3051	7456
5445	7457
2176	7458
4362	7459
3248	7460
4789	7461
5105	7462
1885	7463
2119	7464
7365	7465
6740	7466
6222	7467
3464	7468
4655	7469
1145	7470
2836	7471
4486	7472
730	7473
2384	7474
214	7475
2080	7476
5637	7477
680	7478
3278	7479
1315	7480
2310	7481
7977	7482
8354	7483
677	7484
3326	7485
3249	7486
2265	7487
4582	7488
5035	7489
8272	7490
5873	7491
1095	7492
7554	7493
3418	7494
3637	7495
4081	7496
8732	7497
4991	7498
5128	7499
3126	7500
3262	7501
4491	7502
1097	7503
1307	7504
6514	7505
6648	7506
1537	7507
890	7508
8952	7509
5373	7510
5689	7511
4295	7512
7455	7513
8828	7514
45	7515
7842	7516
1200	7517
8214	7518
7127	7519
4586	7520
3925	7521
8042	7522
1788	7523
3299	7524
1075	7525
60	7526
4307	7527
4775	7528
2103	7529
1921	7530
6171	7531
2297	7532
144	7533
5618	7534
905	7535
8256	7536
872	7537
3215	7538
7243	7539
3620	7540
1077	7541
2133	7542
8719	7543
4084	7544
2628	7545
4242	7546
2666	7547
6723	7548
7291	7549
8044	7550
3770	7551
538	7552
5020	7553
6438	7554
668	7555
7989	7556
36	7557
594	7558
188	7559
8583	7560
6800	7561
4243	7562
1531	7563
3710	7564
4260	7565
7050	7566
3105	7567
5405	7568
2761	7569
6768	7570
4682	7571
3777	7572
7558	7573
840	7574
536	7575
8679	7576
305	7577
6118	7578
4212	7579
6073	7580
1158	7581
1483	7582
2758	7583
8400	7584
6527	7585
4611	7586
3977	7587
4488	7588
5659	7589
8507	7590
7366	7591
6924	7592
8486	7593
5879	7594
385	7595
29	7596
798	7597
8146	7598
8039	7599
4625	7600
2549	7601
6727	7602
5241	7603
3059	7604
4293	7605
776	7606
2436	7607
3138	7608
5728	7609
7292	7610
5152	7611
3343	7612
6575	7613
5750	7614
1619	7615
6952	7616
4035	7617
3821	7618
6889	7619
8327	7620
2461	7621
5650	7622
7737	7623
7895	7624
869	7625
693	7626
964	7627
152	7628
2845	7629
331	7630
2202	7631
3014	7632
782	7633
4632	7634
802	7635
4752	7636
464	7637
843	7638
2745	7639
764	7640
6260	7641
1915	7642
343	7643
376	7644
8813	7645
5523	7646
3286	7647
5932	7648
6195	7649
3279	7650
8607	7651
363	7652
8437	7653
2460	7654
3386	7655
7917	7656
2994	7657
8923	7658
5133	7659
186	7660
1168	7661
289	7662
3213	7663
1670	7664
3205	7665
4812	7666
5272	7667
1256	7668
5440	7669
2019	7670
885	7671
2423	7672
3747	7673
1633	7674
3569	7675
518	7676
4057	7677
485	7678
5427	7679
1723	7680
8568	7681
8881	7682
2448	7683
7698	7684
3263	7685
7800	7686
86	7687
8116	7688
5245	7689
1937	7690
7336	7691
4500	7692
6683	7693
5623	7694
4821	7695
6043	7696
8487	7697
3691	7698
8472	7699
5325	7700
853	7701
5670	7702
720	7703
8584	7704
540	7705
7601	7706
2878	7707
797	7708
259	7709
8724	7710
2737	7711
6473	7712
8620	7713
2953	7714
2079	7715
894	7716
8198	7717
5597	7718
5339	7719
1704	7720
8632	7721
3601	7722
534	7723
999	7724
2763	7725
90	7726
4738	7727
3782	7728
8873	7729
6454	7730
4450	7731
5011	7732
6125	7733
4589	7734
7996	7735
5106	7736
2110	7737
5863	7738
1083	7739
980	7740
2106	7741
7727	7742
2054	7743
4025	7744
7390	7745
3904	7746
8934	7747
795	7748
6000	7749
7101	7750
3510	7751
2057	7752
7940	7753
6656	7754
6253	7755
1774	7756
7919	7757
866	7758
8195	7759
182	7760
5080	7761
6001	7762
7858	7763
3817	7764
7315	7765
8385	7766
507	7767
6227	7768
3987	7769
1437	7770
4591	7771
34	7772
1547	7773
910	7774
6081	7775
2050	7776
8597	7777
4333	7778
4647	7779
3587	7780
340	7781
6306	7782
3358	7783
270	7784
475	7785
6778	7786
7220	7787
6247	7788
7839	7789
8339	7790
3900	7791
400	7792
3774	7793
6512	7794
7172	7795
2912	7796
7218	7797
2069	7798
3500	7799
943	7800
8008	7801
6120	7802
4312	7803
158	7804
2463	7805
441	7806
656	7807
4590	7808
3867	7809
2657	7810
1165	7811
3672	7812
2056	7813
7678	7814
6016	7815
641	7816
1661	7817
2781	7818
5770	7819
4870	7820
3938	7821
3033	7822
700	7823
4154	7824
132	7825
1695	7826
8	7827
24	7828
7442	7829
7743	7830
7062	7831
6162	7832
6732	7833
6330	7834
4134	7835
6655	7836
1891	7837
490	7838
7056	7839
769	7840
6285	7841
194	7842
2855	7843
6334	7844
8491	7845
5156	7846
710	7847
1709	7848
748	7849
7344	7850
4581	7851
6008	7852
687	7853
56	7854
3837	7855
227	7856
6377	7857
7438	7858
8748	7859
6798	7860
1586	7861
4955	7862
5780	7863
6688	7864
5871	7865
2351	7866
3504	7867
1494	7868
1982	7869
7489	7870
7059	7871
1023	7872
1000	7873
1192	7874
1152	7875
1901	7876
2958	7877
5778	7878
3577	7879
7150	7880
237	7881
3725	7882
3789	7883
6069	7884
1221	7885
3810	7886
5470	7887
6670	7888
67	7889
7860	7890
5018	7891
7852	7892
7357	7893
4666	7894
8962	7895
4652	7896
6298	7897
8138	7898
7602	7899
7843	7900
8141	7901
1329	7902
287	7903
8082	7904
7007	7905
1179	7906
6858	7907
6816	7908
7382	7909
3330	7910
454	7911
8302	7912
6773	7913
238	7914
6671	7915
427	7916
7791	7917
677	7918
8850	7919
6833	7920
5443	7921
3743	7922
863	7923
3159	7924
141	7925
3889	7926
6453	7927
968	7928
809	7929
3268	7930
6465	7931
3119	7932
2270	7933
7322	7934
278	7935
1139	7936
224	7937
8947	7938
4977	7939
2166	7940
1917	7941
6626	7942
8722	7943
767	7944
7192	7945
991	7946
1878	7947
8232	7948
3231	7949
2839	7950
7784	7951
7868	7952
3559	7953
2510	7954
5777	7955
819	7956
8075	7957
6974	7958
58	7959
3527	7960
4045	7961
2253	7962
4556	7963
2679	7964
3203	7965
4234	7966
5434	7967
5690	7968
8628	7969
2605	7970
4676	7971
3654	7972
8241	7973
4643	7974
6200	7975
65	7976
4671	7977
8617	7978
123	7979
5317	7980
3894	7981
3865	7982
5526	7983
6846	7984
6189	7985
7009	7986
8839	7987
5276	7988
5953	7989
3251	7990
7812	7991
2659	7992
7744	7993
2087	7994
148	7995
2900	7996
8826	7997
7614	7998
8567	7999
1833	8000
4754	8001
4265	8002
836	8003
5113	8004
8536	8005
8308	8006
48	8007
5612	8008
7906	8009
1575	8010
2084	8011
3590	8012
183	8013
418	8014
1195	8015
731	8016
5444	8017
1459	8018
6860	8019
156	8020
2739	8021
1913	8022
4135	8023
4466	8024
3792	8025
1005	8026
5876	8027
3405	8028
7657	8029
8098	8030
7910	8031
4696	8032
771	8033
130	8034
5972	8035
524	8036
1430	8037
2772	8038
3240	8039
6111	8040
319	8041
631	8042
1036	8043
5676	8044
2161	8045
7627	8046
2520	8047
8433	8048
1946	8049
1711	8050
3595	8051
2895	8052
6074	8053
6178	8054
5400	8055
6825	8056
902	8057
2431	8058
1486	8059
4558	8060
726	8061
7890	8062
7328	8063
139	8064
3169	8065
1337	8066
3232	8067
7052	8068
4932	8069
4456	8070
657	8071
3909	8072
4495	8073
5816	8074
5491	8075
7726	8076
8101	8077
8473	8078
21	8079
5562	8080
613	8081
854	8082
4359	8083
5213	8084
5170	8085
2718	8086
163	8087
8562	8088
3308	8089
883	8090
1614	8091
7833	8092
5423	8093
4798	8094
7556	8095
1438	8096
5524	8097
8750	8098
2326	8099
7424	8100
7010	8101
4061	8102
3917	8103
579	8104
4151	8105
4575	8106
8703	8107
261	8108
2179	8109
3193	8110
396	8111
8203	8112
5639	8113
3222	8114
2925	8115
3354	8116
4165	8117
5525	8118
891	8119
824	8120
7144	8121
2617	8122
5111	8123
5084	8124
4868	8125
800	8126
1840	8127
6818	8128
893	8129
1797	8130
7012	8131
4290	8132
2999	8133
5784	8134
5625	8135
8842	8136
8649	8137
1814	8138
6563	8139
662	8140
133	8141
7386	8142
336	8143
845	8144
4998	8145
535	8146
4563	8147
8025	8148
971	8149
313	8150
3317	8151
8430	8152
1432	8153
327	8154
3699	8155
353	8156
5102	8157
1046	8158
7094	8159
3852	8160
1141	8161
7187	8162
6577	8163
6828	8164
1343	8165
642	8166
4194	8167
7124	8168
4795	8169
30	8170
5724	8171
91	8172
7264	8173
3458	8174
8757	8175
2972	8176
7231	8177
4726	8178
5686	8179
3513	8180
1765	8181
487	8182
6738	8183
593	8184
988	8185
2194	8186
748	8187
2751	8188
4305	8189
8755	8190
6731	8191
4221	8192
4924	8193
8341	8194
7796	8195
4336	8196
1291	8197
7261	8198
5479	8199
2710	8200
6887	8201
2526	8202
4405	8203
7540	8204
2671	8205
7717	8206
1393	8207
7677	8208
6714	8209
206	8210
4641	8211
5482	8212
8782	8213
5531	8214
2750	8215
7632	8216
6209	8217
1693	8218
5684	8219
2796	8220
3335	8221
136	8222
862	8223
613	8224
4922	8225
476	8226
1988	8227
5964	8228
6812	8229
8891	8230
4823	8231
5564	8232
1602	8233
8234	8234
2164	8235
1524	8236
4968	8237
4530	8238
987	8239
3120	8240
2365	8241
8614	8242
216	8243
6855	8244
275	8245
7572	8246
3217	8247
1305	8248
2010	8249
1986	8250
813	8251
308	8252
5798	8253
8228	8254
629	8255
4889	8256
1596	8257
3829	8258
6168	8259
4076	8260
4482	8261
2654	8262
6691	8263
1027	8264
438	8265
8312	8266
670	8267
1090	8268
3274	8269
3421	8270
4427	8271
620	8272
3002	8273
3629	8274
2793	8275
283	8276
4451	8277
3736	8278
3420	8279
1529	8280
1822	8281
5532	8282
7964	8283
6944	8284
5627	8285
107	8286
3768	8287
3223	8288
3687	8289
8926	8290
906	8291
2434	8292
1285	8293
1172	8294
2289	8295
15	8296
195	8297
3982	8298
15	8299
95	8300
7464	8301
1690	8302
6964	8303
6080	8304
1062	8305
1841	8306
686	8307
1099	8308
3732	8309
5579	8310
753	8311
7314	8312
547	8313
1886	8314
2636	8315
3293	8316
6018	8317
1487	8318
8038	8319
3864	8320
1689	8321
3512	8322
3076	8323
3612	8324
4247	8325
7900	8326
1993	8327
5991	8328
5468	8329
3693	8330
4485	8331
4078	8332
5392	8333
1737	8334
5042	8335
1385	8336
8561	8337
1173	8338
1059	8339
31	8340
6498	8341
8910	8342
5817	8343
8022	8344
6128	8345
8456	8346
8003	8347
8046	8348
4223	8349
394	8350
610	8351
1227	8352
6109	8353
5414	8354
5214	8355
5959	8356
4128	8357
3560	8358
5056	8359
2891	8360
3773	8361
7323	8362
1772	8363
5247	8364
3519	8365
5299	8366
1383	8367
344	8368
3255	8369
4287	8370
8860	8371
7624	8372
2409	8373
1218	8374
7399	8375
8540	8376
389	8377
1666	8378
183	8379
3757	8380
5277	8381
7036	8382
1767	8383
6979	8384
3708	8385
7718	8386
1543	8387
6753	8388
250	8389
585	8390
1092	8391
222	8392
3503	8393
7120	8394
7658	8395
6754	8396
4395	8397
7589	8398
1809	8399
1542	8400
5888	8401
8524	8402
3943	8403
8118	8404
4877	8405
388	8406
61	8407
2920	8408
5565	8409
3566	8410
906	8411
5695	8412
8579	8413
2505	8414
5790	8415
2627	8416
8335	8417
7759	8418
937	8419
1597	8420
3152	8421
2368	8422
6274	8423
6451	8424
3445	8425
4562	8426
1269	8427
1169	8428
184	8429
3705	8430
5930	8431
4327	8432
1189	8433
8651	8434
3439	8435
8520	8436
6070	8437
7607	8438
8030	8439
5348	8440
2111	8441
2167	8442
1416	8443
1742	8444
5891	8445
3361	8446
6041	8447
8264	8448
7959	8449
7663	8450
2828	8451
2249	8452
2883	8453
237	8454
4760	8455
2283	8456
401	8457
7762	8458
6223	8459
8043	8460
6817	8461
8633	8462
8469	8463
5580	8464
7096	8465
6905	8466
105	8467
418	8468
7956	8469
7428	8470
6843	8471
2976	8472
977	8473
1965	8474
8425	8475
387	8476
6448	8477
7194	8478
6966	8479
4341	8480
7414	8481
7597	8482
8968	8483
3020	8484
3438	8485
6690	8486
4814	8487
7481	8488
7019	8489
4604	8490
7327	8491
8148	8492
2046	8493
8091	8494
5704	8495
4857	8496
3277	8497
4283	8498
5460	8499
2533	8500
530	8501
54	8502
494	8503
5363	8504
2344	8505
8564	8506
294	8507
6789	8508
6824	8509
3929	8510
648	8511
4301	8512
3099	8513
4742	8514
2744	8515
571	8516
3305	8517
2333	8518
4592	8519
2992	8520
654	8521
754	8522
3992	8523
243	8524
3964	8525
4162	8526
3621	8527
1930	8528
6960	8529
1159	8530
5735	8531
3455	8532
8656	8533
8398	8534
2021	8535
6562	8536
376	8537
731	8538
7353	8539
452	8540
84	8541
423	8542
5699	8543
6907	8544
7747	8545
3214	8546
4603	8547
6469	8548
589	8549
244	8550
2372	8551
1229	8552
280	8553
7673	8554
3344	8555
496	8556
8903	8557
973	8558
360	8559
3983	8560
8186	8561
6880	8562
523	8563
6831	8564
7545	8565
7448	8566
3634	8567
8262	8568
6279	8569
5489	8570
395	8571
8647	8572
36	8573
614	8574
8939	8575
13	8576
8243	8577
1961	8578
7933	8579
1908	8580
3662	8581
8529	8582
2950	8583
5023	8584
7610	8585
108	8586
3607	8587
7171	8588
9	8589
6086	8590
204	8591
3209	8592
1850	8593
4421	8594
3638	8595
7613	8596
3285	8597
2070	8598
3947	8599
286	8600
5307	8601
5840	8602
7283	8603
4527	8604
778	8605
4498	8606
2986	8607
4050	8608
394	8609
7802	8610
32	8611
6275	8612
2174	8613
7306	8614
1852	8615
4474	8616
2312	8617
7361	8618
3189	8619
5584	8620
649	8621
2239	8622
3972	8623
3928	8624
936	8625
80	8626
3571	8627
4354	8628
2727	8629
6493	8630
7716	8631
7029	8632
3149	8633
960	8634
5795	8635
6591	8636
3371	8637
1096	8638
3667	8639
8010	8640
2217	8641
4692	8642
747	8643
6780	8644
72	8645
1717	8646
7706	8647
31	8648
1818	8649
6804	8650
3272	8651
86	8652
2965	8653
4826	8654
2421	8655
8851	8656
2262	8657
1079	8658
1351	8659
773	8660
7681	8661
5934	8662
252	8663
5256	8664
1816	8665
2105	8666
5722	8667
7407	8668
7456	8669
716	8670
4554	8671
6164	8672
264	8673
931	8674
7427	8675
887	8676
6774	8677
3783	8678
8338	8679
5008	8680
6013	8681
6665	8682
3797	8683
6040	8684
2052	8685
1859	8686
797	8687
140	8688
436	8689
6449	8690
284	8691
6396	8692
7242	8693
3815	8694
8852	8695
23	8696
2947	8697
602	8698
1713	8699
5395	8700
6916	8701
4409	8702
5757	8703
5340	8704
4820	8705
624	8706
1065	8707
3453	8708
1134	8709
6837	8710
269	8711
7037	8712
308	8713
6847	8714
778	8715
6269	8716
6472	8717
5696	8718
5556	8719
2652	8720
5174	8721
7735	8722
2302	8723
7922	8724
465	8725
6742	8726
8045	8727
812	8728
1696	8729
5744	8730
2563	8731
7005	8732
8671	8733
7406	8734
2255	8735
4060	8736
2612	8737
557	8738
4706	8739
8	8740
1369	8741
7497	8742
5273	8743
3342	8744
8697	8745
403	8746
650	8747
6757	8748
6870	8749
7719	8750
4227	8751
6258	8752
1630	8753
98	8754
7987	8755
8624	8756
339	8757
5060	8758
2139	8759
6151	8760
7569	8761
4707	8762
5309	8763
3644	8764
2862	8765
2189	8766
7025	8767
4833	8768
851	8769
1484	8770
1040	8771
6869	8772
928	8773
7963	8774
2400	8775
2956	8776
6994	8777
860	8778
4675	8779
6414	8780
3411	8781
7100	8782
482	8783
7783	8784
3753	8785
127	8786
222	8787
5997	8788
3538	8789
5257	8790
907	8791
6389	8792
2033	8793
1017	8794
6381	8795
4650	8796
5467	8797
5016	8798
8212	8799
1549	8800
6425	8801
2954	8802
8573	8803
2296	8804
2971	8805
3218	8806
7741	8807
4884	8808
7571	8809
616	8810
1996	8811
5476	8812
4240	8813
3130	8814
4855	8815
6530	8816
4139	8817
7013	8818
7371	8819
7444	8820
1882	8821
6050	8822
4468	8823
734	8824
3884	8825
8094	8826
2901	8827
5480	8828
831	8829
3025	8830
7824	8831
2225	8832
1222	8833
759	8834
5038	8835
8652	8836
4694	8837
5649	8838
27	8839
3978	8840
3694	8841
883	8842
4906	8843
8546	8844
419	8845
2032	8846
4615	8847
7289	8848
1488	8849
6176	8850
1514	8851
4629	8852
6706	8853
7274	8854
3966	8855
7623	8856
7754	8857
5656	8858
3791	8859
4011	8860
8580	8861
8711	8862
2778	8863
6149	8864
5776	8865
5478	8866
152	8867
8015	8868
268	8869
4783	8870
39	8871
6644	8872
8391	8873
7697	8874
5175	8875
8180	8876
3135	8877
1340	8878
6922	8879
6947	8880
756	8881
1603	8882
1136	8883
6182	8884
302	8885
6600	8886
520	8887
276	8888
2412	8889
8177	8890
2894	8891
799	8892
497	8893
1662	8894
4536	8895
4461	8896
1611	8897
3071	8898
6888	8899
6705	8900
7975	8901
3	8902
77	8903
6876	8904
6203	8905
1924	8906
605	8907
632	8908
2426	8909
2128	8910
477	8911
5629	8912
2708	8913
1249	8914
7827	8915
6680	8916
189	8917
6092	8918
1415	8919
4476	8920
5741	8921
6647	8922
3196	8923
8268	8924
229	8925
2293	8926
3328	8927
3442	8928
1812	8929
554	8930
4529	8931
665	8932
1481	8933
2556	8934
2227	8935
3309	8936
1047	8937
7851	8938
364	8939
3069	8940
8086	8941
627	8942
393	8943
8565	8944
97	8945
2787	8946
2341	8947
8032	8948
1424	8949
3180	8950
6122	8951
8248	8952
4885	8953
3856	8954
5	8955
105	8956
4349	8957
4230	8958
8878	8959
7081	8960
3802	8961
2722	8962
8558	8963
563	8964
2733	8965
5981	8966
7725	8967
7637	8968
2853	8969
4577	8970
2536	8971
3384	8972
3416	8973
316	8974
4888	8975
8901	8976
2957	8977
2916	8978
1948	8979
2478	8980
740	8981
1763	8982
3224	8983
75	8984
5205	8985
255	8986
471	8987
6896	8988
5804	8989
8593	8990
7909	8991
235	8992
8431	8993
6296	8994
584	8995
614	8996
3949	8997
5614	8998
7	8999
955	9000
735	9001
5187	9002
7271	9003
231	9004
6021	9005
281	9006
981	9007
3117	9008
5992	9009
3440	9010
3855	9011
4937	9012
1414	9013
4173	9014
1546	9015
7925	9016
306	9017
2712	9018
5655	9019
57	9020
2114	9021
7690	9022
3199	9023
7823	9024
1319	9025
5254	9026
4262	9027
1530	9028
2352	9029
1133	9030
2677	9031
4681	9032
8029	9033
6173	9034
5490	9035
50	9036
5398	9037
5043	9038
2840	9039
574	9040
2429	9041
4670	9042
101	9043
3082	9044
5286	9045
26	9046
4819	9047
7227	9048
2860	9049
6918	9050
2924	9051
1568	9052
2020	9053
7528	9054
472	9055
3959	9056
6524	9057
6661	9058
1	9059
692	9060
4601	9061
382	9062
2140	9063
6059	9064
4899	9065
4201	9066
4517	9067
1093	9068
6902	9069
2408	9070
8182	9071
2223	9072
4203	9073
5121	9074
4677	9075
7102	9076
2888	9077
664	9078
5284	9079
465	9080
357	9081
306	9082
6366	9083
2093	9084
5946	9085
5365	9086
7510	9087
1390	9088
529	9089
7123	9090
4225	9091
735	9092
5734	9093
2188	9094
3805	9095
3993	9096
6423	9097
4831	9098
831	9099
5994	9100
2981	9101
8608	9102
7674	9103
2397	9104
4273	9105
1013	9106
8226	9107
6764	9108
1540	9109
2535	9110
2172	9111
7190	9112
3095	9113
1731	9114
4689	9115
2974	9116
6783	9117
2407	9118
54	9119
5682	9120
3930	9121
6646	9122
3507	9123
789	9124
3425	9125
7580	9126
2142	9127
317	9128
408	9129
8880	9130
433	9131
104	9132
8352	9133
8087	9134
2291	9135
2250	9136
4424	9137
6095	9138
850	9139
3754	9140
58	9141
6156	9142
3932	9143
4763	9144
5729	9145
3681	9146
969	9147
2806	9148
4196	9149
3529	9150
7559	9151
7708	9152
1624	9153
10	9154
6225	9155
5874	9156
8591	9157
3350	9158
3186	9159
8914	9160
2511	9161
2938	9162
2748	9163
4334	9164
3385	9165
8113	9166
4238	9167
1186	9168
578	9169
6884	9170
1703	9171
4939	9172
4384	9173
6793	9174
4475	9175
2404	9176
6841	9177
633	9178
4720	9179
6932	9180
7148	9181
1281	9182
6078	9183
6659	9184
1627	9185
206	9186
3048	9187
6607	9188
8844	9189
5624	9190
7557	9191
287	9192
712	9193
233	9194
4751	9195
950	9196
3047	9197
814	9198
4695	9199
7622	9200
4600	9201
8961	9202
6142	9203
6628	9204
2169	9205
5751	9206
4094	9207
6893	9208
7935	9209
81	9210
747	9211
4188	9212
2548	9213
3804	9214
4101	9215
73	9216
1132	9217
5371	9218
7085	9219
2831	9220
2183	9221
2465	9222
8299	9223
6012	9224
6997	9225
25	9226
826	9227
8798	9228
397	9229
6736	9230
2263	9231
2523	9232
7338	9233
718	9234
2997	9235
4759	9236
4791	9237
7165	9238
2791	9239
163	9240
6572	9241
5225	9242
664	9243
880	9244
1243	9245
8012	9246
1	9247
4086	9248
2477	9249
6317	9250
6542	9251
3617	9252
3112	9253
1308	9254
5697	9255
2629	9256
8481	9257
2251	9258
5082	9259
900	9260
3669	9261
7514	9262
8713	9263
587	9264
6733	9265
5287	9266
3727	9267
819	9268
6763	9269
5161	9270
4848	9271
1928	9272
7629	9273
8189	9274
4208	9275
5474	9276
8700	9277
7619	9278
4253	9279
6051	9280
3041	9281
2975	9282
2673	9283
4271	9284
2884	9285
4909	9286
2369	9287
2660	9288
6132	9289
3178	9290
7164	9291
4617	9292
3378	9293
3984	9294
1298	9295
83	9296
3759	9297
7334	9298
7665	9299
7691	9300
4272	9301
4987	9302
8855	9303
6362	9304
510	9305
1739	9306
1375	9307
78	9308
7942	9309
5606	9310
4013	9311
2516	9312
2108	9313
1626	9314
6658	9315
1386	9316
8779	9317
1893	9318
5801	9319
445	9320
1178	9321
868	9322
1412	9323
2942	9324
397	9325
168	9326
6790	9327
7586	9328
2464	9329
3201	9330
8157	9331
3083	9332
6700	9333
3735	9334
1116	9335
3664	9336
6739	9337
7506	9338
2623	9339
826	9340
4317	9341
445	9342
904	9343
2379	9344
2082	9345
8049	9346
2590	9347
8083	9348
8175	9349
3703	9350
264	9351
749	9352
1839	9353
714	9354
8773	9355
695	9356
5937	9357
674	9358
150	9359
3767	9360
2795	9361
2282	9362
2029	9363
488	9364
2220	9365
584	9366
956	9367
6709	9368
48	9369
2493	9370
7398	9371
2866	9372
5144	9373
1792	9374
4278	9375
1936	9376
5715	9377
552	9378
640	9379
2094	9380
1399	9381
2211	9382
2955	9383
6716	9384
7255	9385
1776	9386
1718	9387
2116	9388
6351	9389
6219	9390
3029	9391
377	9392
4860	9393
1478	9394
49	9395
431	9396
2406	9397
7225	9398
5807	9399
8702	9400
2191	9401
5857	9402
300	9403
223	9404
8658	9405
5029	9406
5758	9407
7354	9408
4118	9409
6777	9410
6214	9411
161	9412
2702	9413
4499	9414
2306	9415
8205	9416
1234	9417
2321	9418
88	9419
7446	9420
683	9421
6184	9422
3118	9423
659	9424
769	9425
857	9426
1346	9427
2650	9428
3655	9429
3986	9430
531	9431
626	9432
8020	9433
8110	9434
752	9435
4880	9436
1122	9437
380	9438
6883	9439
639	9440
236	9441
1817	9442
3211	9443
8827	9444
8171	9445
6345	9446
3102	9447
8709	9448
611	9449
2759	9450
8942	9451
4193	9452
8834	9453
1743	9454
1578	9455
648	9456
4546	9457
7348	9458
8678	9459
6885	9460
7168	9461
307	9462
1957	9463
6048	9464
7335	9465
6079	9466
326	9467
7281	9468
73	9469
492	9470
8785	9471
6218	9472
541	9473
550	9474
1757	9475
7280	9476
2132	9477
1677	9478
1618	9479
82	9480
4031	9481
3256	9482
5571	9483
8414	9484
239	9485
750	9486
8201	9487
75	9488
253	9489
2197	9490
776	9491
3776	9492
5647	9493
8765	9494
3412	9495
1883	9496
3275	9497
585	9498
3584	9499
6406	9500
379	9501
1238	9502
3179	9503
5275	9504
5101	9505
703	9506
155	9507
5706	9508
8037	9509
185	9510
414	9511
4565	9512
3436	9513
7849	9514
7750	9515
24	9516
5634	9517
4497	9518
7162	9519
4113	9520
7352	9521
7881	9522
7104	9523
7193	9524
7745	9525
449	9526
6627	9527
6239	9528
5505	9529
489	9530
581	9531
4770	9532
5002	9533
8161	9534
3459	9535
5186	9536
6682	9537
8966	9538
7765	9539
556	9540
6459	9541
8224	9542
7387	9543
7198	9544
6256	9545
2743	9546
8249	9547
2267	9548
2058	9549
6344	9550
2134	9551
5274	9552
2934	9553
2459	9554
2780	9555
225	9556
1997	9557
4465	9558
359	9559
564	9560
850	9561
6986	9562
3476	9563
3441	9564
2339	9565
1498	9566
4005	9567
8222	9568
8310	9569
8572	9570
7079	9571
6522	9572
8036	9573
1625	9574
8127	9575
8099	9576
213	9577
1802	9578
3367	9579
37	9580
5962	9581
6467	9582
3479	9583
8220	9584
952	9585
8969	9586
8462	9587
2814	9588
2224	9589
740	9590
741	9591
2811	9592
455	9593
519	9594
4217	9595
5485	9596
8900	9597
233	9598
1194	9599
421	9600
26	9601
1778	9602
4345	9603
4520	9604
835	9605
332	9606
6689	9607
8217	9608
2875	9609
7450	9610
4350	9611
5752	9612
1	9613
544	9614
4923	9615
2086	9616
5901	9617
525	9618
741	9619
370	9620
7760	9621
6096	9622
3657	9623
665	9624
3175	9625
4123	9626
3290	9627
3835	9628
851	9629
1954	9630
8830	9631
8374	9632
199	9633
42	9634
1732	9635
1629	9636
522	9637
2411	9638
4489	9639
5230	9640
2589	9641
8213	9642
706	9643
7403	9644
1824	9645
3088	9646
2537	9647
2129	9648
7982	9649
8531	9650
521	9651
5397	9652
7017	9653
3720	9654
1571	9655
1470	9656
7938	9657
703	9658
2115	9659
5278	9660
4614	9661
1330	9662
514	9663
743	9664
836	9665
5044	9666
475	9667
3969	9668
285	9669
7373	9670
5431	9671
5693	9672
8829	9673
284	9674
4762	9675
2785	9676
8730	9677
6955	9678
1230	9679
5861	9680
22	9681
6823	9682
7485	9683
5099	9684
4896	9685
2159	9686
884	9687
7668	9688
5388	9689
171	9690
8288	9691
1421	9692
7214	9693
7126	9694
1638	9695
1805	9696
5078	9697
8463	9698
5772	9699
520	9700
1214	9701
7731	9702
87	9703
2569	9704
6432	9705
2802	9706
2599	9707
5010	9708
567	9709
1868	9710
7318	9711
2398	9712
3007	9713
4009	9714
6405	9715
4422	9716
8661	9717
6840	9718
2209	9719
7034	9720
7043	9721
310	9722
2394	9723
2350	9724
3892	9725
2706	9726
667	9727
7492	9728
8024	9729
709	9730
6972	9731
622	9732
8066	9733
3659	9734
328	9735
7593	9736
6699	9737
1876	9738
810	9739
3973	9740
8209	9741
483	9742
6137	9743
3419	9744
8370	9745
2584	9746
7773	9747
1360	9748
2592	9749
852	9750
8825	9751
160	9752
2686	9753
6950	9754
5419	9755
5310	9756
87	9757
2861	9758
2192	9759
6046	9760
7301	9761
239	9762
6244	9763
8059	9764
51	9765
1523	9766
4830	9767
2735	9768
5766	9769
296	9770
81	9771
5204	9772
3468	9773
8958	9774
6193	9775
1289	9776
1587	9777
62	9778
8397	9779
8194	9780
3906	9781
10	9782
281	9783
4850	9784
223	9785
7381	9786
4732	9787
180	9788
5418	9789
4825	9790
2921	9791
2100	9792
5264	9793
1593	9794
5051	9795
4404	9796
5834	9797
4609	9798
4216	9799
3899	9800
4200	9801
5812	9802
1094	9803
4039	9804
770	9805
2876	9806
3338	9807
8434	9808
4993	9809
1746	9810
1923	9811
4612	9812
4055	9813
6259	9814
1679	9815
2646	9816
4019	9817
8242	9818
3351	9819
568	9820
652	9821
4257	9822
4363	9823
202	9824
1074	9825
6872	9826
6608	9827
7360	9828
2147	9829
1237	9830
8165	9831
949	9832
775	9833
64	9834
378	9835
997	9836
359	9837
6103	9838
8465	9839
2792	9840
1443	9841
4664	9842
481	9843
582	9844
5417	9845
8949	9846
5055	9847
1080	9848
2649	9849
5123	9850
889	9851
759	9852
4989	9853
5261	9854
4953	9855
3589	9856
6583	9857
1557	9858
7887	9859
606	9860
8358	9861
829	9862
941	9863
625	9864
1279	9865
539	9866
7275	9867
698	9868
8235	9869
8646	9870
3632	9871
780	9872
1798	9873
2615	9874
3399	9875
5197	9876
4817	9877
2212	9878
4578	9879
6822	9880
74	9881
901	9882
545	9883
2764	9884
2826	9885
2721	9886
5613	9887
35	9888
2742	9889
7032	9890
4674	9891
7313	9892
6784	9893
5495	9894
317	9895
5130	9896
1456	9897
7863	9898
816	9899
4255	9900
4236	9901
5948	9902
8468	9903
7611	9904
1899	9905
6437	9906
248	9907
3006	9908
8743	9909
761	9910
6477	9911
3163	9912
100	9913
5892	9914
165	9915
1240	9916
8210	9917
7396	9918
8227	9919
6237	9920
597	9921
738	9922
8899	9923
886	9924
1288	9925
119	9926
4251	9927
5428	9928
7973	9929
4509	9930
7864	9931
7617	9932
2961	9933
5283	9934
8544	9935
586	9936
218	9937
849	9938
5611	9939
8000	9940
7182	9941
5046	9942
5887	9943
7212	9944
8488	9945
7822	9946
2600	9947
3942	9948
1756	9949
6557	9950
678	9951
8951	9952
1645	9953
4553	9954
6718	9955
2298	9956
1853	9957
4550	9958
1144	9959
2990	9960
1153	9961
8164	9962
8630	9963
8654	9964
2446	9965
2492	9966
189	9967
3428	9968
3648	9969
705	9970
5657	9971
4897	9972
8715	9973
657	9974
2364	9975
5343	9976
7213	9977
2777	9978
8887	9979
3775	9980
5058	9981
802	9982
2038	9983
7477	9984
4793	9985
3334	9986
4844	9987
1101	9988
2587	9989
8143	9990
5849	9991
990	9992
6497	9993
2252	9994
552	9995
3397	9996
1038	9997
137	9998
45	9999
5711	10000
