549	1
32	2
1543	3
5554	4
7886	5
8786	6
503	7
2011	8
4561	9
6125	10
6502	11
5197	12
4213	13
7014	14
8575	15
2539	16
6478	17
2550	18
2575	19
3869	20
2013	21
2925	22
5968	23
9603	24
39	25
6709	26
2595	27
7936	28
4180	29
673	30
7520	31
8860	32
6064	33
34	34
5577	35
499	36
3676	37
4349	38
1190	39
2272	40
3408	41
4863	42
9372	43
2364	44
904	45
2711	46
6784	47
9482	48
3663	49
2715	50
7129	51
8869	52
3327	53
6132	54
5547	55
605	56
9293	57
3037	58
3520	59
463	60
8413	61
1738	62
8360	63
7410	64
7084	65
6376	66
6990	67
1704	68
932	69
8001	70
4974	71
4595	72
2524	73
595	74
9014	75
7340	76
6200	77
2346	78
670	79
6141	80
1764	81
6974	82
1249	83
6069	84
325	85
8798	86
9711	87
4402	88
9628	89
2441	90
9009	91
7800	92
815	93
273	94
4889	95
5189	96
9811	97
4821	98
7867	99
9227	100
2435	101
9214	102
8711	103
2000	104
7671	105
3485	106
5182	107
4750	108
7504	109
5626	110
6505	111
9521	112
4087	113
5742	114
1786	115
9620	116
8517	117
1612	118
6408	119
6336	120
6343	121
5482	122
3398	123
4695	124
8714	125
6965	126
598	127
4642	128
564	129
896	130
9838	131
171	132
819	133
4456	134
2687	135
4536	136
9824	137
7540	138
626	139
9297	140
1083	141
1992	142
3235	143
9475	144
637	145
4757	146
7825	147
5997	148
100	149
4117	150
525	151
6885	152
9338	153
7581	154
7080	155
5475	156
5753	157
4046	158
9897	159
3489	160
9538	161
2655	162
4287	163
6704	164
8809	165
8345	166
2800	167
4285	168
6076	169
1463	170
9751	171
253	172
2811	173
2635	174
7802	175
359	176
9902	177
3510	178
5744	179
8003	180
4753	181
9744	182
6650	183
5923	184
7058	185
4856	186
5247	187
4344	188
756	189
7883	190
6737	191
2183	192
623	193
4322	194
9251	195
7243	196
5134	197
3811	198
8766	199
3557	200
8020	201
5223	202
6428	203
5267	204
8165	205
911	206
7391	207
3519	208
2940	209
7797	210
5937	211
335	212
3082	213
6172	214
7610	215
2668	216
9301	217
5831	218
966	219
9622	220
1312	221
4533	222
702	223
1580	224
1477	225
280	226
9670	227
2464	228
6163	229
4731	230
2672	231
3551	232
2468	233
1650	234
7931	235
5988	236
4720	237
3639	238
3879	239
113	240
1760	241
3466	242
104	243
2921	244
3737	245
9700	246
4234	247
6309	248
9844	249
3906	250
7039	251
5339	252
8550	253
1785	254
8684	255
771	256
1010	257
5491	258
2886	259
5689	260
8621	261
2713	262
2662	263
5432	264
8016	265
1846	266
630	267
8751	268
7468	269
3382	270
8445	271
7416	272
485	273
6625	274
1238	275
1022	276
7141	277
7367	278
8501	279
2306	280
8826	281
4827	282
8724	283
8563	284
5454	285
5465	286
3113	287
4101	288
3795	289
1818	290
3106	291
3956	292
1227	293
2622	294
3995	295
477	296
6245	297
2572	298
1997	299
7711	300
7335	301
9471	302
1898	303
9411	304
2109	305
9749	306
37	307
2514	308
5195	309
4082	310
1948	311
5690	312
1303	313
3457	314
9899	315
8846	316
7	317
4841	318
2230	319
3944	320
2647	321
9162	322
7688	323
3046	324
5419	325
1044	326
6919	327
2705	328
215	329
8545	330
4153	331
6361	332
6673	333
8322	334
2735	335
2452	336
1728	337
8991	338
6021	339
6812	340
2451	341
838	342
8164	343
9178	344
5738	345
8713	346
6133	347
305	348
5447	349
6385	350
7784	351
8225	352
575	353
8799	354
392	355
8667	356
1399	357
9888	358
787	359
7596	360
4930	361
6592	362
5385	363
7922	364
5883	365
7949	366
7487	367
9440	368
6303	369
7056	370
1885	371
4431	372
6071	373
7694	374
2842	375
8019	376
9135	377
5855	378
1802	379
5556	380
4506	381
5733	382
1649	383
7685	384
3030	385
6923	386
8514	387
6352	388
6400	389
5131	390
5896	391
7981	392
2838	393
3874	394
4147	395
8945	396
962	397
4560	398
1444	399
6226	400
9576	401
1666	402
9853	403
3703	404
7903	405
3254	406
9855	407
7827	408
1576	409
929	410
936	411
551	412
3203	413
9246	414
5749	415
4849	416
532	417
8717	418
3642	419
2371	420
4625	421
8395	422
6773	423
5262	424
9122	425
8604	426
1661	427
7163	428
2877	429
3730	430
8923	431
6405	432
3105	433
9313	434
5261	435
8922	436
3070	437
6914	438
3621	439
2010	440
5634	441
8534	442
7153	443
2331	444
5731	445
7388	446
8659	447
3474	448
7429	449
7533	450
3816	451
5391	452
2027	453
4769	454
3592	455
6465	456
3997	457
6453	458
6660	459
8290	460
3263	461
350	462
7880	463
8392	464
3300	465
6522	466
6684	467
7082	468
6205	469
1974	470
1624	471
3483	472
5891	473
9774	474
1300	475
9825	476
746	477
53	478
7970	479
7872	480
862	481
9103	482
2917	483
2367	484
6448	485
6338	486
3538	487
5457	488
750	489
2070	490
1517	491
9021	492
1186	493
3289	494
9390	495
2332	496
9279	497
1781	498
3647	499
5402	500
7152	501
7957	502
6589	503
1364	504
6415	505
9530	506
9754	507
9205	508
1697	509
9726	510
4622	511
1535	512
6106	513
9820	514
57	515
5063	516
9334	517
9287	518
6523	519
9433	520
5903	521
1654	522
4626	523
9010	524
2416	525
1696	526
157	527
2075	528
803	529
302	530
27	531
556	532
242	533
8955	534
5798	535
918	536
224	537
553	538
6583	539
8006	540
9404	541
1459	542
9906	543
9734	544
5263	545
2538	546
4790	547
8186	548
8980	549
7482	550
6370	551
8036	552
4020	553
866	554
1631	555
5653	556
3723	557
5868	558
2597	559
2671	560
5600	561
6468	562
6873	563
4224	564
3305	565
4162	566
8086	567
5060	568
8775	569
7393	570
9284	571
972	572
6679	573
1053	574
9788	575
429	576
8617	577
6228	578
2938	579
5203	580
6920	581
5129	582
1737	583
863	584
7417	585
3368	586
7071	587
4448	588
5283	589
4319	590
2256	591
4798	592
6571	593
5044	594
9117	595
9929	596
6710	597
2081	598
8396	599
6834	600
5199	601
5566	602
4021	603
8394	604
8783	605
1218	606
9036	607
9238	608
2779	609
5616	610
217	611
4056	612
5285	613
7146	614
6345	615
6097	616
6973	617
943	618
4214	619
7667	620
6455	621
4215	622
9476	623
6542	624
5158	625
1944	626
3656	627
3823	628
4171	629
8484	630
1226	631
7598	632
7897	633
1177	634
2155	635
9025	636
396	637
8503	638
7654	639
3322	640
9403	641
9048	642
9207	643
6144	644
1470	645
1791	646
3892	647
7189	648
9623	649
3894	650
143	651
5088	652
4890	653
2762	654
5767	655
8241	656
6852	657
9346	658
6029	659
5794	660
334	661
9903	662
212	663
5012	664
2234	665
5665	666
9213	667
2778	668
247	669
1352	670
2926	671
6999	672
7165	673
8234	674
3522	675
8558	676
2270	677
7895	678
5241	679
1146	680
5228	681
5621	682
342	683
7158	684
992	685
333	686
593	687
5467	688
446	689
7302	690
6379	691
6474	692
1716	693
4477	694
7751	695
3509	696
9859	697
6870	698
8327	699
5839	700
9550	701
4113	702
1691	703
3744	704
6233	705
8424	706
6034	707
1000	708
8023	709
7206	710
3266	711
5035	712
3035	713
3585	714
7407	715
5612	716
7987	717
2888	718
8049	719
4002	720
4288	721
1880	722
2425	723
8172	724
6968	725
5371	726
5453	727
7174	728
2606	729
3442	730
459	731
9239	732
8759	733
1859	734
2288	735
5185	736
6759	737
6934	738
8882	739
9793	740
2483	741
3771	742
2978	743
8412	744
4631	745
3281	746
5022	747
1947	748
8185	749
880	750
6915	751
272	752
3962	753
649	754
8700	755
6839	756
4368	757
6736	758
3572	759
939	760
1532	761
550	762
2785	763
9339	764
8387	765
345	766
1428	767
5835	768
8855	769
4900	770
6009	771
1833	772
6840	773
6996	774
7572	775
8151	776
6166	777
9568	778
8144	779
5019	780
5114	781
6050	782
3628	783
1566	784
4238	785
3440	786
877	787
7132	788
9533	789
2089	790
339	791
1118	792
1906	793
9356	794
4875	795
476	796
9160	797
4406	798
4255	799
1393	800
3228	801
374	802
6848	803
1346	804
270	805
5941	806
2022	807
952	808
4275	809
1258	810
85	811
8273	812
8486	813
8962	814
3231	815
800	816
650	817
2157	818
2470	819
9790	820
3889	821
2520	822
6726	823
1735	824
6906	825
6675	826
2824	827
2255	828
5730	829
4475	830
6387	831
1228	832
5081	833
8876	834
1028	835
5762	836
8417	837
260	838
8075	839
2077	840
2370	841
9489	842
8589	843
2582	844
3239	845
3533	846
7113	847
3501	848
3832	849
6595	850
7305	851
2298	852
4405	853
6816	854
6809	855
1876	856
1822	857
4252	858
1963	859
1110	860
5478	861
6856	862
5095	863
4047	864
7210	865
3568	866
632	867
3581	868
5473	869
8695	870
736	871
9818	872
8124	873
677	874
7025	875
4522	876
8068	877
8678	878
166	879
3678	880
7712	881
7542	882
4837	883
21	884
3167	885
3427	886
3957	887
3777	888
3048	889
1122	890
1744	891
5663	892
8516	893
9871	894
1736	895
1503	896
6442	897
1557	898
4298	899
6864	900
7007	901
2017	902
876	903
3733	904
9649	905
7767	906
9146	907
9393	908
9302	909
6231	910
9740	911
1583	912
7633	913
9836	914
4525	915
1062	916
7342	917
9389	918
16	919
1374	920
269	921
84	922
3130	923
9756	924
3717	925
5273	926
1928	927
1584	928
4025	929
3395	930
982	931
8158	932
3611	933
5911	934
9633	935
657	936
5972	937
8249	938
1869	939
6443	940
5888	941
1771	942
900	943
8232	944
245	945
8344	946
1046	947
5920	948
513	949
362	950
3790	951
372	952
6910	953
2743	954
286	955
7913	956
8313	957
8750	958
7721	959
202	960
8123	961
5054	962
8818	963
6360	964
9002	965
9566	966
4179	967
3313	968
2216	969
4091	970
2037	971
1123	972
7472	973
3587	974
7314	975
3937	976
7168	977
3753	978
9345	979
8108	980
7460	981
6503	982
5034	983
1087	984
6845	985
4623	986
2782	987
1700	988
3589	989
5011	990
9315	991
8725	992
133	993
7977	994
422	995
4835	996
4175	997
1098	998
4370	999
9928	1000
7346	1001
4330	1002
9950	1003
5394	1004
1653	1005
1850	1006
2106	1007
6445	1008
7061	1009
1070	1010
8382	1011
4630	1012
2178	1013
3813	1014
60	1015
4284	1016
130	1017
9955	1018
5502	1019
7478	1020
1858	1021
6165	1022
7294	1023
3349	1024
454	1025
6265	1026
28	1027
5253	1028
6577	1029
4244	1030
6866	1031
1367	1032
9720	1033
6912	1034
3513	1035
6891	1036
3324	1037
9130	1038
2036	1039
5341	1040
4107	1041
5074	1042
152	1043
7454	1044
3712	1045
9307	1046
853	1047
5604	1048
5980	1049
6145	1050
3725	1051
1354	1052
5126	1053
7387	1054
2953	1055
8087	1056
9363	1057
6477	1058
1192	1059
7403	1060
6702	1061
3388	1062
3298	1063
9466	1064
8248	1065
7227	1066
1344	1067
8666	1068
2721	1069
3286	1070
351	1071
8482	1072
3794	1073
7029	1074
3515	1075
3911	1076
6187	1077
7770	1078
4938	1079
3925	1080
4059	1081
909	1082
7828	1083
5523	1084
1373	1085
8435	1086
2174	1087
5649	1088
2064	1089
3633	1090
3542	1091
3380	1092
836	1093
7184	1094
9336	1095
4686	1096
8141	1097
6783	1098
6280	1099
35	1100
7747	1101
194	1102
3886	1103
2145	1104
7609	1105
954	1106
4687	1107
7941	1108
5116	1109
4073	1110
6155	1111
2180	1112
8538	1113
8324	1114
8943	1115
2859	1116
475	1117
6314	1118
4363	1119
6206	1120
9056	1121
5727	1122
6699	1123
7722	1124
6447	1125
5857	1126
7766	1127
7928	1128
971	1129
2901	1130
2875	1131
1722	1132
1831	1133
888	1134
757	1135
4593	1136
1881	1137
6760	1138
6161	1139
5530	1140
7075	1141
132	1142
1561	1143
7757	1144
7848	1145
7045	1146
2296	1147
7670	1148
8157	1149
2593	1150
3970	1151
2264	1152
1768	1153
4206	1154
7096	1155
8184	1156
5276	1157
319	1158
6662	1159
9878	1160
8333	1161
5777	1162
9388	1163
3031	1164
498	1165
817	1166
6018	1167
7763	1168
7801	1169
6604	1170
2868	1171
2374	1172
6291	1173
4613	1174
5667	1175
990	1176
9839	1177
5535	1178
8857	1179
3318	1180
8768	1181
7812	1182
6924	1183
6055	1184
8368	1185
3805	1186
514	1187
7054	1188
9408	1189
6407	1190
1237	1191
606	1192
4282	1193
5647	1194
3636	1195
9113	1196
6899	1197
7107	1198
3475	1199
9574	1200
792	1201
1031	1202
761	1203
7546	1204
770	1205
18	1206
5125	1207
6900	1208
945	1209
2598	1210
4663	1211
418	1212
9472	1213
5407	1214
1064	1215
2427	1216
3732	1217
7537	1218
7149	1219
8881	1220
9592	1221
6289	1222
9434	1223
9275	1224
8755	1225
5328	1226
3634	1227
825	1228
174	1229
9762	1230
6969	1231
2469	1232
9061	1233
9272	1234
9308	1235
9832	1236
3295	1237
3329	1238
8548	1239
1243	1240
1266	1241
8251	1242
1152	1243
2318	1244
7125	1245
1058	1246
3225	1247
865	1248
1294	1249
2108	1250
1054	1251
6995	1252
7282	1253
5048	1254
5950	1255
8784	1256
1134	1257
8622	1258
5538	1259
9203	1260
6851	1261
2725	1262
7176	1263
6827	1264
7577	1265
4952	1266
1720	1267
1623	1268
8792	1269
9104	1270
4357	1271
2889	1272
2104	1273
6275	1274
3188	1275
4196	1276
436	1277
2835	1278
8154	1279
1743	1280
3863	1281
6601	1282
8838	1283
7386	1284
8767	1285
9704	1286
2903	1287
7669	1288
2373	1289
4998	1290
6855	1291
934	1292
3635	1293
3991	1294
5741	1295
3189	1296
10	1297
8088	1298
7580	1299
2391	1300
4555	1301
1656	1302
505	1303
8769	1304
6085	1305
8626	1306
9028	1307
2717	1308
1032	1309
1267	1310
2052	1311
2073	1312
2930	1313
4004	1314
9196	1315
8115	1316
6369	1317
730	1318
4500	1319
5521	1320
3412	1321
8216	1322
3739	1323
1610	1324
1019	1325
9556	1326
3123	1327
2150	1328
1460	1329
5884	1330
2763	1331
4723	1332
614	1333
5006	1334
7837	1335
4854	1336
7788	1337
4866	1338
9042	1339
2749	1340
1216	1341
3086	1342
8928	1343
6597	1344
711	1345
7641	1346
7871	1347
7935	1348
8712	1349
3800	1350
9368	1351
9877	1352
2074	1353
7804	1354
4588	1355
8847	1356
1648	1357
6384	1358
349	1359
538	1360
9163	1361
9212	1362
4591	1363
6576	1364
9231	1365
8865	1366
7230	1367
6811	1368
6207	1369
2193	1370
1395	1371
3439	1372
9632	1373
2259	1374
9864	1375
5561	1376
7720	1377
5550	1378
1731	1379
179	1380
7849	1381
4008	1382
3306	1383
4577	1384
8727	1385
1816	1386
1639	1387
8580	1388
3789	1389
5101	1390
8614	1391
5984	1392
8199	1393
8377	1394
409	1395
4095	1396
7249	1397
8905	1398
6937	1399
3780	1400
2144	1401
4383	1402
4248	1403
4052	1404
5954	1405
1609	1406
2084	1407
206	1408
5944	1409
1599	1410
785	1411
8125	1412
2397	1413
592	1414
9197	1415
3477	1416
8549	1417
2048	1418
3987	1419
3098	1420
620	1421
1276	1422
2497	1423
9684	1424
2956	1425
7035	1426
1247	1427
3567	1428
5867	1429
9585	1430
7664	1431
8399	1432
3608	1433
4911	1434
1265	1435
7498	1436
3435	1437
2088	1438
8152	1439
4028	1440
6722	1441
7728	1442
7554	1443
7272	1444
5112	1445
5573	1446
7087	1447
1643	1448
3212	1449
5740	1450
4054	1451
7959	1452
8400	1453
4791	1454
1987	1455
9629	1456
7974	1457
8644	1458
7373	1459
3559	1460
5211	1461
6983	1462
1777	1463
6590	1464
5608	1465
4746	1466
9108	1467
1449	1468
1164	1469
6782	1470
4694	1471
1763	1472
9483	1473
8231	1474
2965	1475
7781	1476
8193	1477
4400	1478
2727	1479
3773	1480
1482	1481
9796	1482
6533	1483
3537	1484
6229	1485
7101	1486
3455	1487
8007	1488
6884	1489
281	1490
8189	1491
9031	1492
2856	1493
7615	1494
5398	1495
4064	1496
4594	1497
4399	1498
748	1499
8998	1500
5175	1501
9635	1502
4	1503
398	1504
5406	1505
7430	1506
8298	1507
7448	1508
855	1509
6552	1510
4347	1511
2253	1512
1935	1513
7257	1514
1325	1515
8364	1516
2209	1517
5963	1518
9392	1519
5782	1520
9850	1521
9516	1522
5921	1523
6152	1524
3259	1525
8440	1526
9759	1527
6353	1528
5200	1529
7177	1530
6308	1531
7296	1532
277	1533
644	1534
8995	1535
6872	1536
7431	1537
8416	1538
4327	1539
1153	1540
6567	1541
5172	1542
7544	1543
1567	1544
9248	1545
7281	1546
478	1547
557	1548
585	1549
6419	1550
9952	1551
8295	1552
9432	1553
6756	1554
2847	1555
3984	1556
1688	1557
9158	1558
1784	1559
9627	1560
2830	1561
308	1562
7726	1563
289	1564
9610	1565
4632	1566
7	1567
4764	1568
1680	1569
7509	1570
9397	1571
740	1572
7809	1573
9469	1574
1999	1575
7739	1576
821	1577
9153	1578
5449	1579
8055	1580
1993	1581
3953	1582
9217	1583
5377	1584
6216	1585
3461	1586
7585	1587
1478	1588
4465	1589
7186	1590
283	1591
9145	1592
9606	1593
9813	1594
856	1595
2363	1596
9958	1597
8652	1598
9699	1599
6803	1600
913	1601
2814	1602
1849	1603
5992	1604
5836	1605
9852	1606
4760	1607
2924	1608
7666	1609
315	1610
1334	1611
2589	1612
8342	1613
1515	1614
3310	1615
4485	1616
2044	1617
4483	1618
5167	1619
3343	1620
2124	1621
7764	1622
8102	1623
8103	1624
2753	1625
5771	1626
8389	1627
8551	1628
8083	1629
1824	1630
6444	1631
6867	1632
154	1633
6633	1634
3644	1635
7749	1636
4893	1637
9747	1638
9826	1639
7024	1640
387	1641
1362	1642
5378	1643
6893	1644
9327	1645
1925	1646
6740	1647
2697	1648
6273	1649
4090	1650
2531	1651
3606	1652
3561	1653
7458	1654
8708	1655
7137	1656
2966	1657
5969	1658
6284	1659
3781	1660
8754	1661
6901	1662
4286	1663
9935	1664
1698	1665
1407	1666
1782	1667
15	1668
2547	1669
6746	1670
1347	1671
6255	1672
8052	1673
1646	1674
2584	1675
8557	1676
9914	1677
3185	1678
4012	1679
1677	1680
6024	1681
7397	1682
4531	1683
6555	1684
5673	1685
119	1686
3584	1687
1559	1688
5962	1689
3664	1690
3294	1691
1604	1692
7796	1693
2927	1694
3234	1695
1144	1696
3045	1697
8303	1698
6357	1699
6399	1700
1195	1701
2168	1702
3534	1703
3722	1704
4154	1705
1355	1706
9659	1707
3227	1708
3938	1709
613	1710
4512	1711
5931	1712
2573	1713
8627	1714
2152	1715
5400	1716
1894	1717
1597	1718
2439	1719
7019	1720
8706	1721
4476	1722
3365	1723
6431	1724
3498	1725
1921	1726
9926	1727
2136	1728
1115	1729
940	1730
2207	1731
4880	1732
7675	1733
1719	1734
3285	1735
8691	1736
2791	1737
9035	1738
6793	1739
731	1740
7455	1741
5637	1742
6211	1743
9915	1744
3858	1745
3701	1746
5062	1747
6299	1748
178	1749
2993	1750
5176	1751
3604	1752
4511	1753
1005	1754
1293	1755
6857	1756
3472	1757
1161	1758
9851	1759
3236	1760
2972	1761
5576	1762
7275	1763
40	1764
6553	1765
5201	1766
753	1767
9931	1768
6665	1769
2870	1770
4602	1771
3751	1772
115	1773
2592	1774
2187	1775
3598	1776
2030	1777
7002	1778
7108	1779
9738	1780
9779	1781
2204	1782
5266	1783
2641	1784
7539	1785
9354	1786
4640	1787
4417	1788
6725	1789
191	1790
6209	1791
720	1792
371	1793
9685	1794
8131	1795
338	1796
7868	1797
3175	1798
9736	1799
3851	1800
3917	1801
244	1802
46	1803
8504	1804
8439	1805
6874	1806
8279	1807
5699	1808
9457	1809
6952	1810
4032	1811
4458	1812
9051	1813
6156	1814
6305	1815
5713	1816
5707	1817
524	1818
9909	1819
8237	1820
664	1821
3578	1822
9837	1823
6649	1824
5945	1825
6916	1826
4290	1827
3358	1828
8434	1829
668	1830
5971	1831
9351	1832
9505	1833
6136	1834
1175	1835
4295	1836
6869	1837
4624	1838
4986	1839
7699	1840
8004	1841
3077	1842
1867	1843
7997	1844
9347	1845
8069	1846
4062	1847
8831	1848
8301	1849
6750	1850
7088	1851
367	1852
2519	1853
9216	1854
3698	1855
4507	1856
9180	1857
8271	1858
9942	1859
7617	1860
6889	1861
5624	1862
4011	1863
4509	1864
3553	1865
1304	1866
8977	1867
2154	1868
774	1869
9904	1870
3965	1871
780	1872
4675	1873
1905	1874
3930	1875
5845	1876
2619	1877
601	1878
5581	1879
4628	1880
8513	1881
6002	1882
9430	1883
9288	1884
8039	1885
1048	1886
8174	1887
481	1888
526	1889
1508	1890
8190	1891
5315	1892
4547	1893
3839	1894
7735	1895
1256	1896
6182	1897
6070	1898
5077	1899
6451	1900
3671	1901
7958	1902
2188	1903
3018	1904
6146	1905
3019	1906
2654	1907
4200	1908
935	1909
4727	1910
437	1911
8061	1912
1827	1913
2043	1914
3080	1915
5073	1916
2562	1917
8885	1918
4033	1919
9949	1920
6344	1921
8807	1922
7571	1923
158	1924
2625	1925
4853	1926
8683	1927
1285	1928
3391	1929
3206	1930
4328	1931
2486	1932
1472	1933
4121	1934
4081	1935
7004	1936
9513	1937
1235	1938
7159	1939
3124	1940
5361	1941
7009	1942
8451	1943
3108	1944
5503	1945
9220	1946
7219	1947
6686	1948
7724	1949
8774	1950
3547	1951
2035	1952
8256	1953
2610	1954
5745	1955
6067	1956
5545	1957
7284	1958
1892	1959
8593	1960
9817	1961
1874	1962
375	1963
3640	1964
5058	1965
9558	1966
8168	1967
5978	1968
110	1969
1313	1970
4554	1971
4495	1972
3059	1973
2455	1974
7933	1975
2361	1976
3344	1977
9577	1978
7400	1979
983	1980
9719	1981
9560	1982
5281	1983
4801	1984
5916	1985
2716	1986
4904	1987
3114	1988
5993	1989
2729	1990
86	1991
4556	1992
5715	1993
9459	1994
7121	1995
1234	1996
2029	1997
5697	1998
2241	1999
1371	2000
7094	2001
984	2002
3414	2003
5708	2004
7202	2005
294	2006
9467	2007
3516	2008
5847	2009
3293	2010
2495	2011
4616	2012
5756	2013
6092	2014
9322	2015
7910	2016
8590	2017
4233	2018
6495	2019
8791	2020
5294	2021
5090	2022
3013	2023
4128	2024
5392	2025
870	2026
7474	2027
4105	2028
5650	2029
9724	2030
9536	2031
6674	2032
5214	2033
5235	2034
635	2035
5038	2036
6846	2037
2658	2038
2806	2039
5321	2040
6981	2041
471	2042
8483	2043
2344	2044
5372	2045
3919	2046
6368	2047
9510	2048
1172	2049
5091	2050
128	2051
2864	2052
2215	2053
4784	2054
397	2055
9661	2056
523	2057
4653	2058
389	2059
417	2060
7280	2061
5461	2062
6300	2063
1165	2064
7089	2065
9503	2066
7300	2067
3505	2068
182	2069
6580	2070
1270	2071
8862	2072
1555	2073
9230	2074
9264	2075
7588	2076
8552	2077
4198	2078
9076	2079
9431	2080
3169	2081
5413	2082
9712	2083
2630	2084
2904	2085
4842	2086
9299	2087
4163	2088
493	2089
8167	2090
8373	2091
1251	2092
2056	2093
2377	2094
8170	2095
735	2096
6943	2097
5938	2098
465	2099
7390	2100
8331	2101
5436	2102
8361	2103
8166	2104
251	2105
9876	2106
4202	2107
491	2108
8770	2109
5514	2110
5093	2111
4530	2112
3097	2113
766	2114
8159	2115
4922	2116
8318	2117
8772	2118
9186	2119
4190	2120
2766	2121
3809	2122
4274	2123
6	2124
1343	2125
9873	2126
8391	2127
5499	2128
5823	2129
8175	2130
1998	2131
8026	2132
5127	2133
7095	2134
9562	2135
3177	2136
4612	2137
9110	2138
7226	2139
3985	2140
3434	2141
9868	2142
8824	2143
574	2144
6247	2145
8438	2146
7256	2147
2709	2148
2726	2149
3888	2150
3724	2151
6631	2152
9082	2153
4499	2154
8406	2155
9922	2156
6441	2157
7870	2158
1209	2159
301	2160
2941	2161
361	2162
9495	2163
545	2164
2551	2165
6285	2166
6958	2167
4432	2168
7288	2169
2768	2170
1798	2171
7813	2172
5526	2173
7306	2174
8749	2175
7807	2176
6621	2177
7443	2178
6775	2179
4226	2180
2181	2181
4969	2182
7173	2183
4316	2184
2549	2185
7198	2186
6323	2187
1257	2188
4740	2189
55	2190
3978	2191
8038	2192
28	2193
2184	2194
978	2195
7912	2196
6176	2197
8255	2198
5808	2199
6475	2200
3562	2201
4093	2202
7665	2203
7182	2204
2045	2205
5304	2206
5811	2207
6516	2208
4041	2209
534	2210
8037	2211
1242	2212
4879	2213
9890	2214
7155	2215
1926	2216
8817	2217
7932	2218
5942	2219
4607	2220
3053	2221
8178	2222
8117	2223
6235	2224
2472	2225
5359	2226
8215	2227
2197	2228
82	2229
7310	2230
2745	2231
6865	2232
8567	2233
2801	2234
9898	2235
4576	2236
5355	2237
5819	2238
1067	2239
3576	2240
3612	2241
1672	2242
4325	2243
2393	2244
2583	2245
7717	2246
1740	2247
8586	2248
69	2249
1136	2250
698	2251
1814	2252
914	2253
6014	2254
8485	2255
5113	2256
2591	2257
8207	2258
1682	2259
3233	2260
8940	2261
1534	2262
7093	2263
7506	2264
6274	2265
5957	2266
287	2267
6591	2268
1431	2269
8996	2270
2262	2271
2273	2272
5709	2273
8375	2274
3507	2275
6258	2276
6541	2277
3323	2278
6643	2279
6135	2280
4471	2281
2574	2282
8988	2283
2555	2284
3802	2285
2719	2286
3607	2287
6755	2288
4830	2289
6120	2290
2467	2291
7518	2292
3688	2293
5464	2294
6388	2295
3346	2296
231	2297
3020	2298
9127	2299
3503	2300
6073	2301
7817	2302
5849	2303
9686	2304
7924	2305
3058	2306
8539	2307
3854	2308
5917	2309
5496	2310
255	2311
5729	2312
9359	2313
3057	2314
1320	2315
9843	2316
646	2317
8227	2318
6670	2319
5225	2320
6383	2321
9321	2322
830	2323
8851	2324
1231	2325
7077	2326
278	2327
5085	2328
3149	2329
1050	2330
7442	2331
3738	2332
4689	2333
1549	2334
4331	2335
3052	2336
4914	2337
544	2338
6189	2339
6849	2340
4845	2341
3221	2342
9448	2343
4818	2344
5627	2345
1707	2346
5658	2347
6169	2348
4980	2349
3193	2350
8494	2351
3342	2352
3074	2353
331	2354
9465	2355
5913	2356
6942	2357
4741	2358
6688	2359
7181	2360
3187	2361
3784	2362
2402	2363
7273	2364
3245	2365
8162	2366
3902	2367
5161	2368
7144	2369
3447	2370
7208	2371
2590	2372
4960	2373
807	2374
7279	2375
604	2376
2340	2377
1660	2378
1570	2379
8201	2380
2931	2381
739	2382
7191	2383
9920	2384
68	2385
2166	2386
7943	2387
5029	2388
9602	2389
7309	2390
5565	2391
6010	2392
8967	2393
5541	2394
4592	2395
652	2396
1305	2397
7701	2398
9183	2399
2933	2400
6528	2401
6931	2402
7575	2403
996	2404
2387	2405
6278	2406
7992	2407
1953	2408
1277	2409
4754	2410
5869	2411
6833	2412
3348	2413
5108	2414
799	2415
776	2416
1377	2417
5238	2418
5719	2419
6562	2420
5505	2421
4193	2422
4809	2423
4648	2424
22	2425
7638	2426
3899	2427
3354	2428
6644	2429
5827	2430
261	2431
897	2432
2674	2433
5558	2434
6892	2435
1299	2436
7048	2437
2312	2438
8453	2439
2415	2440
1618	2441
2383	2442
6267	2443
7211	2444
694	2445
3261	2446
4130	2447
3586	2448
9908	2449
3941	2450
923	2451
2430	2452
3304	2453
58	2454
980	2455
4125	2456
7508	2457
9416	2458
3846	2459
7118	2460
1627	2461
7673	2462
5696	2463
2485	2464
6364	2465
2780	2466
9087	2467
7821	2468
9715	2469
6452	2470
4829	2471
6520	2472
3695	2473
1637	2474
2704	2475
8286	2476
4166	2477
6406	2478
6841	2479
5468	2480
7925	2481
8372	2482
8677	2483
6350	2484
9198	2485
2078	2486
9804	2487
1766	2488
9570	2489
1421	2490
3451	2491
3951	2492
6371	2493
9643	2494
715	2495
7292	2496
6862	2497
4309	2498
8095	2499
8611	2500
9401	2501
4777	2502
7962	2503
3555	2504
8934	2505
2218	2506
3111	2507
6525	2508
8748	2509
4563	2510
7681	2511
1828	2512
365	2513
5150	2514
9666	2515
6993	2516
8071	2517
5269	2518
4518	2519
1315	2520
1310	2521
6735	2522
4540	2523
4817	2524
12	2525
2404	2526
5668	2527
155	2528
3622	2529
1381	2530
9938	2531
8084	2532
7731	2533
3980	2534
4877	2535
6075	2536
7911	2537
8859	2538
4437	2539
1923	2540
3820	2541
6843	2542
4353	2543
7408	2544
1426	2545
317	2546
1363	2547
81	2548
6890	2549
3708	2550
1629	2551
3335	2552
7079	2553
8966	2554
1988	2555
9229	2556
6098	2557
5851	2558
1191	2559
2414	2560
5488	2561
4182	2562
6733	2563
8180	2564
3864	2565
8015	2566
9369	2567
7345	2568
9111	2569
1937	2570
6786	2571
7022	2572
521	2573
3375	2574
5155	2575
48	2576
4805	2577
2758	2578
9277	2579
2961	2580
6031	2581
4342	2582
4395	2583
6440	2584
5943	2585
7839	2586
3022	2587
172	2588
9154	2589
1973	2590
9527	2591
1484	2592
8214	2593
138	2594
3998	2595
2276	2596
3546	2597
2708	2598
8596	2599
5057	2600
2492	2601
4721	2602
1659	2603
7901	2604
1003	2605
9894	2606
3488	2607
4106	2608
4726	2609
1524	2610
8643	2611
3453	2612
3314	2613
1542	2614
4134	2615
7826	2616
5320	2617
1765	2618
9343	2619
1531	2620
7878	2621
7672	2622
3502	2623
8192	2624
1819	2625
9540	2626
738	2627
5135	2628
257	2629
5274	2630
2238	2631
4639	2632
7220	2633
7947	2634
6979	2635
2740	2636
3727	2637
9565	2638
1994	2639
9012	2640
7337	2641
7573	2642
3977	2643
8802	2644
7322	2645
1626	2646
5001	2647
2069	2648
7128	2649
3003	2650
608	2651
1013	2652
9733	2653
7894	2654
6657	2655
3754	2656
3867	2657
3884	2658
5494	2659
1705	2660
8527	2661
2	2662
3933	2663
7327	2664
5270	2665
3668	2666
5476	2667
3339	2668
5873	2669
9944	2670
5609	2671
5458	2672
908	2673
9286	2674
851	2675
9133	2676
2409	2677
2809	2678
2065	2679
3464	2680
9000	2681
9101	2682
3387	2683
8931	2684
2362	2685
4983	2686
5928	2687
1135	2688
7851	2689
8520	2690
3652	2691
5563	2692
6499	2693
1335	2694
4036	2695
3129	2696
8758	2697
4442	2698
4257	2699
3116	2700
1603	2701
5999	2702
5032	2703
6765	2704
6059	2705
6086	2706
5976	2707
9723	2708
7646	2709
3356	2710
7952	2711
6236	2712
3437	2713
5479	2714
5003	2715
8090	2716
7776	2717
3943	2718
1396	2719
3079	2720
9194	2721
5504	2722
9072	2723
8579	2724
2282	2725
8130	2726
6961	2727
6610	2728
5651	2729
7668	2730
2876	2731
6717	2732
3707	2733
7090	2734
9681	2735
2118	2736
3237	2737
2007	2738
6512	2739
8525	2740
7404	2741
9665	2742
4100	2743
9062	2744
2608	2745
6611	2746
2585	2747
6763	2748
3006	2749
8428	2750
554	2751
928	2752
6142	2753
7187	2754
3599	2755
7475	2756
6544	2757
3373	2758
5660	2759
7650	2760
3893	2761
6168	2762
4420	2763
7333	2764
6954	2765
1976	2766
5960	2767
9215	2768
2688	2769
3714	2770
7068	2771
9380	2772
198	2773
5485	2774
4586	2775
749	2776
541	2777
9054	2778
2804	2779
142	2780
2512	2781
1353	2782
2239	2783
8060	2784
4397	2785
5202	2786
8976	2787
9889	2788
8731	2789
3413	2790
97	2791
3460	2792
6311	2793
5796	2794
5100	2795
6043	2796
6212	2797
7271	2798
7778	2799
5435	2800
9697	2801
684	2802
3197	2803
4901	2804
8096	2805
5205	2806
597	2807
2812	2808
9544	2809
5843	2810
190	2811
9486	2812
2542	2813
1101	2814
9656	2815
9152	2816
4144	2817
5379	2818
8009	2819
4300	2820
9261	2821
7496	2822
3255	2823
4814	2824
2714	2825
5691	2826
5953	2827
3145	2828
9222	2829
1961	2830
1983	2831
3580	2832
3222	2833
1504	2834
1024	2835
6222	2836
6084	2837
6096	2838
460	2839
7463	2840
9698	2841
4143	2842
3216	2843
8661	2844
211	2845
7013	2846
1523	2847
1837	2848
5679	2849
6042	2850
6346	2851
7295	2852
2002	2853
4523	2854
3810	2855
4714	2856
8468	2857
7599	2858
5220	2859
7476	2860
1378	2861
2631	2862
9166	2863
6272	2864
1487	2865
3168	2866
8835	2867
8473	2868
3958	2869
5583	2870
7618	2871
2653	2872
5	2873
2752	2874
1409	2875
5568	2876
737	2877
3718	2878
7753	2879
382	2880
8204	2881
8467	2882
1807	2883
3910	2884
8011	2885
903	2886
2908	2887
2020	2888
9523	2889
4003	2890
2765	2891
2974	2892
1302	2893
7484	2894
3264	2895
4479	2896
56	2897
23	2898
7702	2899
3333	2900
7123	2901
8899	2902
5765	2903
2675	2904
1143	2905
8852	2906
4433	2907
1473	2908
2268	2909
3242	2910
6177	2911
9701	2912
9292	2913
5311	2914
9473	2915
1486	2916
5287	2917
9769	2918
7017	2919
9128	2920
8277	2921
8455	2922
1414	2923
9714	2924
3677	2925
8463	2926
5716	2927
7102	2928
8043	2929
2863	2930
1996	2931
2508	2932
9589	2933
8602	2934
5075	2935
9444	2936
1714	2937
7920	2938
6253	2939
6394	2940
2237	2941
9809	2942
8546	2943
4781	2944
7023	2945
6645	2946
1615	2947
3000	2948
4120	2949
7127	2950
2723	2951
5746	2952
8618	2953
1253	2954
14	2955
9352	2956
1	2957
5764	2958
9225	2959
1664	2960
7869	2961
2494	2962
8973	2963
889	2964
6110	2965
4886	2966
2567	2967
3971	2968
9841	2969
1795	2970
9578	2971
1575	2972
6013	2973
9755	2974
9190	2975
2309	2976
965	2977
2733	2978
7254	2979
1721	2980
8688	2981
4345	2982
6749	2983
9845	2984
1307	2985
1924	2986
504	2987
7566	2988
8686	2989
1732	2990
8429	2991
299	2992
5899	2993
1370	2994
5000	2995
1761	2996
9350	2997
8169	2998
7944	2999
5795	3000
2683	3001
9535	3002
7677	3003
6230	3004
5559	3005
1308	3006
3051	3007
4242	3008
5477	3009
5543	3010
13	3011
6788	3012
1856	3013
2228	3014
9595	3015
8300	3016
1681	3017
615	3018
5895	3019
1651	3020
5661	3021
4580	3022
8139	3023
6564	3024
5021	3025
7362	3026
8743	3027
2232	3028
824	3029
6606	3030
7365	3031
5961	3032
2948	3033
1734	3034
3418	3035
2038	3036
5296	3037
10	3038
5162	3039
8380	3040
6490	3041
665	3042
7262	3043
9069	3044
9526	3045
3729	3046
4063	3047
5510	3048
1750	3049
3224	3050
7192	3051
7250	3052
4570	3053
5909	3054
5926	3055
6004	3056
8316	3057
1288	3058
1080	3059
5786	3060
2850	3061
8474	3062
6701	3063
103	3064
4010	3065
8732	3066
1820	3067
1365	3068
9242	3069
1606	3070
7748	3071
8781	3072
4709	3073
1775	3074
4088	3075
7594	3076
8532	3077
6721	3078
8654	3079
4846	3080
6826	3081
4123	3082
4360	3083
388	3084
7440	3085
4701	3086
1940	3087
3734	3088
5303	3089
384	3090
5619	3091
958	3092
3535	3093
1051	3094
9675	3095
8631	3096
588	3097
1493	3098
3317	3099
227	3100
707	3101
8245	3102
4031	3103
1309	3104
9731	3105
4366	3106
5723	3107
6035	3108
4546	3109
9771	3110
7723	3111
516	3112
5675	3113
9412	3114
7853	3115
479	3116
8136	3117
1408	3118
3939	3119
933	3120
6895	3121
6967	3122
7552	3123
1830	3124
6539	3125
8030	3126
1834	3127
219	3128
5133	3129
2613	3130
6823	3131
4439	3132
5876	3133
5383	3134
5028	3135
708	3136
9874	3137
1805	3138
7343	3139
7709	3140
7715	3141
4504	3142
9554	3143
6521	3144
360	3145
4066	3146
6201	3147
9294	3148
1840	3149
7473	3150
8335	3151
7684	3152
1004	3153
878	3154
8074	3155
4378	3156
1296	3157
8519	3158
726	3159
6656	3160
3101	3161
2805	3162
6417	3163
8584	3164
6153	3165
2333	3166
5452	3167
1978	3168
402	3169
6715	3170
5333	3171
7969	3172
5516	3173
470	3174
7690	3175
1916	3176
7972	3177
1685	3178
7323	3179
4993	3180
2897	3181
1658	3182
9727	3183
2457	3184
9136	3185
1202	3186
3638	3187
2094	3188
7303	3189
1442	3190
2822	3191
4990	3192
4310	3193
4768	3194
8122	3195
1392	3196
7398	3197
8449	3198
3949	3199
1796	3200
6292	3201
7525	3202
1210	3203
3207	3204
2243	3205
6634	3206
1040	3207
9707	3208
2507	3209
1162	3210
4409	3211
4119	3212
9791	3213
5623	3214
220	3215
6697	3216
9232	3217
4493	3218
9081	3219
3755	3220
6426	3221
3597	3222
947	3223
5332	3224
7178	3225
4873	3226
4643	3227
9802	3228
3028	3229
4775	3230
1198	3231
4958	3232
7995	3233
3758	3234
840	3235
1783	3236
7197	3237
2019	3238
1901	3239
5068	3240
1389	3241
5216	3242
3047	3243
4895	3244
3908	3245
3662	3246
7278	3247
486	3248
7239	3249
2202	3250
7072	3251
5110	3252
7251	3253
3152	3254
3208	3255
5302	3256
5614	3257
449	3258
5596	3259
4126	3260
5498	3261
883	3262
4979	3263
7477	3264
967	3265
6829	3266
4375	3267
487	3268
8646	3269
6227	3270
9040	3271
7601	3272
5582	3273
8920	3274
2857	3275
9786	3276
1443	3277
4294	3278
5181	3279
5047	3280
6907	3281
682	3282
3351	3283
3630	3284
4926	3285
3480	3286
9636	3287
9169	3288
7562	3289
5820	3290
950	3291
2169	3292
3009	3293
9587	3294
7467	3295
3588	3296
5501	3297
6341	3298
6234	3299
9441	3300
1684	3301
7793	3302
332	3303
1985	3304
5639	3305
5043	3306
658	3307
249	3308
9637	3309
4539	3310
5866	3311
3353	3312
5166	3313
4018	3314
6127	3315
5781	3316
2902	3317
3063	3318
71	3319
6574	3320
3253	3321
3469	3322
6012	3323
2952	3324
3087	3325
149	3326
7775	3327
8701	3328
2431	3329
8034	3330
2446	3331
5298	3332
2406	3333
2236	3334
7743	3335
1142	3336
4579	3337
6941	3338
6850	3339
542	3340
8895	3341
8610	3342
8989	3343
5414	3344
6960	3345
6716	3346
5424	3347
7050	3348
8466	3349
6909	3350
1057	3351
7678	3352
8702	3353
6041	3354
662	3355
3637	3356
7491	3357
3341	3358
8275	3359
3338	3360
5106	3361
9794	3362
3735	3363
6842	3364
4256	3365
2957	3366
3463	3367
5264	3368
440	3369
7315	3370
7078	3371
8044	3372
5481	3373
8367	3374
4424	3375
5348	3376
3804	3377
6687	3378
8281	3379
4489	3380
7033	3381
7420	3382
9256	3383
6987	3384
4343	3385
6065	3386
5648	3387
7382	3388
2059	3389
8756	3390
4678	3391
9849	3392
2191	3393
3075	3394
3202	3395
125	3396
8320	3397
2629	3398
2250	3399
5761	3400
5065	3401
2217	3402
3301	3403
860	3404
2046	3405
6022	3406
9806	3407
6822	3408
7316	3409
3946	3410
9880	3411
3625	3412
6692	3413
8160	3414
1412	3415
8723	3416
7725	3417
2722	3418
5138	3419
9004	3420
3271	3421
963	3422
1466	3423
7604	3424
3326	3425
681	3426
1092	3427
8536	3428
5735	3429
3067	3430
8120	3431
4013	3432
9937	3433
9612	3434
9936	3435
5403	3436
8263	3437
2521	3438
9680	3439
2506	3440
9059	3441
6188	3442
4541	3443
6281	3444
3486	3445
3967	3446
8950	3447
3819	3448
1889	3449
6529	3450
6629	3451
167	3452
5536	3453
3759	3454
3270	3455
920	3456
7148	3457
3814	3458
3626	3459
2693	3460
8274	3461
107	3462
699	3463
8874	3464
546	3465
7426	3466
6147	3467
3095	3468
497	3469
4312	3470
8801	3471
72	3472
9400	3473
4157	3474
3907	3475
3487	3476
2798	3477
5111	3478
6623	3479
7049	3480
9247	3481
3494	3482
2973	3483
8031	3484
7252	3485
2659	3486
7449	3487
1112	3488
9563	3489
2459	3490
2971	3491
3660	3492
4394	3493
161	3494
7865	3495
6978	3496
2732	3497
65	3498
1230	3499
5813	3500
1630	3501
3603	3502
1292	3503
3109	3504
4733	3505
62	3506
2149	3507
3686	3508
3895	3509
484	3510
3999	3511
581	3512
490	3513
8431	3514
6667	3515
6791	3516
1585	3517
2102	3518
9537	3519
5645	3520
4589	3521
3178	3522
8000	3523
8849	3524
5016	3525
2701	3526
7783	3527
8716	3528
9421	3529
9437	3530
1663	3531
3669	3532
6321	3533
8672	3534
1878	3535
3072	3536
9211	3537
602	3538
6015	3539
210	3540
4585	3541
8598	3542
5580	3543
5334	3544
645	3545
7732	3546
3192	3547
1703	3548
4794	3549
2601	3550
3049	3551
3490	3552
957	3553
1331	3554
2179	3555
2928	3556
1275	3557
4462	3558
886	3559
7523	3560
6844	3561
3359	3562
8918	3563
4019	3564
3680	3565
4301	3566
8837	3567
1341	3568
9462	3569
9605	3570
2528	3571
2285	3572
6599	3573
7212	3574
3360	3575
5487	3576
9588	3577
4065	3578
1163	3579
5257	3580
3258	3581
1769	3582
4728	3583
3402	3584
3596	3585
2577	3586
6860	3587
3420	3588
6929	3589
9386	3590
1733	3591
576	3592
8656	3593
1375	3594
2621	3595
616	3596
5910	3597
2700	3598
8294	3599
3968	3600
1468	3601
7808	3602
4918	3603
7918	3604
2626	3605
9119	3606
4936	3607
3399	3608
1132	3609
9289	3610
169	3611
33	3612
6708	3613
5800	3614
8994	3615
9947	3616
7000	3617
156	3618
6506	3619
1544	3620
6753	3621
6586	3622
4393	3623
3050	3624
2292	3625
7203	3626
7769	3627
6805	3628
1554	3629
5754	3630
2341	3631
5805	3632
8992	3633
233	3634
8062	3635
5301	3636
7996	3637
3915	3638
3165	3639
9676	3640
407	3641
1086	3642
4658	3643
5310	3644
5986	3645
7286	3646
2692	3647
7579	3648
2770	3649
5236	3650
9112	3651
4688	3652
9581	3653
9378	3654
3478	3655
5426	3656
4042	3657
2513	3658
1089	3659
9953	3660
8470	3661
9854	3662
4396	3663
7112	3664
7875	3665
420	3666
5567	3667
4923	3668
6128	3669
4811	3670
1611	3671
2432	3672
4435	3673
7513	3674
9504	3675
4122	3676
343	3677
9534	3678
9590	3679
4738	3680
5688	3681
8348	3682
5620	3683
2620	3684
5382	3685
6083	3686
5706	3687
6072	3688
6298	3689
2358	3690
8078	3691
9682	3692
7956	3693
4636	3694
1232	3695
8261	3696
2695	3697
6362	3698
9332	3699
2669	3700
2025	3701
6729	3702
3876	3703
6053	3704
5187	3705
6732	3706
6262	3707
9745	3708
400	3709
5579	3710
1173	3711
4913	3712
3792	3713
2365	3714
5025	3715
2825	3716
6680	3717
3162	3718
3210	3719
6738	3720
722	3721
3916	3722
1709	3723
1865	3724
9487	3725
2665	3726
5130	3727
4425	3728
5336	3729
858	3730
7857	3731
6214	3732
6051	3733
2325	3734
6944	3735
3291	3736
4254	3737
1759	3738
4780	3739
26	3740
2738	3741
3990	3742
3934	3743
4131	3744
8609	3745
8337	3746
8990	3747
209	3748
8776	3749
3641	3750
1946	3751
8050	3752
1890	3753
6588	3754
8662	3755
7215	3756
2963	3757
7530	3758
775	3759
7640	3760
237	3761
6491	3762
9693	3763
2751	3764
7547	3765
8564	3766
6118	3767
8531	3768
1866	3769
4912	3770
7097	3771
8472	3772
1879	3773
1540	3774
3726	3775
6213	3776
1551	3777
5955	3778
4039	3779
3818	3780
3299	3781
3337	3782
1896	3783
9446	3784
6581	3785
9188	3786
9115	3787
8450	3788
1200	3789
9739	3790
9930	3791
6986	3792
4498	3793
4340	3794
1909	3795
5152	3796
1327	3797
6988	3798
4227	3799
6462	3800
3890	3801
6330	3802
2123	3803
6950	3804
2755	3805
9039	3806
3481	3807
5145	3808
9919	3809
3778	3810
4670	3811
8032	3812
9478	3813
5701	3814
619	3815
7814	3816
7248	3817
1560	3818
946	3819
9016	3820
7497	3821
4562	3822
2223	3823
2041	3824
8805	3825
7636	3826
2942	3827
5726	3828
6535	3829
2826	3830
5293	3831
4839	3832
6137	3833
3417	3834
4261	3835
1500	3836
4970	3837
2702	3838
8929	3839
8868	3840
9515	3841
2008	3842
2408	3843
5078	3844
33	3845
2911	3846
8963	3847
3250	3848
8823	3849
1424	3850
2510	3851
2034	3852
5159	3853
1391	3854
8870	3855
3659	3856
1564	3857
4414	3858
4005	3859
6401	3860
3377	3861
944	3862
3179	3863
4717	3864
296	3865
507	3866
9109	3867
3361	3868
3935	3869
9548	3870
1642	3871
4404	3872
6813	3873
979	3874
27	3875
7847	3876
8733	3877
9706	3878
2450	3879
8583	3880
3143	3881
1578	3882
8571	3883
2304	3884
5239	3885
77	3886
3128	3887
9424	3888
4920	3889
9522	3890
2360	3891
2176	3892
3702	3893
7489	3894
4527	3895
674	3896
2498	3897
1550	3898
4519	3899
3287	3900
3429	3901
6461	3902
2581	3903
2730	3904
3369	3905
6548	3906
3431	3907
5758	3908
1090	3909
5174	3910
6464	3911
1706	3912
1425	3913
2098	3914
7686	3915
9195	3916
76	3917
5555	3918
8285	3919
8839	3920
8339	3921
2580	3922
7083	3923
9172	3924
2175	3925
291	3926
6800	3927
1321	3928
3159	3929
7649	3930
5318	3931
4898	3932
6301	3933
4474	3934
3438	3935
5026	3936
2456	3937
5188	3938
2557	3939
4061	3940
5508	3941
9784	3942
6556	3943
5268	3944
8498	3945
6880	3946
5104	3947
941	3948
2349	3949
3223	3950
9772	3951
4211	3952
2679	3953
9663	3954
2882	3955
7131	3956
3357	3957
7493	3958
8820	3959
5775	3960
8089	3961
9725	3962
8257	3963
4520	3964
1151	3965
1017	3966
8480	3967
533	3968
8408	3969
3728	3970
6819	3971
3829	3972
7214	3973
9679	3974
4838	3975
5480	3976
9519	3977
121	3978
9360	3979
141	3980
5671	3981
566	3982
1454	3983
3552	3984
4644	3985
4263	3986
2061	3987
1483	3988
2560	3989
6837	3990
2281	3991
5433	3992
6119	3993
8655	3994
4264	3995
3512	3996
7639	3997
6559	3998
2286	3999
3394	4000
8362	4001
2685	4002
1390	4003
1060	4004
5751	4005
9494	4006
6340	4007
8073	4008
9137	4009
3131	4010
6454	4011
4571	4012
3091	4013
4108	4014
7551	4015
7494	4016
968	4017
3229	4018
6705	4019
1167	4020
3256	4021
5918	4022
1338	4023
7558	4024
2746	4025
9842	4026
1862	4027
79	4028
216	4029
8639	4030
5683	4031
9065	4032
9443	4033
2208	4034
4080	4035
7370	4036
7405	4037
7789	4038
4932	4039
3441	4040
5373	4041
9488	4042
5007	4043
3670	4044
1498	4045
9450	4046
4098	4047
9722	4048
5816	4049
3667	4050
4567	4051
1882	4052
8875	4053
603	4054
435	4055
9814	4056
8196	4057
1801	4058
4635	4059
6609	4060
1929	4061
8118	4062
6377	4063
9124	4064
7560	4065
3844	4066
4273	4067
4600	4068
8356	4069
9599	4070
9435	4071
5463	4072
4770	4073
4748	4074
64	4075
9204	4076
2823	4077
3146	4078
6557	4079
9729	4080
83	4081
9366	4082
4637	4083
6485	4084
3251	4085
9593	4086
4907	4087
5357	4088
89	4089
1350	4090
2696	4091
3468	4092
790	4093
6663	4094
7364	4095
7755	4096
4451	4097
1491	4098
20	4099
5533	4100
705	4101
1565	4102
1955	4103
3244	4104
6507	4105
981	4106
666	4107
7156	4108
5279	4109
3649	4110
9552	4111
462	4112
5684	4113
7835	4114
676	4115
6618	4116
5431	4117
2040	4118
778	4119
8397	4120
1273	4121
2337	4122
4429	4123
9775	4124
7439	4125
5105	4126
275	4127
3133	4128
618	4129
9278	4130
2852	4131
3085	4132
7876	4133
9063	4134
3252	4135
2839	4136
6486	4137
4486	4138
9743	4139
6027	4140
1845	4141
1982	4142
7833	4143
9549	4144
3350	4145
4259	4146
1455	4147
4722	4148
451	4149
6334	4150
8452	4151
3845	4152
1884	4153
1770	4154
7423	4155
2535	4156
8376	4157
4289	4158
4699	4159
6423	4160
8848	4161
3914	4162
9703	4163
3232	4164
5442	4165
271	4166
6221	4167
1170	4168
6077	4169
1950	4170
4965	4171
1510	4172
3025	4173
6658	4174
4807	4175
8321	4176
651	4177
4269	4178
1809	4179
2420	4180
1095	4181
3157	4182
6103	4183
1505	4184
8437	4185
500	4186
1063	4187
9672	4188
8834	4189
4382	4190
1774	4191
6171	4192
2840	4193
5345	4194
4572	4195
6810	4196
2967	4197
9615	4198
4783	4199
163	4200
6868	4201
8354	4202
8547	4203
7619	4204
2163	4205
8270	4206
7644	4207
3881	4208
2271	4209
7840	4210
4698	4211
9149	4212
4337	4213
7874	4214
4604	4215
2536	4216
3617	4217
9179	4218
6283	4219
2411	4220
453	4221
7532	4222
4649	4223
1283	4224
9742	4225
4528	4226
8740	4227
1014	4228
9438	4229
5546	4230
9221	4231
1268	4232
5349	4233
1415	4234
4617	4235
2530	4236
1915	4237
9810	4238
989	4239
5801	4240
29	4241
3230	4242
868	4243
9569	4244
7051	4245
5258	4246
1687	4247
7138	4248
9383	4249
9318	4250
3684	4251
4989	4252
6977	4253
2294	4254
455	4255
1176	4256
2827	4257
7441	4258
4068	4259
4883	4260
716	4261
1812	4262
7047	4263
1078	4264
634	4265
9821	4266
3257	4267
530	4268
5734	4269
4544	4270
1810	4271
7823	4272
5676	4273
8094	4274
9306	4275
7687	4276
5717	4277
2342	4278
2394	4279
518	4280
6090	4281
3609	4282
1422	4283
2646	4284
3330	4285
4736	4286
3135	4287
9070	4288
7907	4289
7354	4290
1903	4291
7885	4292
1942	4293
9364	4294
6904	4295
9007	4296
1592	4297
8477	4298
4079	4299
6239	4300
1943	4301
2846	4302
9320	4303
4104	4304
3112	4305
3853	4306
4661	4307
4141	4308
24	4309
4365	4310
7902	4311
148	4312
1264	4313
6561	4314
49	4315
4655	4316
472	4317
8208	4318
9330	4319
8665	4320
8456	4321
7856	4322
4804	4323
9639	4324
4040	4325
8906	4326
783	4327
3569	4328
2392	4329
5947	4330
7481	4331
7081	4332
2594	4333
1945	4334
6905	4335
3066	4336
2947	4337
6081	4338
4950	4339
1272	4340
8217	4341
7164	4342
6616	4343
548	4344
9309	4345
91	4346
5375	4347
8226	4348
8352	4349
9260	4350
5856	4351
3960	4352
5821	4353
9233	4354
942	4355
8323	4356
937	4357
8284	4358
527	4359
8238	4360
599	4361
9785	4362
5659	4363
9507	4364
14	4365
2024	4366
6409	4367
5882	4368
201	4369
7026	4370
7180	4371
7086	4372
1072	4373
2797	4374
5669	4375
5363	4376
16	4377
3687	4378
1199	4379
4075	4380
1291	4381
9208	4382
8304	4383
4800	4384
2287	4385
8017	4386
252	4387
5157	4388
6575	4389
9582	4390
5124	4391
5632	4392
2224	4393
1091	4394
1671	4395
9583	4396
8250	4397
1121	4398
2773	4399
2167	4400
5990	4401
9647	4402
8014	4403
5445	4404
1794	4405
788	4406
4972	4407
6619	4408
8305	4409
2158	4410
7531	4411
7819	4412
7036	4413
8422	4414
5779	4415
4221	4416
948	4417
768	4418
5418	4419
5014	4420
240	4421
9088	4422
5725	4423
9717	4424
6534	4425
2314	4426
841	4427
8481	4428
806	4429
7595	4430
1368	4431
9423	4432
4566	4433
7899	4434
6570	4435
4223	4436
811	4437
9139	4438
4118	4439
6743	4440
7471	4441
337	4442
159	4443
464	4444
5289	4445
5325	4446
3989	4447
895	4448
1934	4449
2352	4450
8260	4451
3038	4452
9311	4453
4885	4454
7829	4455
292	4456
5776	4457
9026	4458
4488	4459
428	4460
6761	4461
8816	4462
7737	4463
6458	4464
262	4465
401	4466
1094	4467
3282	4468
2639	4469
6374	4470
3666	4471
7740	4472
6062	4473
7040	4474
7738	4475
6598	4476
8145	4477
3843	4478
8040	4479
987	4480
7433	4481
3912	4482
7527	4483
7934	4484
8010	4485
5674	4486
4899	4487
5655	4488
8561	4489
7611	4490
8230	4491
9201	4492
5376	4493
4861	4494
7591	4495
2049	4496
9170	4497
5693	4498
9043	4499
2739	4500
5434	4501
5766	4502
9209	4503
5519	4504
8093	4505
7852	4506
4302	4507
2194	4508
4335	4509
2996	4510
7326	4511
690	4512
9234	4513
8578	4514
8064	4515
2291	4516
5987	4517
9671	4518
5	4519
5250	4520
1960	4521
7244	4522
5994	4523
2789	4524
4940	4525
627	4526
5548	4527
1752	4528
4169	4529
9860	4530
9891	4531
4949	4532
640	4533
3069	4534
4423	4535
1855	4536
3683	4537
7892	4538
6337	4539
3909	4540
8692	4541
8948	4542
4159	4543
6818	4544
5995	4545
5949	4546
6806	4547
7950	4548
8426	4549
7384	4550
5721	4551
196	4552
3558	4553
3036	4554
3385	4555
1102	4556
8796	4557
7953	4558
6484	4559
3850	4560
1440	4561
6264	4562
1914	4563
9815	4564
7332	4565
4137	4566
5206	4567
1149	4568
8822	4569
9185	4570
822	4571
8720	4572
7982	4573
769	4574
8012	4575
837	4576
3292	4577
4372	4578
7091	4579
8246	4580
7465	4581
874	4582
584	4583
2958	4584
5564	4585
3312	4586
5307	4587
759	4588
9875	4589
2684	4590
4225	4591
3530	4592
7707	4593
274	4594
9381	4595
826	4596
8985	4597
9046	4598
867	4599
1225	4600
226	4601
8619	4602
8027	4603
1870	4604
7324	4605
7057	4606
2686	4607
4606	4608
6	4609
7419	4610
3840	4611
1271	4612
2090	4613
1995	4614
8960	4615
6359	4616
9607	4617
6481	4618
7120	4619
743	4620
17	4621
2959	4622
8454	4623
5768	4624
2499	4625
4379	4626
2744	4627
3601	4628
4749	4629
8223	4630
411	4631
5878	4632
8986	4633
2607	4634
1594	4635
8941	4636
1183	4637
4773	4638
3720	4639
7290	4640
6449	4641
3144	4642
849	4643
8601	4644
9884	4645
2055	4646
1406	4647
1077	4648
381	4649
3936	4650
461	4651
2756	4652
7231	4653
5416	4654
73	4655
1899	4656
5401	4657
9658	4658
6039	4659
7659	4660
7706	4661
2120	4662
6769	4663
8937	4664
5103	4665
7105	4666
9600	4667
3705	4668
5024	4669
7964	4670
3841	4671
8645	4672
3204	4673
6666	4674
6617	4675
845	4676
1476	4677
2410	4678
1655	4679
4152	4680
8871	4681
7908	4682
4440	4683
3704	4684
751	4685
6877	4686
5490	4687
6881	4688
1936	4689
8853	4690
973	4691
4304	4692
5386	4693
7067	4694
969	4695
6946	4696
5635	4697
6636	4698
9696	4699
4266	4700
5160	4701
6046	4702
7085	4703
8183	4704
5397	4705
4158	4706
7183	4707
578	4708
35	4709
80	4710
8829	4711
37	4712
7845	4713
7526	4714
8961	4715
2205	4716
47	4717
1662	4718
467	4719
8975	4720
2810	4721
8914	4722
3658	4723
9887	4724
6883	4725
5147	4726
8510	4727
3089	4728
353	4729
4116	4730
129	4731
1832	4732
8726	4733
7680	4734
7658	4735
8932	4736
403	4737
7336	4738
2698	4739
4138	4740
7065	4741
679	4742
9105	4743
7745	4744
2899	4745
8762	4746
1507	4747
9879	4748
6795	4749
2554	4750
4168	4751
1986	4752
5802	4753
2014	4754
2775	4755
7864	4756
8574	4757
2950	4758
2295	4759
6628	4760
5748	4761
7154	4762
1125	4763
7765	4764
2884	4765
1826	4766
8515	4767
5893	4768
4434	4769
3679	4770
1037	4771
9764	4772
7238	4773
297	4774
3404	4775
4410	4776
3336	4777
8675	4778
7989	4779
5806	4780
267	4781
6745	4782
842	4783
13	4784
1729	4785
9060	4786
8651	4787
3801	4788
7317	4789
3948	4790
442	4791
8657	4792
2534	4793
8475	4794
8420	4795
745	4796
2267	4797
88	4798
5097	4799
8243	4800
4711	4801
1911	4802
539	4803
7993	4804
4380	4805
9044	4806
1333	4807
4468	4808
4467	4809
5297	4810
8112	4811
1124	4812
8325	4813
5164	4814
8730	4815
7923	4816
1474	4817
176	4818
3320	4819
6271	4820
4085	4821
3262	4822
4966	4823
8861	4824
7861	4825
4235	4826
1939	4827
3004	4828
492	4829
9409	4830
9291	4831
2682	4832
6427	4833
7771	4834
9298	4835
6192	4836
7630	4837
2252	4838
732	4839
5384	4840
7505	4841
7318	4842
7162	4843
8833	4844
4703	4845
537	4846
1780	4847
6410	4848
9078	4849
9553	4850
4820	4851
3849	4852
480	4853
4339	4854
3448	4855
3117	4856
596	4857
7965	4858
6175	4859
8956	4860
8808	4861
8098	4862
2578	4863
9342	4864
6259	4865
9669	4866
5495	4867
2681	4868
2428	4869
3363	4870
7380	4871
5233	4872
3491	4873
8405	4874
810	4875
3775	4876
8194	4877
3504	4878
7216	4879
8594	4880
2855	4881
1111	4882
9371	4883
4241	4884
8787	4885
3334	4886
3857	4887
8202	4888
762	4889
5991	4890
7613	4891
9753	4892
4959	4893
1105	4894
1279	4895
2909	4896
7556	4897
7589	4898
1286	4899
7421	4900
3115	4901
11	4902
8054	4903
4291	4904
9429	4905
5265	4906
8890	4907
6504	4908
1725	4909
2112	4910
2484	4911
5838	4912
4049	4913
1694	4914
4751	4915
3103	4916
2320	4917
3328	4918
5362	4919
8863	4920
423	4921
9052	4922
1109	4923
3400	4924
9816	4925
17	4926
6742	4927
4332	4928
12	4929
5002	4930
6420	4931
1617	4932
1676	4933
8218	4934
6325	4935
2311	4936
8296	4937
3715	4938
4647	4939
4318	4940
5760	4941
2914	4942
380	4943
6545	4944
1553	4945
3302	4946
7307	4947
2203	4948
977	4949
285	4950
9803	4951
4217	4952
9892	4953
90	4954
9310	4955
6315	4956
8045	4957
2	4958
7774	4959
2605	4960
4787	4961
4199	4962
4967	4963
4480	4964
1069	4965
6129	4966
7110	4967
5854	4968
8638	4969
2818	4970
229	4971
5255	4972
5231	4973
6964	4974
8597	4975
4609	4976
5967	4977
9857	4978
2604	4979
7790	4980
7873	4981
3071	4982
2724	4983
2736	4984
8326	4985
5451	4986
9353	4987
7557	4988
1358	4989
6382	4990
1169	4991
5389	4992
7635	4993
6287	4994
2893	4995
2111	4996
4674	4997
9650	4998
5278	4999
5272	5000
565	5001
2799	5002
7621	5003
8222	5004
6984	5005
364	5006
672	5007
7151	5008
8059	5009
1951	5010
9511	5011
3443	5012
4508	5013
5137	5014
3821	5015
8309	5016
413	5017
9601	5018
8128	5019
6093	5020
5143	5021
5117	5022
1528	5023
9075	5024
7898	5025
859	5026
1922	5027
1595	5028
1967	5029
1699	5030
9708	5031
25	5032
8919	5033
412	5034
4946	5035
3432	5036
8830	5037
2051	5038
1450	5039
8734	5040
8278	5041
2873	5042
4982	5043
1600	5044
5094	5045
9910	5046
326	5047
1458	5048
6232	5049
304	5050
218	5051
4664	5052
6414	5053
2380	5054
2691	5055
9262	5056
4881	5057
9677	5058
5070	5059
2879	5060
8240	5061
3173	5062
7586	5063
7010	5064
7377	5065
5245	5066
9640	5067
9449	5068
8888	5069
9367	5070
6195	5071
563	5072
7683	5073
59	5074
9235	5075
6838	5076
8233	5077
2815	5078
5622	5079
8523	5080
1035	5081
9319	5082
1012	5083
8379	5084
6112	5085
2837	5086
8913	5087
434	5088
2478	5089
9079	5090
3776	5091
6115	5092
2546	5093
4072	5094
6019	5095
7413	5096
5940	5097
7287	5098
4086	5099
204	5100
802	5101
2596	5102
7073	5103
1562	5104
4659	5105
2140	5106
9167	5107
5797	5108
7760	5109
99	5110
7261	5111
2784	5112
8371	5113
9514	5114
744	5115
7464	5116
683	5117
5785	5118
4426	5119
3428	5120
7696	5121
4973	5122
9688	5123
5455	5124
15	5125
1029	5126
1157	5127
2477	5128
7841	5129
2110	5130
8568	5131
3016	5132
3673	5133
6492	5134
9191	5135
5156	5136
5902	5137
4222	5138
5308	5139
8386	5140
2664	5141
624	5142
3665	5143
1494	5144
4590	5145
5083	5146
3563	5147
6433	5148
1717	5149
1861	5150
2006	5151
4862	5152
5061	5153
5890	5154
9567	5155
5098	5156
9100	5157
2587	5158
3008	5159
1244	5160
4608	5161
6830	5162
8544	5163
9900	5164
363	5165
1548	5166
6939	5167
8911	5168
2445	5169
8845	5170
9943	5171
600	5172
2858	5173
6049	5174
4092	5175
9925	5176
9596	5177
2944	5178
4869	5179
6056	5180
9011	5181
4024	5182
7742	5183
4789	5184
8302	5185
1189	5186
5977	5187
6436	5188
6095	5189
3497	5190
7456	5191
4692	5192
974	5193
8	5194
9455	5195
5958	5196
6356	5197
2378	5198
839	5199
8220	5200
4436	5201
9270	5202
43	5203
8569	5204
6467	5205
8982	5206
7866	5207
2372	5208
4620	5209
6471	5210
9709	5211
2440	5212
7399	5213
5812	5214
7592	5215
995	5216
3211	5217
8057	5218
2060	5219
7663	5220
8620	5221
1182	5222
7115	5223
8018	5224
3539	5225
4367	5226
7196	5227
1619	5228
2388	5229
1864	5230
9512	5231
6190	5232
3887	5233
1263	5234
7374	5235
3496	5236
3993	5237
1236	5238
6252	5239
5324	5240
5791	5241
7863	5242
7971	5243
6549	5244
9716	5245
5033	5246
3493	5247
2636	5248
1501	5249
6381	5250
5179	5251
3966	5252
1516	5253
4943	5254
1495	5255
7008	5256
1485	5257
6630	5258
1712	5259
8179	5260
3273	5261
7331	5262
9376	5263
4487	5264
3308	5265
6925	5266
2434	5267
4867	5268
2221	5269
6615	5270
6063	5271
3624	5272
2047	5273
1448	5274
1349	5275
4779	5276
3325	5277
6179	5278
4823	5279
7069	5280
4058	5281
5146	5282
22	5283
5144	5284
9049	5285
8892	5286
8469	5287
1788	5288
4828	5289
9564	5290
5694	5291
2127	5292
7929	5293
1710	5294
9924	5295
6587	5296
6208	5297
4884	5298
2405	5299
2137	5300
8105	5301
4030	5302
561	5303
714	5304
5889	5305
8282	5306
6307	5307
2677	5308
4446	5309
5787	5310
8902	5311
9611	5312
6126	5313
4145	5314
1941	5315
8268	5316
4444	5317
4996	5318
7401	5319
6094	5320
4027	5321
7304	5322
8681	5323
9604	5324
9073	5325
5864	5326
6918	5327
6091	5328
5121	5329
568	5330
8804	5331
9673	5332
2522	5333
9099	5334
1545	5335
8149	5336
926	5337
8526	5338
2660	5339
1930	5340
1817	5341
9140	5342
2442	5343
7968	5344
3827	5345
9713	5346
2390	5347
344	5348
8500	5349
4681	5350
1530	5351
3868	5352
7756	5353
8599	5354
8632	5355
4239	5356
8065	5357
5930	5358
1529	5359
3084	5360
1962	5361
5773	5362
9387	5363
9406	5364
4599	5365
4354	5366
2648	5367
4707	5368
5366	5369
9781	5370
117	5371
5210	5372
1753	5373
5096	5374
1702	5375
6238	5376
5850	5377
6546	5378
5511	5379
4619	5380
9746	5381
3449	5382
8983	5383
9020	5384
8637	5385
7447	5386
2012	5387
9058	5388
4038	5389
1290	5390
4665	5391
3856	5392
559	5393
7297	5394
8873	5395
7053	5396
3817	5397
3125	5398
1033	5399
5154	5400
5132	5401
1541	5402
1298	5403
1520	5404
5009	5405
7418	5406
6403	5407
8524	5408
5769	5409
3433	5410
4268	5411
5628	5412
4102	5413
1718	5414
6620	5415
7811	5416
6121	5417
1952	5418
1829	5419
6279	5420
4392	5421
5149	5422
8779	5423
368	5424
2057	5425
314	5426
2699	5427
4896	5428
8346	5429
9957	5430
203	5431
8528	5432
376	5433
6513	5434
3370	5435
2949	5436
4917	5437
2741	5438
2781	5439
3401	5440
5982	5441
2225	5442
625	5443
1488	5444
3696	5445
6422	5446
2623	5447
5411	5448
5789	5449
8938	5450
2177	5451
7246	5452
5936	5453
6386	5454
6777	5455
1384	5456
9224	5457
1103	5458
7267	5459
3139	5460
9295	5461
7285	5462
8126	5463
432	5464
8490	5465
2050	5466
691	5467
1979	5468
3213	5469
8694	5470
6734	5471
1886	5472
5591	5473
7652	5474
2146	5475
5168	5476
6917	5477
1981	5478
8457	5479
3860	5480
7350	5481
7884	5482
8533	5483
6543	5484
2473	5485
1669	5486
7143	5487
2462	5488
7409	5489
2932	5490
8132	5491
6215	5492
184	5493
1852	5494
6040	5495
2323	5496
8554	5497
6789	5498
2991	5499
7389	5500
7550	5501
2915	5502
2164	5503
2126	5504
1076	5505
6876	5506
701	5507
2444	5508
3220	5509
1137	5510
1178	5511
7625	5512
421	5513
3093	5514
5985	5515
2162	5516
8366	5517
7692	5518
4574	5519
1686	5520
2633	5521
8608	5522
7937	5523
6497	5524
494	5525
3650	5526
9365	5527
5686	5528
7076	5529
9402	5530
4887	5531
8314	5532
136	5533
3627	5534
8478	5535
44	5536
5226	5537
3699	5538
19	5539
414	5540
4548	5541
4850	5542
6724	5543
5224	5544
2436	5545
1106	5546
6437	5547
2189	5548
6637	5549
3110	5550
6162	5551
2396	5552
781	5553
8840	5554
1452	5555
3332	5556
4924	5557
8709	5558
8605	5559
2552	5560
7567	5561
2918	5562
8556	5563
4538	5564
695	5565
7369	5566
8729	5567
1790	5568
9460	5569
846	5570
1397	5571
7301	5572
3511	5573
36	5574
9268	5575
3088	5576
1492	5577
9142	5578
8698	5579
6260	5580
5368	5581
4514	5582
6196	5583
8878	5584
9625	5585
6030	5586
6652	5587
4710	5588
4745	5589
1920	5590
6975	5591
4194	5592
2161	5593
1980	5594
4296	5595
5421	5596
9341	5597
3969	5598
9705	5599
4078	5600
3996	5601
4449	5602
4191	5603
2985	5604
4968	5605
2095	5606
7590	5607
4428	5608
3199	5609
7648	5610
4502	5611
3974	5612
7744	5613
9175	5614
7329	5615
5703	5616
4988	5617
4076	5618
3219	5619
4109	5620
8984	5621
9499	5622
6378	5623
9290	5624
1568	5625
7676	5626
9067	5627
8944	5628
4758	5629
752	5630
404	5631
7980	5632
9500	5633
41	5634
902	5635
3950	5636
1145	5637
2351	5638
30	5639
7734	5640
7218	5641
1887	5642
5853	5643
612	5644
4919	5645
7877	5646
9642	5647
1479	5648
7222	5649
9474	5650
5539	5651
2617	5652
6908	5653
1667	5654
3681	5655
9694	5656
4067	5657
3774	5658
3107	5659
7785	5660
3319	5661
3525	5662
2275	5663
6828	5664
4874	5665
1116	5666
5598	5667
1471	5668
5752	5669
6225	5670
2141	5671
8067	5672
9092	5673
8082	5674
2114	5675
8585	5676
6821	5677
6836	5678
6489	5679
5051	5680
9426	5681
8496	5682
2618	5683
719	5684
5208	5685
1675	5686
3104	5687
2995	5688
4793	5689
2135	5690
8760	5691
7135	5692
961	5693
3591	5694
5169	5695
6425	5696
2480	5697
2673	5698
2266	5699
7001	5700
2895	5701
9641	5702
6748	5703
1185	5704
3885	5705
3407	5706
609	5707
4014	5708
9123	5709
1043	5710
1441	5711
6536	5712
3983	5713
9579	5714
4407	5715
3571	5716
8289	5717
6060	5718
6068	5719
354	5720
2632	5721
9710	5722
9501	5723
6801	5724
3397	5725
8625	5726
7919	5727
199	5728
9933	5729
1332	5730
8979	5731
7939	5732
4997	5733
9862	5734
7277	5735
6614	5736
6151	5737
8649	5738
3040	5739
7979	5740
5919	5741
8224	5742
3120	5743
5633	5744
5877	5745
7896	5746
2650	5747
8529	5748
5251	5749
4232	5750
8499	5751
2529	5752
2989	5753
5388	5754
697	5755
7139	5756
7716	5757
5142	5758
3826	5759
5983	5760
1219	5761
2900	5762
1608	5763
3913	5764
1255	5765
8092	5766
8757	5767
8116	5768
5711	5769
1416	5770
2821	5771
3340	5772
9118	5773
2475	5774
3217	5775
2080	5776
4172	5777
9480	5778
8812	5779
4671	5780
4785	5781
3905	5782
6991	5783
177	5784
2199	5785
7347	5786
9148	5787
2100	5788
7842	5789
5045	5790
3825	5791
922	5792
5354	5793
8280	5794
8793	5795
4421	5796
1259	5797
5316	5798
5207	5799
214	5800
2133	5801
427	5802
1002	5803
9561	5804
5549	5805
1041	5806
2968	5807
235	5808
1023	5809
2165	5810
9848	5811
4416	5812
2274	5813
7172	5814
6886	5815
6922	5816
3482	5817
6293	5818
9008	5819
4552	5820
112	5821
5319	5822
6519	5823
8900	5824
447	5825
5578	5826
4822	5827
7768	5828
2418	5829
4747	5830
2265	5831
1652	5832
1097	5833
7834	5834
9114	5835
4906	5836
1590	5837
6511	5838
6608	5839
8002	5840
6261	5841
8385	5842
2403	5843
721	5844
293	5845
1155	5846
9893	5847
8771	5848
264	5849
4151	5850
2487	5851
4148	5852
9147	5853
6107	5854
8832	5855
813	5856
3405	5857
4995	5858
3770	5859
8146	5860
4510	5861
1405	5862
1437	5863
8624	5864
2517	5865
6434	5866
4308	5867
6727	5868
7258	5869
4333	5870
8800	5871
6728	5872
5059	5873
629	5874
7634	5875
8471	5876
192	5877
8299	5878
8182	5879
3147	5880
1260	5881
8492	5882
443	5883
2561	5884
8747	5885
2670	5886
2258	5887
5875	5888
7060	5889
648	5890
678	5891
522	5892
2329	5893
5810	5894
765	5895
8506	5896
7145	5897
3012	5898
5148	5899
6776	5900
3467	5901
2016	5902
5804	5903
7064	5904
4724	5905
5757	5906
9690	5907
3367	5908
1262	5909
7516	5910
3593	5911
5829	5912
5537	5913
9551	5914
5833	5915
7175	5916
2400	5917
2569	5918
8658	5919
6501	5920
3573	5921
1990	5922
8276	5923
7890	5924
106	5925
34	5926
4374	5927
3610	5928
2869	5929
3769	5930
9274	5931
7555	5932
805	5933
2694	5934
869	5935
5570	5936
9789	5937
7746	5938
5036	5939
5344	5940
8427	5941
8795	5942
9050	5943
1188	5944
8971	5945
572	5946
7044	5947
3527	5948
1117	5949
4265	5950
3548	5951
5428	5952
1073	5953
9737	5954
9093	5955
4891	5956
8530	5957
1148	5958
3362	5959
547	5960
4716	5961
8110	5962
725	5963
9683	5964
8907	5965
2156	5966
2220	5967
2170	5968
2190	5969
8735	5970
8780	5971
5571	5972
9395	5973
5594	5974
4948	5975
276	5976
6181	5977
2923	5978
9182	5979
3269	5980
7319	5981
2731	5982
8773	5983
4084	5984
7750	5985
7059	5986
4515	5987
3191	5988
6290	5989
7235	5990
1194	5991
7037	5992
7270	5993
8459	5994
341	5995
323	5996
5358	5997
248	5998
2244	5999
7820	6000
5815	6001
2920	6002
1622	6003
2421	6004
6306	6005
6871	6006
998	6007
6808	6008
3141	6009
3406	6010
5900	6011
2195	6012
6568	6013
4408	6014
8	6015
1913	6016
7887	6017
67	6018
52	6019
814	6020
4149	6021
1538	6022
8307	6023
123	6024
9867	6025
2357	6026
5240	6027
1156	6028
2302	6029
6980	6030
5107	6031
3383	6032
7170	6033
4364	6034
7134	6035
8947	6036
2004	6037
2350	6038
4350	6039
6158	6040
4931	6041
2395	6042
9840	6043
3852	6044
8312	6045
7616	6046
153	6047
1082	6048
1679	6049
1748	6050
1480	6051
8161	6052
4964	6053
8629	6054
1888	6055
3495	6056
2997	6057
6154	6058
1628	6059
5284	6060
1574	6061
4521	6062
4445	6063
4708	6064
2001	6065
7915	6066
1621	6067
379	6068
9015	6069
7425	6070
2769	6071
6762	6072
7891	6073
6003	6074
8964	6075
2939	6076
7147	6077
1413	6078
9210	6079
2211	6080
3424	6081
3174	6082
9927	6083
8353	6084
3798	6085
9414	6086
6720	6087
2042	6088
259	6089
3007	6090
2703	6091
828	6092
8013	6093
8489	6094
1140	6095
905	6096
808	6097
5350	6098
5927	6099
9038	6100
93	6101
1324	6102
9098	6103
7116	6104
4181	6105
6412	6106
4384	6107
9240	6108
7330	6109
7293	6110
3196	6111
9572	6112
7647	6113
7427	6114
8358	6115
7437	6116
3560	6117
4705	6118
784	6119
571	6120
2854	6121
647	6122
1107	6123
5788	6124
3384	6125
8390	6126
327	6127
165	6128
3564	6129
1657	6130
704	6131
5641	6132
686	6133
5643	6134
4262	6135
5590	6136
9545	6137
124	6138
5015	6139
7207	6140
5254	6141
2028	6142
3757	6143
2293	6144
4771	6145
2433	6146
3648	6147
7194	6148
9869	6149
6779	6150
4816	6151
5329	6152
7242	6153
6333	6154
5008	6155
4718	6156
457	6157
6246	6158
5778	6159
8319	6160
6774	6161
127	6162
1223	6163
7486	6164
1811	6165
2113	6166
5306	6167
2015	6168
2426	6169
8292	6170
2481	6171
2969	6172
8081	6173
6482	6174
4043	6175
5218	6176
3471	6177
4371	6178
7946	6179
4953	6180
3378	6181
4872	6182
2453	6183
7727	6184
5031	6185
1418	6186
4761	6187
3940	6188
7395	6189
11	6190
1246	6191
1433	6192
1423	6193
1461	6194
9018	6195
6770	6196
8836	6197
2885	6198
5309	6199
9657	6200
8555	6201
1825	6202
3140	6203
1318	6204
1068	6205
232	6206
1203	6207
8048	6208
5290	6209
5084	6210
3797	6211
3594	6212
9374	6213
7308	6214
8349	6215
8970	6216
2937	6217
3479	6218
336	6219
8091	6220
8640	6221
8710	6222
7978	6223
1369	6224
146	6225
6496	6226
4454	6227
3690	6228
2324	6229
4719	6230
5981	6231
760	6232
1904	6233
9271	6234
4532	6235
1427	6236
5448	6237
2321	6238
8535	6239
7961	6240
4103	6241
6310	6242
4813	6243
6766	6244
1533	6245
3842	6246
6807	6247
7157	6248
3241	6249
1214	6250
6347	6251
3554	6252
1968	6253
2032	6254
5404	6255
2091	6256
7199	6257
3042	6258
7167	6259
8398	6260
2206	6261
1467	6262
2058	6263
916	6264
5682	6265
5192	6266
7986	6267
9575	6268
4597	6269
3195	6270
8187	6271
3011	6272
1897	6273
6531	6274
3214	6275
5471	6276
1512	6277
8272	6278
7446	6279
5076	6280
9418	6281
405	6282
3450	6283
3345	6284
4730	6285
5970	6286
3923	6287
5128	6288
1403	6289
1348	6290
827	6291
4782	6292
9916	6293
2128	6294
7348	6295
6510	6296
9252	6297
6607	6298
7221	6299
1847	6300
7030	6301
7259	6302
5822	6303
964	6304
7379	6305
7344	6306
120	6307
1039	6308
2466	6309
25	6310
7860	6311
193	6312
7597	6313
2226	6314
2545	6315
4857	6316
5213	6317
5529	6318
6082	6319
2774	6320
5534	6321
4868	6322
9863	6323
9155	6324
2919	6325
779	6326
2389	6327
1212	6328
1088	6329
6483	6330
7501	6331
8147	6332
7628	6333
7951	6334
1835	6335
8642	6336
9023	6337
2883	6338
7563	6339
9249	6340
5109	6341
8140	6342
6329	6343
2990	6344
536	6345
7713	6346
2132	6347
394	6348
4184	6349
9	6350
9654	6351
3352	6352
9496	6353
4505	6354
4251	6355
3090	6356
4944	6357
9795	6358
6741	6359
6088	6360
3880	6361
4124	6362
4824	6363
2198	6364
5618	6365
6926	6366
8570	6367
8664	6368
6220	6369
18	6370
7541	6371
4802	6372
927	6373
6218	6374
2890	6375
2678	6376
1779	6377
7578	6378
9	6379
3745	6380
7999	6381
9164	6382
7066	6383
1314	6384
3524	6385
78	6386
8806	6387
3508	6388
1509	6389
6712	6390
1252	6391
3416	6392
3872	6393
9664	6394
6584	6395
5462	6396
2874	6397
4386	6398
9413	6399
8592	6400
8613	6401
910	6402
2860	6403
254	6404
6006	6405
2689	6406
2907	6407
9126	6408
9885	6409
7451	6410
2872	6411
6970	6412
6966	6413
4413	6414
3311	6415
3536	6416
5531	6417
406	6418
6971	6419
1193	6420
3371	6421
1571	6422
1683	6423
19	6424
2300	6425
809	6426
1021	6427
3456	6428
6677	6429
3470	6430
3518	6431
6429	6432
8035	6433
5817	6434
3620	6435
9168	6436
3430	6437
4074	6438
9316	6439
2603	6440
2375	6441
8811	6442
2767	6443
9361	6444
1196	6445
6149	6446
4097	6447
1269	6448
4962	6449
170	6450
9084	6451
5774	6452
6655	6453
2764	6454
2790	6455
4376	6456
8497	6457
5089	6458
4236	6459
2117	6460
8884	6461
4430	6462
2105	6463
3706	6464
5934	6465
2026	6466
2905	6467
7114	6468
1723	6469
8763	6470
5365	6471
573	6472
2936	6473
8206	6474
655	6475
4921	6476
8813	6477
2200	6478
8965	6479
1006	6480
7689	6481
5692	6482
8738	6483
5640	6484
5367	6485
6375	6486
6579	6487
8404	6488
1919	6489
8458	6490
5212	6491
6365	6492
5863	6493
7320	6494
8952	6495
5242	6496
61	6497
6814	6498
5611	6499
931	6500
8541	6501
4583	6502
6642	6503
6243	6504
7559	6505
9362	6506
8635	6507
9542	6508
5122	6509
3238	6510
8843	6511
4204	6512
3540	6513
4582	6514
8370	6515
7375	6516
7991	6517
3767	6518
1042	6519
4127	6520
6647	6521
801	6522
6074	6523
9344	6524
8195	6525
9621	6526
9497	6527
528	6528
8553	6529
4237	6530
7752	6531
9662	6532
6193	6533
6888	6534
9660	6535
7217	6536
26	6537
4323	6538
1787	6539
9375	6540
3654	6541
5964	6542
1634	6543
4001	6544
8338	6545
9177	6546
3579	6547
1100	6548
5874	6549
798	6550
4971	6551
1445	6552
8421	6553
2448	6554
6001	6555
7438	6556
9822	6557
3198	6558
3081	6559
4516	6560
9861	6561
408	6562
764	6563
3783	6564
7512	6565
5492	6566
9750	6567
5657	6568
1359	6569
4338	6570
9358	6571
4826	6572
2330	6573
4132	6574
5347	6575
1742	6576
8119	6577
6747	6578
1158	6579
7385	6580
330	6581
7582	6582
3	6583
1197	6584
241	6585
7204	6586
4470	6587
1394	6588
2313	6589
861	6590
6023	6591
2336	6592
7122	6593
2143	6594
6054	6595
5956	6596
9254	6597
7545	6598
2227	6599
4411	6600
489	6601
5353	6602
4937	6603
3833	6604
186	6605
7274	6606
9077	6607
7100	6608
6994	6609
712	6610
2637	6611
3981	6612
4725	6613
5939	6614
6313	6615
6066	6616
5512	6617
9283	6618
6661	6619
9732	6620
1645	6621
4978	6622
3364	6623
111	6624
6651	6625
6244	6626
5681	6627
8487	6628
4876	6629
8462	6630
8935	6631
1387	6632
4247	6633
680	6634
4192	6635
9645	6636
4415	6637
4573	6638
386	6639
1079	6640
6058	6641
4229	6642
3017	6643
8254	6644
1289	6645
4401	6646
102	6647
369	6648
1647	6649
7062	6650
2384	6651
8378	6652
671	6653
4897	6654
2934	6655
4422	6656
2247	6657
6672	6658
5317	6659
3005	6660
9872	6661
7587	6662
2960	6663
9557	6664
5173	6665
8041	6666
8707	6667
9493	6668
1011	6669
3155	6670
8742	6671
7528	6672
4307	6673
6654	6674
4478	6675
9828	6676
9328	6677
7614	6678
8306	6679
6898	6680
1366	6681
8008	6682
1129	6683
7325	6684
688	6685
3421	6686
2816	6687
5023	6688
4015	6689
1	6690
2829	6691
4276	6692
8101	6693
9797	6694
9768	6695
3419	6696
2240	6697
2347	6698
5680	6699
1758	6700
9451	6701
2833	6702
2246	6703
1513	6704
2720	6705
5724	6706
2643	6707
7012	6708
4945	6709
2263	6710
3060	6711
7462	6712
7805	6713
729	6714
9312	6715
3577	6716
6565	6717
1868	6718
473	6719
7795	6720
1767	6721
2071	6722
6473	6723
6517	6724
9752	6725
8842	6726
8540	6727
4315	6728
1099	6729
373	6730
5292	6731
3484	6732
1379	6733
1027	6734
8633	6735
8403	6736
2976	6737
4140	6738
5295	6739
4833	6740
8653	6741
1793	6742
3410	6743
6767	6744
5249	6745
3632	6746
8690	6747
6723	6748
7651	6749
1297	6750
3616	6751
496	6752
7378	6753
8886	6754
8332	6755
1108	6756
8718	6757
8107	6758
6123	6759
6089	6760
7693	6761
2398	6762
9761	6763
140	6764
7311	6765
3076	6766
5712	6767
2663	6768
1345	6769
804	6770
8235	6771
4044	6772
4212	6773
5892	6774
1958	6775
747	6776
8283	6777
2092	6778
5177	6779
2125	6780
4195	6781
6515	6782
2103	6783
7607	6784
2783	6785
2283	6786
1280	6787
2776	6788
3274	6789
7603	6790
3279	6791
9094	6792
4732	6793
4472	6794
6080	6795
3848	6796
9324	6797
2579	6798
4513	6799
4859	6800
2935	6801
1715	6802
7780	6803
2564	6804
5244	6805
5966	6806
3288	6807
9090	6808
2943	6809
4927	6810
3240	6811
4558	6812
6186	6813
3452	6814
7510	6815
669	6816
173	6817
1756	6818
5441	6819
9829	6820
8329	6821
4362	6822
4355	6823
4320	6824
6117	6825
3492	6826
2379	6827
3454	6828
9121	6829
9461	6830
452	6831
4381	6832
7339	6833
4352	6834
7836	6835
8171	6836
5832	6837
6028	6838
4303	6839
796	6840
9594	6841
4744	6842
6450	6843
1895	6844
552	6845
8953	6846
9609	6847
7584	6848
5322	6849
9017	6850
4455	6851
5852	6852
4150	6853
3897	6854
2299	6855
2794	6856
5732	6857
2831	6858
5837	6859
8641	6860
310	6861
8347	6862
6940	6863
4007	6864
3986	6865
7015	6866
543	6867
4009	6868
8674	6869
3521	6870
4026	6871
5288	6872
348	6873
4051	6874
6170	6875
3619	6876
1502	6877
5881	6878
7714	6879
8560	6880
1376	6881
772	6882
9801	6883
5151	6884
9417	6885
6263	6886
8447	6887
98	6888
6532	6889
5872	6890
5803	6891
4963	6892
3531	6893
4447	6894
3154	6895
6596	6896
238	6897
311	6898
3942	6899
2139	6900
3248	6901
4654	6902
8897	6903
6858	6904
2516	6905
4427	6906
2712	6907
5601	6908
8825	6909
3160	6910
9120	6911
1776	6912
6602	6913
3041	6914
9425	6915
5280	6916
9096	6917
7352	6918
450	6919
5082	6920
3151	6921
1789	6922
9835	6923
4743	6924
5180	6925
580	6926
907	6927
831	6928
6683	6929
5615	6930
9819	6931
4991	6932
4537	6933
7161	6934
8053	6935
8340	6936
2353	6937
506	6938
1317	6939
5178	6940
9199	6941
5677	6942
8572	6943
3752	6944
5387	6945
7046	6946
2559	6947
2231	6948
3444	6949
9303	6950
6241	6951
6217	6952
5256	6953
7816	6954
6150	6955
7492	6956
4070	6957
2548	6958
3176	6959
6887	6960
9783	6961
5644	6962
9171	6963
519	6964
2922	6965
318	6966
340	6967
1821	6968
2072	6969
9281	6970
3265	6971
9107	6972
9886	6973
985	6974
151	6975
9613	6976
4501	6977
4543	6978
6933	6979
1900	6980
2424	6981
1034	6982
5763	6983
4314	6984
6835	6985
1016	6986
1726	6987
6061	6988
3835	6989
4759	6990
1803	6991
7038	6992
7904	6993
9357	6994
8872	6995
6641	6996
5191	6997
8252	6998
9912	6999
3645	7000
1248	7001
5346	7002
6109	7003
562	7004
7298	7005
7543	7006
265	7007
313	7008
733	7009
7514	7010
1464	7011
8415	7012
322	7013
3992	7014
2284	7015
7488	7016
2984	7017
3100	7018
9760	7019
6527	7020
7954	7021
9141	7022
9398	7023
6972	7024
8573	7025
6594	7026
9695	7027
2841	7028
2412	7029
6731	7030
9812	7031
5507	7032
7240	7033
1093	7034
246	7035
4697	7036
3834	7037
3379	7038
3740	7039
2540	7040
6882	7041
32	7042
1240	7043
378	7044
1598	7045
9218	7046
7452	7047
8954	7048
8703	7049
3918	7050
582	7051
6948	7052
9941	7053
213	7054
8350	7055
687	7056
540	7057
2278	7058
5299	7059
5056	7060
7565	7061
1863	7062
594	7063
7976	7064
6659	7065
4245	7066
7548	7067
2277	7068
50	7069
8200	7070
395	7071
5858	7072
3164	7073
7435	7074
5230	7075
4297	7076
653	7077
3779	7078
2988	7079
9453	7080
6730	7081
3651	7082
9858	7083
8559	7084
3570	7085
1851	7086
3812	7087
1792	7088
9882	7089
8505	7090
8959	7091
7704	7092
1636	7093
1336	7094
3205	7095
5259	7096
3315	7097
4023	7098
1015	7099
9157	7100
3994	7101
114	7102
5809	7103
5005	7104
5603	7105
7450	7106
1306	7107
1708	7108
8330	7109
8582	7110
1724	7111
456	7112
2315	7113
6962	7114
8133	7115
583	7116
5613	7117
482	7118
9064	7119
3517	7120
4450	7121
6526	7122
1589	7123
5163	7124
4843	7125
5784	7126
6183	7127
2493	7128
445	7129
4311	7130
8341	7131
3290	7132
6099	7133
589	7134
6820	7135
1797	7136
656	7137
8021	7138
6787	7139
1446	7140
2355	7141
9464	7142
7266	7143
3194	7144
1558	7145
3746	7146
8058	7147
8821	7148
5575	7149
857	7150
4260	7151
4662	7152
4905	7153
2757	7154
3137	7155
5743	7156
9655	7157
4243	7158
1823	7159
4173	7160
5859	7161
5229	7162
3896	7163
3862	7164
2787	7165
7846	7166
4976	7167
5437	7168
3118	7169
7605	7170
2975	7171
205	7172
7653	7173
8436	7174
3476	7175
843	7176
7363	7177
9337	7178
4734	7179
3631	7180
3136	7181
8106	7182
1891	7183
6167	7184
189	7185
1166	7186
9917	7187
4077	7188
9385	7189
6397	7190
3277	7191
2160	7192
1174	7193
2503	7194
9951	7195
4691	7196
3500	7197
6159	7198
789	7199
3901	7200
488	7201
8407	7202
795	7203
7099	7204
7372	7205
2742	7206
5219	7207
4060	7208
4057	7209
8778	7210
1537	7211
8543	7212
8909	7213
2460	7214
8262	7215
7263	7216
8198	7217
3595	7218
3458	7219
7850	7220
4984	7221
7483	7222
2865	7223
2543	7224
5412	7225
4810	7226
6537	7227
2807	7228
8097	7229
8797	7230
1401	7231
4305	7232
3532	7233
5532	7234
8739	7235
3529	7236
8933	7237
1586	7238
6007	7239
3615	7240
3001	7241
8432	7242
4673	7243
1808	7244
4250	7245
6487	7246
1745	7247
51	7248
8663	7249
5527	7250
31	7251
9131	7252
4888	7253
8939	7254
3094	7255
8705	7256
8521	7257
5119	7258
8381	7259
9921	7260
9102	7261
2565	7262
4129	7263
4668	7264
9032	7265
346	7266
4299	7267
4443	7268
3713	7269
7782	7270
5282	7271
6294	7272
970	7273
9269	7274
3836	7275
8689	7276
7772	7277
7166	7278
5227	7279
147	7280
6288	7281
6237	7282
3682	7283
9019	7284
9089	7285
8972	7286
2119	7287
3772	7288
6780	7289
823	7290
6566	7291
5186	7292
8753	7293
4277	7294
9559	7295
8156	7296
116	7297
6802	7298
5664	7299
1385	7300
2652	7301
2018	7302
9502	7303
8100	7304
9866	7305
8446	7306
6825	7307
7233	7308
6982	7309
5364	7310
2803	7311
8887	7312
8488	7313
4667	7314
2862	7315
820	7316
38	7317
6411	7318
718	7319
7574	7320
6612	7321
4534	7322
7480	7323
9331	7324
1525	7325
1596	7326
4683	7327
23	7328
3685	7329
3796	7330
2754	7331
3600	7332
758	7333
2097	7334
993	7335
1747	7336
641	7337
5086	7338
7656	7339
777	7340
5915	7341
4094	7342
7988	7343
2343	7344
7283	7345
7195	7346
2134	7347
1326	7348
9766	7349
2511	7350
9626	7351
6480	7352
3002	7353
1205	7354
2802	7355
5360	7356
773	7357
139	7358
5330	7359
871	7360
2083	7361
2690	7362
3541	7363
8197	7364
7349	7365
5557	7366
7832	7367
1635	7368
847	7369
6257	7370
8080	7371
7779	7372
6578	7373
5483	7374
558	7375
9547	7376
4832	7377
8924	7378
5470	7379
9865	7380
7698	7381
8715	7382
3831	7383
9200	7384
2828	7385
4466	7386
6052	7387
9134	7388
3756	7389
9001	7390
8029	7391
2476	7392
9584	7393
94	7394
5569	7395
4778	7396
9778	7397
4535	7398
7818	7399
5572	7400
188	7401
5826	7402
8357	7403
4925	7404
7466	7405
6312	7406
3768	7407
7705	7408
7027	7409
3731	7410
8425	7411
7916	7412
3815	7413
8682	7414
4549	7415
7909	7416
8148	7417
6184	7418
5493	7419
4253	7420
4463	7421
3119	7422
7376	7423
3808	7424
9161	7425
3321	7426
221	7427
8502	7428
9911	7429
8109	7430
2676	7431
3924	7432
8355	7433
4735	7434
9243	7435
1956	7436
7862	7437
7606	7438
7392	7439
7822	7440
7889	7441
9355	7442
6079	7443
6435	7444
3788	7445
1959	7446
6638	7447
6903	7448
6573	7449
9765	7450
6585	7451
1755	7452
8205	7453
1066	7454
7445	7455
8745	7456
6639	7457
5638	7458
5340	7459
1410	7460
1640	7461
9041	7462
4359	7463
9834	7464
8591	7465
9086	7466
587	7467
96	7468
9895	7469
5351	7470
1127	7471
5170	7472
3765	7473
2527	7474
8993	7475
9780	7476
3284	7477
1857	7478
258	7479
4858	7480
7930	7481
8634	7482
9678	7483
3065	7484
8794	7485
8877	7486
8311	7487
1957	7488
9228	7489
7328	7490
9273	7491
6640	7492
3392	7493
2122	7494
5300	7495
4712	7496
1836	7497
1644	7498
5904	7499
6957	7500
8864	7501
976	7502
2843	7503
6524	7504
4715	7505
7414	7506
502	7507
5656	7508
1245	7509
6148	7510
5522	7511
6373	7512
2504	7513
631	7514
5597	7515
8308	7516
8789	7517
1208	7518
4860	7519
793	7520
8606	7521
6953	7522
9481	7523
3719	7524
4578	7525
5506	7526
885	7527
5586	7528
5396	7529
3566	7530
3182	7531
1693	7532
9767	7533
8612	7534
4646	7535
3961	7536
9773	7537
3027	7538
3190	7539
3032	7540
9608	7541
2611	7542
4281	7543
8518	7544
7276	7545
8443	7546
234	7547
3158	7548
7470	7549
4739	7550
9410	7551
6600	7552
1933	7553
1434	7554
6514	7555
425	7556
5973	7557
9349	7558
4267	7559
660	7560
8212	7561
4840	7562
4956	7563
5552	7564
4803	7565
6896	7566
6416	7567
5642	7568
9883	7569
6664	7570
9463	7571
7383	7572
2792	7573
4704	7574
2419	7575
2866	7576
4987	7577
7111	7578
2657	7579
7843	7580
8660	7581
816	7582
1754	7583
2706	7584
4584	7585
852	7586
7576	7587
5460	7588
7938	7589
3544	7590
3209	7591
7754	7592
7786	7593
8916	7594
9193	7595
2335	7596
7225	7597
2171	7598
873	7599
4657	7600
2376	7601
6472	7602
1287	7603
2649	7604
8121	7605
7624	7606
5951	7607
1274	7608
9024	7609
3201	7610
6682	7611
7600	7612
9176	7613
5018	7614
4203	7615
7858	7616
6764	7617
3855	7618
8957	7619
5037	7620
7253	7621
9555	7622
7955	7623
7998	7624
3691	7625
6251	7626
4910	7627
5871	7628
2518	7629
727	7630
7411	7631
6185	7632
9492	7633
850	7634
510	7635
2491	7636
7237	7637
6047	7638
9617	7639
3582	7640
3865	7641
168	7642
8221	7643
1588	7644
2328	7645
5685	7646
7459	7647
6457	7648
1620	7649
9689	7650
3782	7651
5551	7652
6894	7653
6913	7654
9244	7655
872	7656
2235	7657
9529	7658
7321	7659
8921	7660
2501	7661
3959	7662
5313	7663
7133	7664
8765	7665
6956	7666
6424	7667
9174	7668
109	7669
3963	7670
8562	7671
1084	7672
3904	7673
4812	7674
8577	7675
1757	7676
6240	7677
6122	7678
1625	7679
2053	7680
8719	7681
5193	7682
7434	7683
8728	7684
162	7685
8315	7686
7682	7687
4170	7688
9325	7689
2214	7690
8507	7691
1055	7692
256	7693
8401	7694
5509	7695
5933	7696
6116	7697
6319	7698
1085	7699
3883	7700
306	7701
3122	7702
5314	7703
4174	7704
3545	7705
7831	7706
3054	7707
7436	7708
3920	7709
1632	7710
9206	7711
4915	7712
1673	7713
3692	7714
223	7715
2076	7716
1490	7717
4961	7718
5825	7719
1439	7720
6500	7721
7160	7722
4696	7723
2964	7724
5040	7725
5602	7726
9918	7727
6550	7728
5587	7729
1678	7730
6000	7731
1329	7732
9241	7733
5013	7734
4729	7735
6286	7736
2257	7737
3247	7738
9758	7739
6959	7740
1104	7741
6372	7742
8191	7743
2437	7744
2599	7745
2301	7746
6815	7747
6391	7748
7289	7749
4652	7750
4629	7751
7268	7752
4615	7753
9954	7754
4165	7755
1322	7756
8209	7757
9485	7758
2449	7759
8908	7760
8025	7761
9257	7762
4892	7763
1171	7764
9143	7765
6016	7766
1420	7767
3083	7768
2954	7769
8113	7770
101	7771
8511	7772
4690	7773
5702	7774
6351	7775
988	7776
6902	7777
8383	7778
5585	7779
685	7780
531	7781
4836	7782
4385	7783
882	7784
7043	7785
250	7786
7736	7787
316	7788
638	7789
1853	7790
5248	7791
1417	7792
2454	7793
4034	7794
5390	7795
4928	7796
4672	7797
7529	7798
3602	7799
6955	7800
6797	7801
2998	7802
2894	7803
4220	7804
1778	7805
5840	7806
9348	7807
187	7808
6295	7809
2848	7810
9428	7811
390	7812
7984	7813
8363	7814
509	7815
5370	7816
4083	7817
4797	7818
2482	7819
2423	7820
5286	7821
9528	7822
4763	7823
2515	7824
5710	7825
1838	7826
7500	7827
20	7828
5439	7829
7201	7830
6700	7831
3803	7832
8904	7833
424	7834
2382	7835
6354	7836
9881	7837
1563	7838
1842	7839
3163	7840
1539	7841
6124	7842
8850	7843
6509	7844
4459	7845
3565	7846
2525	7847
4799	7848
1250	7849
9940	7850
7810	7851
7179	7852
3425	7853
6831	7854
2192	7855
5271	7856
1008	7857
3171	7858
9718	7859
7583	7860
8915	7861
8676	7862
2627	7863
2881	7864
2553	7865
9923	7866
5595	7867
4053	7868
2399	7869
3549	7870
7593	7871
7966	7872
366	7873
3260	7874
1222	7875
9317	7876
1211	7877
5427	7878
7104	7879
8828	7880
4929	7881
7900	7882
8142	7883
6296	7884
9541	7885
1181	7886
4524	7887
3386	7888
1030	7889
6706	7890
1435	7891
1813	7892
1453	7893
8077	7894
7534	7895
4188	7896
2327	7897
3044	7898
5705	7899
3170	7900
2023	7901
303	7902
5780	7903
3043	7904
4341	7905
8138	7906
1096	7907
4205	7908
5222	7909
4270	7910
1239	7911
1581	7912
8687	7913
66	7914
617	7915
9091	7916
7357	7917
700	7918
6878	7919
5720	7920
7960	7921
2279	7922
9508	7923
6380	7924
2992	7925
8244	7926
4197	7927
4099	7928
9777	7929
9253	7930
7055	7931
7945	7932
5513	7933
8239	7934
1075	7935
2563	7936
4954	7937
6540	7938
5072	7939
7106	7940
633	7941
9427	7942
3900	7943
8219	7944
5525	7945
5885	7946
4112	7947
7499	7948
5908	7949
7948	7950
5807	7951
2185	7952
1730	7953
7710	7954
9083	7955
4219	7956
848	7957
5841	7958
4605	7959
3415	7960
3296	7961
9419	7962
3859	7963
1301	7964
1860	7965
6418	7966
4565	7967
4700	7968
5030	7969
1180	7970
4160	7971
1020	7972
4461	7973
6057	7974
1372	7975
2980	7976
8595	7977
6669	7978
5417	7979
3528	7980
3423	7981
5221	7982
5617	7983
7005	7984
639	7985
991	7986
3921	7987
2602	7988
8942	7989
7643	7990
3297	7991
4939	7992
2129	7993
4994	7994
6847	7995
8764	7996
1848	7997
1328	7998
7356	7999
4216	8000
1711	8001
9741	8002
3462	8003
9296	8004
1120	8005
383	8006
2667	8007
7549	8008
5540	8009
5914	8010
8737	8011
7985	8012
4977	8013
1546	8014
741	8015
3061	8016
1	8017
7312	8018
9173	8019
7359	8020
9827	8021
7018	8022
7703	8023
9470	8024
284	8025
399	8026
4844	8027
4271	8028
4348	8029
2772	8030
1217	8031
5783	8032
2131	8033
3389	8034
6005	8035
63	8036
2005	8037
1762	8038
4676	8039
6976	8040
4786	8041
6430	8042
6446	8043
4438	8044
9479	8045
8266	8046
2458	8047
2929	8048
797	8049
9833	8050
607	8051
3785	8052
1160	8053
8696	8054
9653	8055
2182	8056
7371	8057
1380	8058
7730	8059
9498	8060
1141	8061
7341	8062
9945	8063
5326	8064
6248	8065
7124	8066
7799	8067
8177	8068
9573	8069
9033	8070
9159	8071
4176	8072
8587	8073
3952	8074
5171	8075
9823	8076
3975	8077
2031	8078
1330	8079
2571	8080
2983	8081
3764	8082
1872	8083
8393	8084
1613	8085
2955	8086
689	8087
2422	8088
786	8089
7940	8090
8476	8091
1114	8092
6389	8093
1229	8094
7758	8095
2771	8096
5004	8097
7042	8098
6875	8099
812	8100
1323	8101
4774	8102
2526	8103
3096	8104
1521	8105
1056	8106
433	8107
6963	8108
2488	8109
4611	8110
675	8111
763	8112
511	8113
3828	8114
5092	8115
2254	8116
5438	8117
9807	8118
6921	8119
4096	8120
3015	8121
3824	8122
5472	8123
4482	8124
782	8125
5975	8126
2326	8127
74	8128
92	8129
7519	8130
7535	8131
6572	8132
6302	8133
4146	8134
906	8135
263	8136
2130	8137
9932	8138
3870	8139
7232	8140
6191	8141
2906	8142
8127	8143
5041	8144
5542	8145
2786	8146
7502	8147
643	8148
5870	8149
1113	8150
8402	8151
2509	8152
4048	8153
2916	8154
135	8155
742	8156
728	8157
7265	8158
5099	8159
6197	8160
6799	8161
6470	8162
207	8163
4377	8164
3376	8165
3964	8166
2849	8167
8430	8168
4933	8169
9946	8170
7353	8171
8858	8172
1220	8173
3029	8174
5722	8175
1047	8176
6111	8177
9399	8178
3618	8179
6668	8180
3393	8181
5672	8182
4490	8183
2307	8184
24	8185
9787	8186
8930	8187
5799	8188
4412	8189
3275	8190
1964	8191
586	8192
6752	8193
1451	8194
4941	8195
150	8196
6772	8197
5589	8198
3033	8199
6635	8200
4391	8201
9144	8202
6025	8203
9095	8204
508	8205
2222	8206
5497	8207
9856	8208
3148	8209
7975	8210
7564	8211
8079	8212
1340	8213
6754	8214
352	8215
5599	8216
5848	8217
4279	8218
2737	8219
1224	8220
4419	8221
4702	8222
1727	8223
501	8224
4050	8225
9901	8226
3875	8227
6832	8228
5625	8229
4618	8230
6438	8231
3614	8232
4246	8233
4356	8234
1133	8235
5381	8236
6328	8237
4633	8238
6689	8239
8788	8240
4503	8241
3743	8242
7366	8243
2946	8244
312	8245
5739	8246
1457	8247
7469	8248
7674	8249
3972	8250
1469	8251
3929	8252
7213	8253
5027	8254
9326	8255
4249	8256
5912	8257
8072	8258
9267	8259
5792	8260
7299	8261
1701	8262
7942	8263
835	8264
2249	8265
6459	8266
9276	8267
9619	8268
8679	8269
1511	8270
6367	8271
2568	8272
642	8273
7360	8274
8288	8275
6790	8276
3331	8277
2474	8278
2219	8279
7914	8280
5136	8281
5793	8282
4669	8283
4441	8284
7963	8285
6854	8286
118	8287
9517	8288
9934	8289
5456	8290
915	8291
2356	8292
185	8293
4806	8294
3761	8295
894	8296
8867	8297
222	8298
5965	8299
3762	8300
6139	8301
105	8302
2115	8303
1074	8304
8576	8305
4185	8306
8893	8307
6718	8308
956	8309
1119	8310
3099	8311
2820	8312
9454	8313
3882	8314
6304	8315
4551	8316
2086	8317
8066	8318
5342	8319
2417	8320
6198	8321
4209	8322
2977	8323
4457	8324
5055	8325
4650	8326
7236	8327
9405	8328
5610	8329
2338	8330
1201	8331
1036	8332
3062	8333
7368	8334
9300	8335
2260	8336
621	8337
7291	8338
2502	8339
9304	8340
7729	8341
5574	8342
3786	8343
6757	8344
1184	8345
999	8346
3309	8347
8005	8348
3372	8349
4230	8350
5395	8351
7888	8352
9735	8353
3396	8354
321	8355
4908	8356
7612	8357
2079	8358
1713	8359
5140	8360
844	8361
6178	8362
8414	8363
7741	8364
3891	8365
2987	8366
3215	8367
3623	8368
5879	8369
4815	8370
7461	8371
8423	8372
1749	8373
724	8374
5901	8375
8894	8376
4864	8377
5450	8378
1007	8379
1351	8380
39	8381
6249	8382
2981	8383
5846	8384
1641	8385
2348	8386
8636	8387
5654	8388
5736	8389
4951	8390
2471	8391
5410	8392
8537	8393
9721	8394
7524	8395
2082	8396
8293	8397
5049	8398
6404	8399
8997	8400
448	8401
5459	8402
3422	8403
3590	8404
7119	8405
279	8406
570	8407
1572	8408
892	8409
6342	8410
431	8411
9280	8412
4935	8413
6563	8414
8647	8415
6366	8416
4156	8417
9391	8418
2566	8419
2153	8420
5232	8421
1739	8422
9219	8423
126	8424
9520	8425
930	8426
1690	8427
5064	8428
5102	8429
9237	8430
8258	8431
6911	8432
1800	8433
415	8434
7126	8435
7824	8436
7967	8437
2033	8438
881	8439
6130	8440
7185	8441
6859	8442
7361	8443
4317	8444
75	8445
6174	8446
2834	8447
5887	8448
5042	8449
9580	8450
9151	8451
7568	8452
9029	8453
5996	8454
1241	8455
579	8456
9340	8457
6949	8458
1081	8459
6250	8460
8968	8461
3056	8462
8866	8463
9571	8464
1316	8465
1668	8466
2748	8467
9266	8468
6488	8469
6681	8470
137	8471
122	8472
6711	8473
1954	8474
7396	8475
5922	8476
6817	8477
2913	8478
3347	8479
8063	8480
2532	8481
2912	8482
569	8483
5678	8484
5444	8485
1221	8486
3073	8487
6719	8488
239	8489
1844	8490
1773	8491
5924	8492
7136	8493
3689	8494
5190	8495
5747	8496
290	8497
2624	8498
9370	8499
917	8500
9255	8501
9907	8502
7190	8503
2201	8504
9728	8505
8188	8506
975	8507
1207	8508
9634	8509
1601	8510
5662	8511
2289	8512
5335	8513
3218	8514
5553	8515
3034	8516
2576	8517
9066	8518
9546	8519
6560	8520
5183	8521
377	8522
6033	8523
9452	8524
3156	8525
8803	8526
2616	8527
268	8528
5067	8529
4115	8530
6011	8531
994	8532
4460	8533
2851	8534
3613	8535
2642	8536
1402	8537
4164	8538
1038	8539
9692	8540
6928	8541
2147	8542
9005	8543
3102	8544
5652	8545
4388	8546
7623	8547
6798	8548
1150	8549
3024	8550
8522	8551
2836	8552
9518	8553
8958	8554
6105	8555
5469	8556
6219	8557
6794	8558
8076	8559
7381	8560
7882	8561
3409	8562
4679	8563
2063	8564
5305	8565
4564	8566
134	8567
5443	8568
1883	8569
6861	8570
8978	8571
6998	8572
4361	8573
2354	8574
3138	8575
9648	8576
4788	8577
4882	8578
7245	8579
6603	8580
3550	8581
6593	8582
9085	8583
713	8584
4776	8585
6703	8586
9080	8587
6269	8588
6203	8589
8566	8590
9509	8591
3700	8592
3710	8593
755	8594
5860	8595
7905	8596
4557	8597
3249	8598
3390	8599
5759	8600
5605	8601
4201	8602
7021	8603
3556	8604
5834	8605
9531	8606
3426	8607
6456	8608
6938	8609
144	8610
1875	8611
833	8612
1398	8613
4418	8614
391	8615
7234	8616
1674	8617
1932	8618
6508	8619
6863	8620
4089	8621
2795	8622
9184	8623
5700	8624
324	8625
7241	8626
9226	8627
9379	8628
225	8629
6038	8630
3374	8631
949	8632
4610	8633
7927	8634
5520	8635
7719	8636
1582	8637
9373	8638
1128	8639
6538	8640
9896	8641
175	8642
7803	8643
9053	8644
282	8645
2366	8646
6164	8647
8603	8648
2945	8649
466	8650
1497	8651
3976	8652
8359	8653
7334	8654
9616	8655
5243	8656
1295	8657
3742	8658
7479	8659
7034	8660
8616	8661
9631	8662
829	8663
45	8664
5369	8665
951	8666
7422	8667
8981	8668
2496	8669
8910	8670
1526	8671
5430	8672
4638	8673
8114	8674
6932	8675
2021	8676
1179	8677
5343	8678
7642	8679
7602	8680
7003	8681
7351	8682
3280	8683
5066	8684
9156	8685
3979	8686
591	8687
1991	8688
9068	8689
8176	8690
5393	8691
6421	8692
7570	8693
8761	8694
8777	8695
6396	8696
29	8697
1815	8698
1009	8699
2640	8700
3655	8701
4909	8702
1065	8703
659	8704
628	8705
2386	8706
4045	8707
5486	8708
2173	8709
2308	8710
8671	8711
243	8712
3499	8713
1587	8714
5592	8715
8259	8716
8680	8717
2813	8718
7787	8719
709	8720
9442	8721
5560	8722
6554	8723
9830	8724
8150	8725
5830	8726
8056	8727
5408	8728
40	8729
42	8730
7490	8731
9265	8732
7020	8733
3927	8734
3945	8735
6017	8736
9116	8737
8409	8738
236	8739
5446	8740
1536	8741
9525	8742
8310	8743
8419	8744
4742	8745
1254	8746
3078	8747
3459	8748
4178	8749
6582	8750
8623	8751
5071	8752
1447	8753
4645	8754
5069	8755
560	8756
7171	8757
1969	8758
474	8759
328	8760
1206	8761
6134	8762
3246	8763
9329	8764
3928	8765
4334	8766
7109	8767
6108	8768
8936	8769
5209	8770
3	8771
9055	8772
4848	8773
8153	8774
7453	8775
1361	8776
5120	8777
3793	8778
4614	8779
3276	8780
3760	8781
1975	8782
5198	8783
959	8784
1638	8785
5010	8786
2853	8787
4529	8788
5017	8789
3267	8790
7553	8791
1168	8792
7708	8793
2159	8794
919	8795
9846	8796
1337	8797
4313	8798
2385	8799
8493	8800
3878	8801
1938	8802
3787	8803
8374	8804
4135	8805
577	8806
2556	8807
4231	8808
8135	8809
3134	8810
7881	8811
385	8812
9323	8813
2793	8814
4894	8815
7627	8816
1514	8817
7569	8818
2570	8819
1213	8820
6466	8821
1499	8822
1605	8823
2368	8824
2500	8825
3837	8826
3657	8827
8815	8828
2443	8829
2537	8830
8022	8831
7632	8832
8129	8833
9687	8834
21	8835
7503	8836
5631	8837
4473	8838
8465	8839
2213	8840
515	8841
3172	8842
6989	8843
8297	8844
6992	8845
5828	8846
2910	8847
7428	8848
8565	8849
5053	8850
4189	8851
2999	8852
1949	8853
6324	8854
444	8855
329	8856
8974	8857
31	8858
5165	8859
9445	8860
3693	8861
2413	8862
300	8863
2068	8864
3877	8865
3932	8866
9263	8867
3973	8868
469	8869
1386	8870
1692	8871
5630	8872
3514	8873
706	8874
5704	8875
7879	8876
5050	8877
1670	8878
4389	8879
9491	8880
483	8881
6349	8882
4167	8883
4110	8884
6270	8885
8033	8886
5636	8887
4069	8888
8024	8889
2760	8890
3866	8891
6318	8892
2644	8893
3646	8894
5750	8895
9106	8896
1907	8897
5562	8898
2172	8899
3749	8900
3226	8901
8722	8902
7661	8903
8704	8904
5588	8905
4955	8906
9384	8907
3697	8908
1383	8909
4142	8910
5356	8911
1912	8912
3847	8913
8844	8914
228	8915
3403	8916
955	8917
4452	8918
6479	8919
6879	8920
6392	8921
4680	8922
9847	8923
6853	8924
6223	8925
7228	8926
7415	8927
5422	8928
8810	8929
2151	8930
9630	8931
4975	8932
145	8933
9668	8934
1527	8935
1972	8936
692	8937
9439	8938
5862	8939
6348	8940
7917	8941
4706	8942
4016	8943
938	8944
1215	8945
5123	8946
230	8947
6199	8948
1873	8949
8854	8950
887	8951
2880	8952
693	8953
5593	8954
7655	8955
4321	8956
2788	8957
1261	8958
7838	8959
1357	8960
9905	8961
6785	8962
4766	8963
2245	8964
986	8965
1342	8966
9097	8967
9458	8968
4139	8969
8211	8970
1804	8971
5141	8972
1139	8973
7645	8974
5115	8975
4825	8976
9436	8977
9250	8978
5861	8979
832	8980
8782	8981
9022	8982
3411	8983
7406	8984
8790	8985
2817	8986
1843	8987
8889	8988
4491	8989
1927	8990
8479	8991
529	8992
7791	8993
6339	8994
6113	8995
6297	8996
3750	8997
4403	8998
5670	8999
9543	9000
8495	9001
6256	9002
696	9003
9245	9004
2614	9005
6558	9006
9258	9007
9757	9008
5020	9009
3161	9010
1984	9011
6927	9012
6685	9013
3947	9014
6622	9015
717	9016
6897	9017
295	9018
6951	9019
1633	9020
430	9021
7193	9022
9057	9023
4161	9024
7485	9025
2861	9026
1614	9027
3186	9028
7762	9029
1931	9030
4	9031
7515	9032
7402	9033
884	9034
1579	9035
8085	9036
1404	9037
611	9038
8685	9039
9013	9040
7052	9041
2269	9042
2680	9043
1970	9044
1147	9045
6160	9046
6320	9047
195	9048
8814	9049
7338	9050
4210	9051
8213	9052
997	9053
6363	9054
1059	9055
1573	9056
1799	9057
4831	9058
2656	9059
4755	9060
8267	9061
9282	9062
2067	9063
8287	9064
6768	9065
6947	9066
2479	9067
2116	9068
6707	9069
8508	9070
4627	9071
4306	9072
6358	9073
8441	9074
8236	9075
4351	9076
2107	9077
6985	9078
6997	9079
5234	9080
4865	9081
1806	9082
6402	9083
7844	9084
3873	9085
7150	9086
6101	9087
1400	9088
3674	9089
2609	9090
9477	9091
9259	9092
1278	9093
5429	9094
6413	9095
5194	9096
4029	9097
266	9098
5646	9099
6282	9100
9831	9101
8841	9102
6678	9103
9189	9104
7855	9105
1319	9106
5252	9107
2447	9108
3303	9109
1839	9110
38	9111
2490	9112
535	9113
9382	9114
7859	9115
1462	9116
4581	9117
4847	9118
6045	9119
4870	9120
6317	9121
7070	9122
4957	9123
3721	9124
4006	9125
2898	9126
7313	9127
7691	9128
3121	9129
6676	9130
1496	9131
393	9132
8099	9133
1138	9134
2003	9135
8134	9136
754	9137
8461	9138
9027	9139
4947	9140
2099	9141
1382	9142
5584	9143
8269	9144
6036	9145
8917	9146
3766	9147
3526	9148
8668	9149
854	9150
8670	9151
4114	9152
4568	9153
9730	9154
2979	9155
7140	9156
7761	9157
2280	9158
6771	9159
5932	9160
1429	9161
3954	9162
1616	9163
288	9164
8903	9165
2651	9166
4553	9167
9034	9168
4136	9169
1045	9170
5352	9171
5484	9172
4677	9173
5518	9174
9187	9175
9798	9176
3272	9177
1547	9178
3694	9179
8247	9180
7247	9181
7806	9182
4292	9183
9394	9184
1131	9185
7074	9186
1432	9187
8046	9188
6332	9189
4559	9190
9202	9191
1689	9192
358	9193
7637	9194
7394	9195
9506	9196
183	9197
6331	9198
5790	9199
8880	9200
2707	9201
9614	9202
8891	9203
356	9204
1518	9205
7424	9206
8051	9207
4022	9208
1602	9209
4587	9210
87	9211
8343	9212
8650	9213
6266	9214
8448	9215
4756	9216
416	9217
898	9218
160	9219
7679	9220
8949	9221
4819	9222
6048	9223
6131	9224
6936	9225
2747	9226
4992	9227
8987	9228
3741	9229
3268	9230
899	9231
8265	9232
2728	9233
5515	9234
9223	9235
8104	9236
2871	9237
4497	9238
6653	9239
4208	9240
2761	9241
5946	9242
1556	9243
4398	9244
4660	9245
1419	9246
4329	9247
6627	9248
4218	9249
8442	9250
3575	9251
2212	9252
667	9253
6930	9254
4387	9255
7773	9256
468	9257
9770	9258
2087	9259
5409	9260
4685	9261
2251	9262
8669	9263
2600	9264
8746	9265
6796	9266
818	9267
131	9268
8927	9269
590	9270
3381	9271
7032	9272
1438	9273
6624	9274
8615	9275
1506	9276
7893	9277
5737	9278
4326	9279
7695	9280
4071	9281
6648	9282
1049	9283
8946	9284
9702	9285
4808	9286
4481	9287
5606	9288
6008	9289
864	9290
2586	9291
4575	9292
9420	9293
438	9294
8721	9295
4177	9296
4796	9297
1772	9298
9598	9299
9037	9300
5217	9301
3799	9302
4981	9303
2359	9304
4752	9305
5544	9306
7517	9307
5974	9308
4484	9309
9618	9310
2407	9311
6690	9312
2994	9313
2401	9314
5118	9315
4772	9316
5196	9317
893	9318
3181	9319
7169	9320
3014	9321
9003	9322
7264	9323
1282	9324
6824	9325
5718	9326
7495	9327
555	9328
8999	9329
3166	9330
6268	9331
5440	9332
8819	9333
2796	9334
4496	9335
5327	9336
2233	9337
6254	9338
794	9339
5695	9340
875	9341
6751	9342
5415	9343
8491	9344
2369	9345
8155	9346
7205	9347
5139	9348
4596	9349
410	9350
4942	9351
7697	9352
2759	9353
5337	9354
5886	9355
2891	9356
3748	9357
4464	9358
1593	9359
2461	9360
1388	9361
1977	9362
6713	9363
5905	9364
6493	9365
5466	9366
924	9367
3473	9368
5215	9369
4651	9370
8210	9371
1281	9372
7209	9373
3716	9374
2009	9375
8600	9376
4792	9377
4569	9378
3092	9379
8388	9380
4542	9381
441	9382
2832	9383
9335	9384
8744	9385
9805	9386
7041	9387
1430	9388
1001	9389
5087	9390
3736	9391
2465	9392
8411	9393
3903	9394
1841	9395
2777	9396
4878	9397
2489	9398
6277	9399
4999	9400
8070	9401
6102	9402
2101	9403
70	9404
1311	9405
6173	9406
7759	9407
6327	9408
4186	9409
2615	9410
921	9411
9624	9412
9484	9413
2062	9414
1893	9415
4684	9416
5770	9417
1061	9418
7255	9419
6104	9420
7092	9421
9524	9422
8143	9423
4902	9424
5728	9425
7457	9426
5687	9427
1052	9428
8856	9429
8334	9430
6326	9431
6632	9432
3830	9433
8901	9434
5755	9435
9030	9436
791	9437
2096	9438
9800	9439
4852	9440
7412	9441
1902	9442
8181	9443
8253	9444
3316	9445
3283	9446
3142	9447
7662	9448
4762	9449
8883	9450
6204	9451
3605	9452
2121	9453
6804	9454
6390	9455
9638	9456
7990	9457
6044	9458
9236	9459
6180	9460
5865	9461
8969	9462
7798	9463
4851	9464
3039	9465
710	9466
4133	9467
8028	9468
734	9469
7223	9470
4240	9471
200	9472
6469	9473
7188	9474
298	9475
3126	9476
5607	9477
2962	9478
5500	9479
1917	9480
3026	9481
4621	9482
4037	9483
2334	9484
8697	9485
4871	9486
517	9487
4666	9488
6693	9489
9071	9490
2	9491
9956	9492
4693	9493
4111	9494
7130	9495
3183	9496
9305	9497
9047	9498
8752	9499
5929	9500
8336	9501
3064	9502
9652	9503
6157	9504
8925	9505
2710	9506
5405	9507
9776	9508
6100	9509
5818	9510
6671	9511
8581	9512
8228	9513
4228	9514
5842	9515
8509	9516
3446	9517
5959	9518
7358	9519
3931	9520
1854	9521
5323	9522
8630	9523
3278	9524
6087	9525
891	9526
4272	9527
5275	9528
4526	9529
6518	9530
3010	9531
1607	9532
4767	9533
1591	9534
6714	9535
180	9536
5052	9537
7792	9538
6691	9539
9045	9540
7142	9541
7718	9542
8741	9543
7994	9544
3711	9545
6335	9546
960	9547
9490	9548
6395	9549
723	9550
5666	9551
663	9552
5153	9553
1522	9554
9468	9555
6432	9556
9586	9557
6646	9558
2438	9559
4155	9560
4207	9561
3127	9562
5880	9563
8460	9564
5039	9565
9591	9566
6224	9567
3709	9568
4855	9569
9150	9570
5772	9571
6605	9572
5237	9573
7269	9574
5517	9575
636	9576
2845	9577
495	9578
2316	9579
355	9580
7608	9581
9314	9582
8736	9583
439	9584
2718	9585
7815	9586
1411	9587
8365	9588
4358	9589
7620	9590
1465	9591
3988	9592
2381	9593
3838	9594
2867	9595
197	9596
6551	9597
419	9598
767	9599
2634	9600
8047	9601
8898	9602
7229	9603
2093	9604
4713	9605
7906	9606
6498	9607
8542	9608
2138	9609
4603	9610
834	9611
512	9612
5979	9613
1519	9614
1877	9615
4035	9616
4183	9617
2317	9618
5894	9619
4000	9620
8588	9621
2638	9622
879	9623
7854	9624
9597	9625
8042	9626
6547	9627
3543	9628
3898	9629
2142	9630
5907	9631
1360	9632
9138	9633
7657	9634
1233	9635
3583	9636
9192	9637
6494	9638
2750	9639
6694	9640
7777	9641
3055	9642
2970	9643
6613	9644
9181	9645
567	9646
6530	9647
6355	9648
5312	9649
1018	9650
181	9651
8351	9652
357	9653
1187	9654
4258	9655
5380	9656
7921	9657
4916	9658
7660	9659
4834	9660
7622	9661
2305	9662
5260	9663
5844	9664
5524	9665
3791	9666
3132	9667
4494	9668
9125	9669
2544	9670
8163	9671
7224	9672
5814	9673
6032	9674
1966	9675
3153	9676
1552	9677
4293	9678
4390	9679
1871	9680
7006	9681
6316	9682
4545	9683
2844	9684
8464	9685
1577	9686
925	9687
9422	9688
3506	9689
1130	9690
8912	9691
8673	9692
6744	9693
8879	9694
6739	9695
1908	9696
6194	9697
2463	9698
9913	9699
1989	9700
8111	9701
6078	9702
6463	9703
3068	9704
6140	9705
8242	9706
1971	9707
3763	9708
2808	9709
3871	9710
2819	9711
5291	9712
5528	9713
2523	9714
7536	9715
5714	9716
890	9717
6696	9718
5489	9719
7444	9720
8203	9721
4903	9722
2310	9723
370	9724
4017	9725
3355	9726
7631	9727
8229	9728
5898	9729
7031	9730
1071	9731
3806	9732
4795	9733
3150	9734
2261	9735
5952	9736
6276	9737
3629	9738
7629	9739
1204	9740
8785	9741
5824	9742
9644	9743
2429	9744
2229	9745
520	9746
4737	9747
1356	9748
8512	9749
6114	9750
5629	9751
2322	9752
5698	9753
347	9754
7926	9755
164	9756
2297	9757
9006	9758
9792	9759
4346	9760
6778	9761
1489	9762
4934	9763
5935	9764
5425	9765
9132	9766
7538	9767
6398	9768
5080	9769
1751	9770
7507	9771
3523	9772
2319	9773
320	9774
8896	9775
4373	9776
8328	9777
108	9778
8418	9779
8291	9780
2085	9781
1665	9782
1026	9783
3436	9784
3861	9785
9532	9786
4453	9787
2196	9788
6781	9789
3672	9790
5246	9791
4634	9792
7511	9793
1918	9794
5399	9795
9415	9796
2887	9797
654	9798
3675	9799
5897	9800
1746	9801
9691	9802
2951	9803
1456	9804
2533	9805
610	9806
2734	9807
2986	9808
3184	9809
5989	9810
703	9811
4601	9812
2066	9813
901	9814
1126	9815
3653	9816
4492	9817
2541	9818
1910	9819
7063	9820
7521	9821
4055	9822
5046	9823
6322	9824
2878	9825
4336	9826
7973	9827
4598	9828
9539	9829
2661	9830
953	9831
4985	9832
7983	9833
4278	9834
3023	9835
9651	9836
9674	9837
8827	9838
5925	9839
95	9840
8648	9841
1436	9842
8384	9843
7260	9844
6037	9845
7355	9846
2666	9847
4469	9848
9456	9849
307	9850
2039	9851
30	9852
1965	9853
3822	9854
54	9855
9870	9856
622	9857
1339	9858
1569	9859
6792	9860
6935	9861
7626	9862
9074	9863
5474	9864
426	9865
9407	9866
7011	9867
9763	9868
2892	9869
7522	9870
3021	9871
6569	9872
7103	9873
8369	9874
4517	9875
3661	9876
1475	9877
4280	9878
5184	9879
5204	9880
3982	9881
458	9882
5948	9883
2628	9884
2290	9885
3955	9886
9165	9887
9396	9888
6945	9889
9377	9890
4187	9891
1695	9892
7432	9893
2558	9894
3574	9895
3643	9896
5998	9897
3445	9898
1284	9899
5277	9900
661	9901
5423	9902
1025	9903
2339	9904
7700	9905
3200	9906
6393	9907
5906	9908
5338	9909
2345	9910
8693	9911
9808	9912
2505	9913
6626	9914
4656	9915
1159	9916
6476	9917
9939	9918
7028	9919
9799	9920
2588	9921
6758	9922
6460	9923
1741	9924
2210	9925
7200	9926
4641	9927
4550	9928
7117	9929
2054	9930
6202	9931
9667	9932
5079	9933
8433	9934
4682	9935
3180	9936
2148	9937
2612	9938
7098	9939
4765	9940
9782	9941
1154	9942
5420	9943
208	9944
9333	9945
7016	9946
4369	9947
6242	9948
4324	9949
7830	9950
8926	9951
3747	9952
6026	9953
5331	9954
6439	9955
6020	9956
7733	9957
9646	9958
8444	9959
2896	9960
8628	9961
7794	9962
8137	9963
2303	9964
2645	9965
8264	9966
9447	9967
5374	9968
3465	9969
9748	9970
3366	9971
2248	9972
9285	9973
8410	9974
36	9975
912	9976
6138	9977
8173	9978
6698	9979
2982	9980
6210	9981
6143	9982
3807	9983
9129	9984
2242	9985
3307	9986
2186	9987
8951	9988
7561	9989
309	9990
6695	9991
9948	9992
8607	9993
8699	9994
3926	9995
4283	9996
1481	9997
3243	9998
3922	9999
8317	10000
