103	1838	3	11.34
6264	12	3	17.64
131	152	4	11.29
101	286	12	34.87
3798	4895	3	60.6
132	1033	4	31.86
111	141	6	6.99
715	103	3	6.64
1240	14	4	7.31
4333	539	3	45.19
501	226	4	35.87
103	1068	4	13.85
2531	12	5	19.14
1421	12	10	45.08
3791	528	3	44.99
336	128	3	14.42
1086	104	3	8.76
542	12	5	4.59
319	104	6	11.87
2311	14	4	12.85
1278	108	3	15.4
334	501	3	28.5
105	1498	3	14
101	5972	4	31.53
114	115	14	16.16
180	14	17	10.53
169	105	7	11.2
454	101	4	7.29
12	633	5	5.91
101	542	3	4.87
107	262	3	5.93
101	438	3	4.03
115	588	3	13.41
8	2158	4	32.13
110	243	7	24.13
1518	287	4	48.27
200	120	3	8.28
103	1509	3	10.26
112	728	3	13.17
102	1085	4	13.64
488	14	10	19.61
109	269	7	26.21
8657	2642	3	61.24
156	664	4	32.87
1729	454	3	37.95
1092	436	3	34.84
4934	4896	4	93.47
512	1139	3	36.28
163	119	4	9.98
199	143	4	17.57
1318	12	3	4.28
341	16	13	77.5
639	160	20	247.94
103	358	4	5.89
198	5653	4	58.53
5682	101	3	19.18
7261	105	3	27.86
846	1918	8	137.93
106	163	27	125.5
852	12	4	4.91
1188	113	3	16.23
683	2167	3	42.03
1347	12	3	4.28
139	1113	5	43.94
355	123	3	13.73
313	267	18	214.24
104	232	5	4.55
103	6142	3	23.94
126	205	4	15.77
118	395	9	60.79
111	601	3	11.6
1776	14	5	14.88
844	14	6	11.76
1807	14	3	5.61
292	106	3	6.64
172	113	7	17.81
119	776	4	25.46
1284	523	4	51.7
4437	3751	3	56.78
1034	16	17	177.35
109	120	8	5.86
1030	485	3	35.51
2400	6253	3	61.24
314	101	6	10.75
2783	14	4	14.27
1239	101	4	14.56
386	1443	3	35.88
119	5361	3	30.46
110	216	6	16.78
152	176	4	17.98
206	106	3	4.09
107	2400	3	19.49
439	530	3	30.94
915	459	4	48.57
398	114	5	22.88
848	104	5	17.68
1571	102	3	10.61
105	276	9	31.58
101	4916	3	19.18
494	2832	3	41.79
4890	2194	4	81.1
2745	973	3	46.05
174	115	5	12.12
112	190	3	3.95
102	408	6	14.47
113	936	3	14.71
3094	110	4	31.06
283	117	4	15.99
1044	401	3	34.38
3910	16	5	52.1
2681	119	3	25.41
104	1635	3	10.92
110	8110	3	30.43
1306	104	3	9.94
719	867	10	155.02
118	1745	3	22.02
138	166	3	9.1
102	3109	3	14.36
150	104	36	100.66
4308	12	3	11.13
618	103	4	9.85
102	155	15	20.38
343	131	3	14.8
112	384	4	15
605	101	4	9.24
101	275	6	9.14
112	1151	4	23.5
124	1552	5	44.94
1341	379	3	35.38
1691	6712	3	58.94
444	8	13	96.01
108	7552	3	30.26
1456	12	13	76.44
151	133	5	16.67
136	2524	5	52.94
102	437	5	11.04
119	141	4	6.63
447	12	12	25.99
1826	16	10	97.56
2	2845	3	21.78
453	933	4	48.34
365	180	3	20.81
151	570	3	20.94
114	59	3	5.43
121	950	3	19.47
101	508	3	4.57
333	14	8	6.71
1254	14	3	3.92
107	117	10	6.64
107	292	10	45.66
104	2282	3	12.85
103	1913	10	79.81
201	14	14	8.39
191	447	3	22.58
1100	14	5	10.09
106	849	3	12.96
200	1080	3	28.15
1680	528	5	71.38
151	262	5	31.05
1911	341	7	102.43
298	104	5	7.47
101	3791	5	39.41
5365	6812	3	67.33
1035	291	6	73.64
101	1419	5	22.4
8728	103	3	23.94
3621	101	3	15.44
2896	14	3	8.5
517	379	4	42.3
2	791	3	13.98
2682	9	3	23.65
125	409	5	31.22
3771	5	3	39.83
2344	12	3	7.6
16	382	3	9.8
101	2113	6	35.95
113	1575	4	26.3
108	5235	4	40.35
117	803	3	16.83
489	105	3	8
104	106	60	48.08
876	1144	4	55.46
132	421	4	24.49
104	233	5	4.63
478	14	8	11.92
1855	14	3	6.17
5138	5536	4	93.47
1009	1572	3	42.11
8721	4382	3	65.1
6672	2748	3	62.27
342	8	9	52.5
2385	330	3	38.07
143	107	5	4.02
988	103	3	8.28
8599	3890	3	65.1
109	101	39	11.88
131	3440	4	42.3
16	13	10	8.66
633	214	3	26.07
5061	14	3	13.24
1267	12	3	3.93
573	104	3	5.57
109	142	9	15.86
2171	12	3	6.83
101	2339	4	20.59
158	113	6	11.74
186	124	3	8.6
200	101	8	9.07
1667	14	3	5.61
115	154	7	16.76
2946	102	7	55.46
140	154	5	18.15
112	2280	3	19.62
9	16	11	9.11
602	293	3	28.43
4885	4814	4	93.47
101	2096	7	45.72
101	1884	3	11.7
104	3721	3	15.88
936	103	3	7.96
12	1225	13	64.88
3314	14	4	16.09
576	8	3	14.04
3032	9	7	77.46
1572	12	4	9.11
2464	162	3	31.26
473	102	4	7.8
822	459	3	33.79
101	6415	3	23.64
1152	224	5	55.67
1983	108	4	26.97
352	103	4	5.89
133	555	3	18.28
127	129	4	7.43
105	235	5	9.55
12	709	21	105.75
1063	4053	3	49.25
1871	12	3	6.18
2482	157	3	30.8
2072	2938	5	93.86
101	355	25	130.22
137	104	43	107.43
101	491	13	57.17
242	111	14	68.7
160	9	12	46.8
16	737	10	72.9
2431	3343	3	52.93
1970	14	3	6.17
127	1546	3	23.82
102	1721	3	11.18
2292	110	4	28.28
12	257	13	14.28
12	317	7	4.13
101	4315	3	16.99
117	1039	8	67.89
122	208	5	20.4
1127	104	4	14.57
116	778	3	15.83
109	152	5	6.17
2650	12	5	19.14
109	59	7	20.12
331	2819	4	55.39
435	125	3	15.87
16	174	8	23.38
324	14	52	282.87
1245	14	3	3.92
125	141	4	8.77
224	1302	4	43.64
2540	103	4	20.97
3039	110	5	42.38
819	533	3	34.7
681	2822	3	43.92
108	8301	3	30.26
543	12	11	25.78
124	2397	7	79.7
2684	2048	3	50.81
139	482	8	64.59
115	316	14	88.54
3845	2321	3	54.51
722	12	4	4.06
104	211	10	18.23
121	115	10	16.78
175	14	19	13.46
8513	14	3	17.63
106	230	5	12.35
4942	2555	4	82.38
104	768	11	56.96
151	106	23	87.33
114	497	4	18.21
151	233	4	21.33
2712	110	6	55.15
6587	2559	3	61.24
147	409	3	18.16
184	180	27	258.16
104	4472	5	40.16
58	220	6	53.3
195	960	5	51.07
113	832	7	46.04
1728	301	3	35.12
150	131	7	26.33
123	106	12	16.01
156	221	16	136.09
103	8676	3	23.94
3473	873	6	110.9
357	379	3	27.37
7300	14	3	17.63
102	523	3	4.81
134	130	3	4.76
108	4767	3	25.77
1276	1880	3	44.6
1910	3254	3	51.29
6215	618	3	52.76
124	422	5	31.22
741	443	3	33.03
12	767	4	4.33
120	124	5	7.86
132	2438	4	39.29
3623	843	3	46.29
346	3087	3	39.57
107	196	5	9.93
3338	101	3	15.44
1833	14	3	5.61
127	192	12	71.02
216	2302	3	33.49
1732	506	7	106.74
556	108	23	197.09
843	14	4	4.91
202	336	3	21.25
655	1308	3	38.69
101	2879	5	31.11
108	1226	5	31.47
129	1619	5	46.01
162	107	9	22.31
958	12	4	5.59
250	8	3	8.48
116	289	6	27.07
216	3535	3	36.63
5611	103	3	19.47
101	1162	3	8.71
458	190	20	240.65
2666	14	3	7.59
1796	14	4	9.85
559	14	5	4.82
119	406	5	27.82
962	103	6	24.66
103	948	4	12.92
119	510	6	38.41
1658	14	3	5.11
101	3778	5	39.41
1179	16	3	15.95
108	204	27	152.46
4545	769	4	67.21
104	2026	4	18.88
103	3596	3	15.73
117	180	3	6.33
151	206	6	35.08
131	120	7	16.43
101	216	55	299.98
594	14	5	5.33
101	259	6	8.44
194	7562	3	43.67
12	931	10	33.49
12	1007	4	5.97
174	345	13	128.54
126	132	3	4.37
132	560	3	18.15
2101	14	5	17.45
1013	270	5	57.32
2353	14	3	7.59
1224	14	5	11.38
7984	1662	3	58.33
657	12	6	9.36
106	128	11	16.64
103	1210	3	9.37
355	113	3	9.05
8173	1782	3	58.94
230	104	13	32.63
101	765	16	98.17
103	525	4	8.62
172	123	5	17.13
103	2934	3	14.52
141	721	3	20.93
597	1156	3	37.1
109	155	4	4.01
119	4480	3	28.23
113	413	3	10.07
3196	111	5	45.57
217	238	4	27.59
1672	1299	4	62.3
12	241	14	14.49
103	1404	5	22.87
103	1540	5	23.86
529	5465	3	47.42
5	111	6	20.04
2199	14	3	6.82
116	2200	3	21.79
8	2055	3	21.92
5067	102	3	19.3
460	1408	13	225.16
837	12	10	30.93
172	166	3	13.1
102	809	5	16.68
292	105	5	12.62
3806	13	4	40.24
4891	3843	3	60.6
104	217	10	18.93
1263	14	3	3.92
338	14	10	12.42
153	5966	4	54.13
1152	2441	3	45.8
136	280	3	13.9
12	425	10	17.55
121	152	4	9.54
922	111	7	46.51
111	4463	3	23.87
12	291	16	27.79
7018	12	3	17.64
153	1164	4	36.17
2214	2663	3	49.79
1285	108	3	15.4
1113	14	4	6.82
2524	1649	3	47.75
206	105	4	5.11
220	506	5	46.96
109	115	43	113.21
163	447	3	20.99
108	887	6	36.28
6209	2735	3	62.27
369	153	5	36.16
110	3835	3	23.73
123	2228	4	35.76
1351	1476	3	43.24
704	12	5	6.9
129	983	3	21.19
358	758	3	31.46
672	175	3	24.23
1470	110	4	24.64
714	115	3	14.57
1709	301	4	49.66
101	1359	4	15.17
2	551	14	103.71
12	2002	5	16.08
101	388	36	242.66
104	2266	4	19.94
492	5500	4	68.59
12	797	4	4.61
105	193	5	6.89
114	187	3	4.57
273	162	8	62.42
826	123	3	18.94
104	727	4	11.22
103	1740	6	32.9
569	6972	3	52.32
6706	106	3	29.94
105	1358	4	20.58
3812	104	3	17.43
117	1578	3	20.79
289	12	10	9.19
101	1446	5	22.4
129	641	5	36.49
2412	110	5	40.18
1161	134	6	54.98
187	101	10	12.9
1923	2355	3	49.03
1259	904	3	39.91
957	102	3	7.8
4135	12	3	11.13
107	399	7	32.67
548	1152	6	83.71
8	549	18	158.35
571	111	6	31.44
5597	12	3	13.25
139	3155	4	43.38
2002	12	4	10.71
107	148	6	7.37
108	3951	3	23.55
1659	3170	3	50.01
118	608	3	15.73
105	176	6	8.7
169	106	5	8.04
615	115	6	36.06
279	641	3	28.51
114	1447	3	17.96
591	105	4	14.36
1197	4005	3	50.09
402	229	21	264.02
103	751	3	6.87
102	470	3	4.38
102	574	7	23.74
160	102	10	8.99
101	1192	8	42.61
282	874	3	30.62
111	1734	4	26.44
122	128	8	21.59
5782	111	3	26.09
530	12	5	4.59
373	352	4	38.79
7269	103	3	23.94
103	242	6	7.78
107	759	5	26.18
106	414	3	9
349	103	4	5.76
103	1570	4	16.94
226	139	8	47.87
118	161	3	5.82
118	311	24	201.44
568	250	4	38.38
2084	104	3	12.85
115	271	3	8.3
105	981	4	18.34
6446	3184	3	63.51
1462	12	13	76.44
417	16	32	294.39
103	6108	3	19.47
110	355	3	8.44
434	359	4	40.16
148	201	3	12.37
12	442	7	8.22
12	390	9	12.49
513	101	6	17.06
16	417	6	29.08
105	1646	3	14.53
471	113	19	147.73
104	1406	7	38.5
1170	4610	5	94.73
6404	6417	3	71.83
313	1428	3	34.18
809	12	8	19.72
16	471	6	30.41
6601	2667	3	61.24
2	848	5	29.29
3752	534	3	43.6
121	114	13	25.52
823	102	3	7.23
364	2032	3	37.17
3223	340	6	98.14
3030	14	4	14.27
924	14	8	22.35
215	1083	4	41.34
126	117	4	4.04
351	580	3	29.64
4332	694	5	89.58
101	2353	3	13.25
101	4376	4	26.56
116	1916	4	30.86
111	2382	6	52.2
1628	12	3	5.12
12	140	245	1227.36
5638	6048	4	93.47
547	102	3	5.13
2063	111	3	19.19
16	118	9	8.42
147	1943	6	65.67
560	12	7	10.65
122	149	7	23.19
805	103	3	7.12
124	8545	3	36.71
486	14	22	84.55
103	730	20	138.19
5228	320	3	43.93
497	165	4	31.53
101	1266	4	14.56
124	421	18	166
116	337	3	10.54
5536	5137	4	93.47
293	119	3	11.18
3818	111	5	50.97
4750	12	3	13.25
180	16	3	3.93
180	284	4	27.6
984	12	13	55.72
105	245	4	6.69
1094	21	4	28.1
120	125	13	43.09
2374	112	3	20.48
120	375	3	13.7
378	165	10	93.56
131	186	4	14.52
151	159	3	10.41
225	12	10	4.33
106	2415	4	28.89
3188	12	4	16.1
180	360	3	20.68
133	113	9	14.97
150	130	4	10.74
123	107	9	8.35
274	497	5	50.36
728	14	7	14.01
343	105	22	135.33
1394	105	3	14
12	5543	3	13.25
2545	14	3	7.59
1415	14	4	8.44
117	1381	5	38.87
102	121	21	13.92
2083	854	8	141.66
2	220	38	269.56
103	949	3	7.96
1246	12	3	3.93
1037	816	9	142.43
101	215	32	129.74
822	418	3	33.3
211	107	4	7.58
104	4576	3	17.43
8	260	73	819
111	226	5	13.09
101	3015	3	14.24
159	101	11	10.89
3742	14	3	9.64
187	136	5	21.49
552	110	3	11.07
548	5727	3	47.62
1161	103	4	14.37
105	313	3	5.31
721	14	4	4.06
6096	14	3	13.24
2424	14	4	12.85
108	4090	3	23.55
4650	102	3	19.3
105	2960	3	18.37
147	204	5	25.7
1157	12	6	15.19
102	371	5	9.56
102	475	4	7.8
1076	12	6	14.4
128	210	4	16.28
1250	103	3	9.37
183	112	93	805.41
129	1060	7	64.23
238	108	4	8.89
195	115	6	18.24
808	810	3	36.78
103	188	102	682.46
3116	110	4	31.06
1305	2740	4	67.16
101	8006	3	23.64
16	264	5	16.51
109	305	4	11.84
4457	4974	4	88.47
149	128	6	20.4
111	946	8	55.84
568	8	3	14.04
102	3426	3	15.56
1381	603	7	104.28
130	138	5	12.58
164	115	4	7.24
270	160	22	219.92
1056	2666	3	45.4
101	977	15	102.17
776	103	5	16.48
7033	7985	3	71.83
977	426	8	111.54
103	1285	12	80.87
106	129	17	38.62
846	1886	10	186.28
516	101	3	4.71
1978	14	3	6.17
230	105	7	17.28
16	1203	3	16.37
119	3460	3	26.65
110	378	3	9.04
132	355	7	48.16
119	3580	4	38.98
1284	3021	6	109.41
139	530	7	55.8
138	692	3	19.96
16	2752	3	21.74
275	14	8	4.28
103	594	8	30.46
7	7	3	35.14
897	14	4	5.23
262	105	5	11.29
132	286	4	20.66
153	6010	3	36.09
124	3654	3	28.4
206	104	20	61.54
12	172	145	825.62
12	122	334	1528.6
539	2211	4	56.99
323	14	12	17.5
171	3144	3	32.9
450	7098	3	50.84
101	1033	10	56.07
2566	1466	6	108.4
1930	14	3	6.17
103	141	17	18.58
109	184	7	17.58
117	1836	4	31.27
2284	104	3	12.85
1127	133	5	43.35
2176	111	5	38.65
2699	102	5	31.31
104	1494	3	10.41
3933	123	3	29.35
1696	4371	3	52.21
292	104	8	18.3
579	12	8	14.63
140	173	3	9.75
2288	14	3	6.82
147	1098	4	34.2
806	101	4	11.37
368	13	4	18.35
608	4059	3	45.81
104	218	94	730.91
119	5576	3	30.46
1860	142	3	26.78
4264	12	3	11.13
115	173	39	254.74
216	2565	5	64.42
131	168	3	8.45
12	985	12	48.3
103	1741	3	11.34
12	1052	9	30.28
635	111	6	32.82
2471	14	3	7.59
496	14	5	3.94
146	648	3	20.87
104	626	3	5.93
109	1638	3	17.01
877	101	3	7.4
1728	338	3	36
139	914	9	88.67
1008	125	7	62.09
103	2367	3	13.54
998	12	4	5.97
1398	123	4	32.1
124	387	13	106.13
430	175	4	31.35
1344	102	3	9.64
173	142	3	10.12
2	552	6	32.42
8326	12	3	17.64
127	163	3	8
400	659	3	31.63
103	3319	3	15.73
1093	7190	3	55.98
57	220	14	113.12
2467	104	3	13.69
120	240	3	10
113	1757	3	18.31
145	318	3	16.02
1055	307	11	155.95
127	143	3	5.55
504	1124	5	66.34
923	112	3	14.62
970	131	4	30.91
101	424	6	15.1
6296	1685	3	58.94
836	14	5	8.07
3066	112	3	21.5
1363	14	3	4.28
210	113	10	39.17
117	1272	3	19.29
591	104	7	24.97
304	12	8	5.57
104	8069	3	24.09
177	162	19	156.21
4471	119	3	28.23
3212	6623	3	63.51
111	1600	4	25.59
108	2985	4	30.83
101	1387	6	29.62
102	259	5	5.76
1376	108	6	41.51
1676	105	3	15.12
822	444	3	33.62
811	104	3	7.26
352	9	5	23.36
329	130	3	14.38
2940	928	5	84.33
3846	12	4	18.62
115	138	10	23.2
744	101	3	6.62
110	560	3	11.07
9	14	128	151.15
1539	406	5	67.65
376	101	16	68.72
269	110	29	200.39
1154	116	4	26.38
104	7675	3	24.09
354	113	4	14.28
775	102	3	6.72
1225	104	7	35.79
125	189	8	38.83
762	12	8	18.95
125	139	29	169.09
101	5600	4	31.53
286	115	4	13.91
124	2270	6	62.02
110	1583	8	65.96
6259	120	3	35.52
110	155	4	4.05
210	1942	5	60.74
8569	103	3	23.94
604	687	4	48.22
3640	12	3	9.65
12	2065	3	6.83
103	612	5	14.48
5713	5606	4	93.47
330	14	11	14.73
5144	101	3	19.18
101	1130	5	19.97
3037	167	3	32.66
12	707	5	6.9
106	1062	3	14.29
108	4057	3	23.55
424	1087	5	64.14
112	1391	3	17.08
110	600	6	31.6
465	102	7	20.72
346	204	3	21.77
169	104	11	14.76
171	789	3	24.96
1372	12	3	4.28
5004	787	3	49.8
8	3032	7	77.83
111	256	3	6.34
159	126	3	7.44
133	123	4	6.7
3505	12	3	9.65
165	14	33	45.29
450	103	8	25.85
6633	1050	3	55.98
101	287	4	3.95
104	5430	3	19.63
103	2205	3	12.7
1728	284	3	34.72
128	432	3	16.27
105	1243	3	13.08
1195	12	4	7.32
1071	1333	7	113.29
102	660	3	6.05
733	104	3	6.77
1020	12	5	9.54
2676	373	3	40.23
3916	2353	5	104.02
5325	14	3	13.24
758	160	9	94.11
3599	108	3	21.98
146	112	36	170.54
291	13	4	15.86
126	106	9	10.43
104	197	17	42.96
873	103	4	12.5
148	337	3	16.85
121	168	3	7.14
257	107	3	5.86
121	12	39	9.68
106	245	4	9.02
106	162	5	7.28
224	12	11	5.84
4031	1270	4	71.07
1993	12	3	6.18
6414	8117	3	71.83
12	3153	6	35.28
104	449	4	7.79
110	303	5	17
369	14	9	11.44
1486	14	3	4.67
749	105	5	22.69
442	149	3	19.2
252	12	45	167.06
101	7907	3	23.64
1301	12	3	4.28
118	3812	3	28.15
452	175	10	99.39
2	969	3	15.24
176	107	5	8.64
314	12	7	3.98
101	3593	3	15.44
103	203	8	10.54
416	105	5	16.72
101	1654	10	68.1
757	115	4	22.21
103	7689	3	23.94
12	2	232	390.07
470	14	12	27.31
3140	817	4	63.05
110	258	5	14.99
1635	104	3	10.92
110	215	4	8.2
7868	1045	3	55.98
2281	12	4	11.7
1168	12	4	6.83
8457	1	3	39.07
699	105	3	9.93
111	2394	4	29.73
103	406	15	65.99
658	252	5	52.43
103	510	4	8.41
113	176	5	10.17
12	1128	16	94.09
101	8247	3	23.64
101	8127	3	23.64
105	3450	3	19.6
111	3303	3	22.29
1235	103	5	21.17
348	114	5	21.12
109	371	3	8.75
502	362	8	95.51
359	9	4	17.06
255	1496	7	91.47
8029	2137	3	60.37
108	3087	3	20.75
5714	4064	3	60.6
144	128	4	9.6
476	162	3	21.25
8676	7097	3	71.83
117	3886	3	27.51
159	1556	3	27.97
2315	1769	3	48.35
2601	101	3	13.25
150	105	8	9.77
748	103	23	183.65
770	101	3	6.62
105	447	16	97.38
2630	101	3	13.25
6397	16	3	31.25
1575	12	5	13.86
228	1258	4	43.18
8	194	4	10.16
106	771	4	18.93
635	12	5	5.91
706	16	3	13.4
1326	111	9	73.59
2615	12	4	12.86
101	590	10	42.21
2004	5249	4	80.01
459	8	9	59.25
787	12	4	4.61
1348	14	6	17.01
102	6096	3	19.3
145	155	3	9
2208	105	3	16.51
110	721	3	12.61
2244	531	6	93
1317	14	3	4.28
116	304	3	9.83
110	2099	3	19.05
113	2268	3	19.72
104	1814	5	25.22
3591	102	3	15.56
119	139	4	5.88
1868	12	3	6.18
4683	1684	3	54.44
2831	1363	5	87.98
2106	117	4	33.31
104	610	5	14.37
1237	14	3	3.92
101	321	10	28.08
104	4517	3	17.43
409	357	3	27.81
194	189	10	75.81
103	886	4	12.5
1393	12	11	53.74
105	1169	4	19.38
933	14	7	17.43
111	1237	3	15.71
12	3368	3	9.65
103	4557	3	17.28
468	103	4	7.8
303	2249	6	84.87
3789	3178	4	80.83
101	1268	5	20.71
1709	284	4	49.13
533	8	12	91.32
325	559	4	40.97
103	1912	7	43.75
483	433	5	56.04
2013	2498	4	68.92
12	306	29	92.06
493	14	5	3.94
905	101	3	7.4
110	3088	4	31.06
13	308	5	22.86
6106	645	3	48.49
104	487	7	22.21
101	4426	3	16.99
8809	104	3	24.09
565	3747	3	43.8
112	2553	4	30.31
2178	746	3	42.56
103	199	18	46.92
1189	106	6	39.83
1420	223	3	31.22
103	587	3	5.62
108	8302	3	30.26
103	451	11	43.07
318	21	5	24.65
781	14	5	7.65
3943	2223	4	76.1
3213	12	3	9.65
140	113	20	66.11
513	3150	3	42.16
209	121	3	9.28
9	124	5	4.93
104	159	15	23.8
104	309	10	28.75
129	7590	3	37.35
104	234	19	62.91
115	113	23	39.85
118	521	4	22.3
3130	12	3	8.51
4885	1196	4	76.07
1403	605	3	38.5
230	106	3	4.77
750	14	6	10.71
1860	115	3	20.31
101	4462	4	26.56
103	3952	3	17.28
104	249	13	35.86
2186	12	3	6.83
106	220	4	7.92
612	5	4	39.18
5496	12	3	13.25
12	1166	16	94.09
12	1226	7	21.3
851	14	4	4.91
1905	1608	5	84.44
573	105	3	8.87
425	110	3	9.73
1547	3542	5	92.9
193	112	3	4.17
315	880	4	44.5
110	1447	3	16.51
104	1339	4	15.74
108	2138	3	18.88
137	8098	3	38.15
974	113	5	30.73
167	12	43	82.06
13	206	3	7.39
101	1070	15	106.03
103	7719	3	23.94
12	204	11	4.12
12	659	9	21.22
106	936	3	13.59
108	4072	3	23.55
137	105	16	28.85
101	492	24	146.15
107	132	13	25.23
6943	7027	3	71.83
215	256	5	38.38
295	2460	3	37.22
1551	8	3	19.91
116	274	5	19.98
410	2135	3	38.91
636	102	3	5.85
106	3432	3	21.67
103	2471	3	13.54
149	6810	3	40.1
173	115	5	11.75
125	710	7	57.19
2056	6626	3	60.37
196	3375	4	50.69
103	947	3	7.96
166	214	9	66.54
112	501	24	207.52
134	384	4	24.05
116	378	3	11.62
2096	139	6	65.11
406	12	11	19.74
105	1326	3	13.52
5072	2850	3	57.77
2687	16	6	56.79
371	12	8	8.66
111	189	29	159.48
352	102	6	12.75
111	139	12	25.21
322	115	4	14.94
1001	110	3	14.4
101	237	22	77.11
904	14	4	5.23
3146	14	3	8.5
1833	12	3	5.62
105	247	7	18.78
4086	14	3	11.12
751	112	6	35.83
1710	101	3	11.07
2996	110	3	20.92
896	14	4	5.23
1595	101	5	23.38
208	141	3	12.01
446	1099	3	35
102	390	11	39.48
268	126	3	12.53
2586	12	3	7.6
183	507	34	497.16
2838	12	3	8.51
116	525	3	13.33
2356	126	3	26.55
2040	2316	6	114.88
119	560	11	88.11
1033	14	4	6.37
364	101	4	5.72
103	3502	3	15.73
180	482	3	22.63
118	940	3	18.39
105	350	5	14.79
4899	2194	3	55.87
3409	12	3	9.65
103	1132	3	8.98
3093	1065	3	46.42
722	14	5	6.89
713	111	14	110.35
105	5293	3	23.38
101	1693	8	50.29
1245	12	3	3.93
7830	12	3	17.64
1926	3283	3	51.29
698	110	7	41.61
132	1601	3	24.3
101	4194	4	26.56
137	2541	3	27.58
101	4374	3	16.99
827	14	7	15.93
785	3718	3	45.99
101	1006	6	24.85
265	1457	10	143.28
661	104	3	6.33
7088	3738	3	63.51
147	2610	5	55.34
205	1106	3	28.64
105	718	4	15.9
3677	14	3	9.64
139	3763	3	31.52
103	1539	5	23.86
6061	14	3	13.24
101	1082	4	13.49
57	670	4	32.56
6914	513	3	51.72
101	1792	7	40.91
1476	14	3	4.67
143	103	10	4.32
193	258	3	18.61
104	1259	6	28.33
109	113	18	15.07
1203	1107	3	40.97
214	8578	3	44.88
122	107	65	293.06
12	3933	3	11.13
14	58	7	4.95
108	711	10	68.5
3025	102	3	14.36
113	106	27	35.63
172	170	7	43.11
102	678	4	10.51
105	3648	4	29.54
241	101	10	20.62
230	163	3	15.7
4677	2762	3	57.77
291	143	3	15.12
108	8261	3	30.26
171	396	3	20.76
594	12	6	8.21
13	7124	3	33.92
8052	250	3	46.4
148	662	3	21.24
1100	111	3	14.9
867	572	20	364.78
4430	103	3	17.28
365	370	3	27.36
196	657	3	25.15
104	754	3	7.01
298	108	3	7
315	275	8	80.38
1111	418	3	35.08
282	758	7	83.06
104	5395	3	19.63
2	118	10	10.96
134	229	14	99.77
124	468	29	318.25
134	9	5	6.54
3642	12	3	9.65
103	846	6	23.31
128	315	3	13.99
958	14	4	5.58
438	1087	3	35
169	129	4	13.5
1660	6992	3	58.33
114	257	6	22.84
8	2702	4	34.92
105	3130	3	18.37
101	392	33	214.12
105	3010	4	27.64
12	809	6	11.23
106	956	3	13.59
12	749	16	66.58
877	14	4	5.23
156	141	7	32.4
243	105	4	6.69
4718	104	3	19.63
132	3611	3	29.46
2589	102	3	13.37
236	161	3	15.79
101	139	116	525.64
147	378	4	26.02
6632	291	3	47.71
142	104	33	74.48
3144	14	3	8.5
103	3524	5	34.53
115	882	8	59.82
127	105	10	8.59
1321	3925	5	96.36
1037	4184	3	49.25
8	2677	4	34.92
845	153	4	33.72
139	2034	5	51.43
6108	8177	3	67.33
434	706	3	32.6
147	274	4	22.35
1835	157	4	40.79
479	12	9	15.36
353	113	3	9.05
1506	8	3	19.37
2883	12	3	8.51
101	1362	5	21.51
514	12	5	4.37
119	274	3	10.66
268	110	3	6.43
2971	7973	3	62.27
1222	14	3	3.92
136	1246	3	23.12
8	1665	12	133.5
103	216	10	18.32
1803	108	7	56.26
112	838	3	13.99
6052	114	3	27.41
785	9	5	31.86
231	142	3	12.87
2007	102	3	11.82
147	2489	3	28.95
300	107	4	11.25
1632	443	5	68.71
133	960	3	21.38
6360	14	3	17.63
106	400	3	8.86
1396	14	3	4.67
103	1282	4	14.93
439	338	5	52.11
101	845	15	93.38
168	159	4	18.48
104	177	12	19.29
1270	8809	3	56.82
104	119	29	27.33
2184	12	3	6.83
338	12	15	29.74
146	258	6	37.41
181	113	134	1408.3
115	121	7	7.86
960	12	10	33.49
2151	12	3	6.83
140	121	3	4.11
108	781	3	12.98
2	670	13	99.85
264	608	3	27.62
8196	1947	3	59.61
541	110	3	10.88
112	2331	3	20.48
111	1932	3	18.44
269	112	3	7.01
124	627	18	184.5
104	3702	3	15.88
12	1148	4	6.83
113	130	8	10.65
101	677	20	132.9
121	113	11	16.18
4049	12	3	11.13
4070	102	5	39.61
12	591	21	90.21
106	107	17	7.74
136	130	3	4.81
115	136	15	45.32
28	108	3	11.51
146	101	11	6.01
115	186	40	272.96
3438	108	3	21.98
104	134	15	11.1
1659	3862	3	51.6
104	598	12	57.68
103	3730	6	47.88
1329	103	3	9.8
6581	6354	3	71.83
130	168	3	8.37
12	137	290	1601.6
1171	12	9	31.75
112	739	3	13.43
123	4333	3	29.35
195	154	3	12.8
12	1402	8	30.26
125	337	4	21.01
12	1462	13	76.44
103	243	12	30.11
3220	430	4	60.04
149	106	8	14.03
1693	14	3	5.61
112	8274	3	31.01
110	1509	6	43.02
2000	101	3	11.7
109	199	4	7.08
119	287	6	30.45
125	779	3	19.42
124	546	24	259.04
3481	12	4	16.1
580	12	5	5.08
109	633	3	11.85
4595	818	3	47.57
114	123	7	7.1
6972	4231	3	65.1
8	472	9	59.81
104	2376	3	13.69
139	3156	6	76.56
2828	4774	3	57.77
2168	14	3	6.82
828	112	3	13.99
107	402	11	62.22
101	223	42	204.26
215	590	3	25.62
111	321	7	29.77
2656	12	4	12.86
5064	12	4	23.52
289	14	8	4.88
102	141	25	41.6
789	522	8	110.46
852	14	4	4.91
366	106	3	8.23
115	335	9	49.57
216	223	9	76.14
310	115	3	9.35
104	129	40	84.7
139	1112	6	55.42
582	434	3	31.18
439	284	3	26.64
103	1328	8	44.94
106	247	3	5.34
1325	111	7	52.05
1440	12	13	76.44
3540	12	5	24.1
2697	6632	3	62.27
103	559	5	13.47
103	355	11	37.02
140	335	6	39.94
357	820	3	32.04
123	726	3	18.09
2196	110	5	38.41
129	447	3	16.5
2801	7713	3	62.27
101	1761	5	24.49
606	12	9	19.17
2845	12	3	8.51
16	236	3	6.01
488	12	5	3.95
1609	12	3	5.12
235	104	8	13.39
1574	12	3	5.12
4804	175	3	38.29
112	3296	4	33.74
1006	14	4	5.96
626	106	3	11.21
110	242	4	9.59
916	1403	3	41.21
191	106	54	371.25
656	115	4	21.17
101	539	7	22.54
107	313	4	11.63
101	435	15	67.24
4462	1564	3	51.6
108	1236	7	50
101	4766	3	19.18
1904	107	3	17.89
103	4461	4	26.95
116	204	4	10.88
139	676	15	158.23
5239	556	4	69.63
122	640	3	17.34
542	14	6	7.2
103	815	3	7.12
4127	101	3	16.99
101	1248	3	9.1
336	279	3	24.31
2649	14	3	7.59
101	1554	6	30.89
150	209	3	13.22
232	204	3	18.14
180	1113	3	27.63
119	2664	4	35.54
1240	12	3	3.93
1008	171	5	49.58
681	7088	3	53.48
16	2345	4	30.63
278	282	3	23.06
913	225	3	28.76
145	457	3	18.65
803	1321	13	236.16
3573	175	3	34.48
111	215	4	8.36
938	12	6	12.99
12	885	4	5.24
459	379	3	29.12
133	136	5	13.18
496	110	13	86.08
1049	232	6	69.05
198	1276	8	96.62
3448	108	3	21.98
177	1475	3	28.85
124	1399	5	43.92
131	113	27	95.19
107	500	4	15.79
1901	867	10	187.62
223	12	20	28.34
1331	12	3	4.28
142	107	5	3.92
7759	12	3	17.64
156	254	3	16.3
105	1354	4	20.58
128	131	7	20.09
2250	101	5	27.2
12	3357	4	16.1
118	3212	3	26.57
101	6535	3	23.64
104	1046	5	20
103	1479	4	16.2
211	980	4	40.67
1362	632	4	54.07
126	581	3	17.72
3333	145	4	44.88
109	123	9	9.14
442	107	6	27.31
101	3591	5	34.04
1379	307	3	33.57
8	1862	10	111.22
446	494	3	30.37
143	116	4	4.94
114	5627	3	27.41
2193	14	3	6.82
101	2065	5	27.2
6484	110	3	30.43
199	104	6	4.89
1405	12	13	76.44
2741	1333	3	47.72
101	3334	6	47.29
156	658	3	22.8
117	673	3	15.78
5986	102	4	31.69
115	184	3	4.91
216	139	23	187.72
2158	14	7	31.82
184	719	10	111.63
3036	167	3	32.66
101	632	17	98.85
3470	3814	3	56.78
1712	196	4	43.92
157	114	59	406.3
122	247	3	10.78
125	155	3	6.77
874	14	7	16.65
504	973	5	64.94
687	147	3	21.24
119	721	4	25.1
103	275	5	6.52
16	195	3	4.44
103	1468	3	10.26
493	101	3	4.42
1163	952	3	39.81
620	103	3	5.8
1672	1191	5	80.35
101	1083	6	25.65
599	101	4	9.24
124	1855	7	73.52
1000	110	4	21.69
108	5561	4	40.35
3090	7903	3	62.27
104	413	6	15.32
1126	229	4	42.58
381	113	5	21.14
110	525	3	10.7
118	519	5	30.23
1119	3131	4	65.91
241	110	3	5.63
856	444	3	33.94
5	419	3	25.28
644	106	3	11.43
2962	14	3	8.5
5084	1320	3	52.78
103	377	5	9.99
2228	108	4	28.05
172	115	3	4.43
6038	101	3	19.18
108	4619	5	50.44
1556	12	3	5.12
101	1420	5	22.4
4873	4837	3	62.83
1069	12	4	6.38
138	170	5	20.46
138	120	5	9.94
101	3894	3	16.99
946	4332	4	68.91
105	400	4	11.46
111	221	12	51.6
2267	112	4	29.05
679	105	3	9.93
12	2134	3	6.83
114	578	3	12.66
1760	189	3	30.4
201	12	20	22.21
116	4123	3	26.49
211	162	14	114.78
264	1138	4	44.59
412	126	4	23.43
137	143	9	37.18
333	12	7	4.61
107	119	13	15.46
4817	250	4	61.91
112	1487	3	17.08
111	424	3	9.86
118	700	4	24.64
105	249	9	28.69
3635	14	3	9.64
105	205	10	28.32
103	5254	4	31.92
817	14	5	7.65
103	8396	3	23.94
12	1885	8	37.25
3100	12	5	21.24
1457	1901	10	201.3
104	5706	3	19.63
7562	103	3	23.94
1434	14	4	8.44
389	301	4	37.49
184	370	9	84.29
110	4651	3	25.95
367	165	6	48.69
751	14	7	14.61
8	564	3	13.84
101	410	5	10.42
3491	576	3	44.01
114	113	14	11.71
6653	16	3	31.25
105	159	5	4.27
133	558	4	26.79
101	2646	5	28.94
105	107	27	15.89
105	234	6	13.38
3719	104	3	15.88
12	4358	5	29.4
117	267	4	15.31
118	939	3	18.39
133	168	4	13.98
12	1085	6	14.4
8	308	4	15.76
600	14	6	8.19
4491	101	4	26.56
58	283	3	24.61
368	822	5	59.93
632	14	8	16.27
119	421	4	20.81
523	14	6	6.9
112	347	3	8.85
7806	2964	3	62.27
103	2336	4	20.97
103	8528	3	23.94
101	1883	10	78.83
2432	12	3	7.6
102	843	3	7.23
135	293	5	28.75
103	438	4	7.61
119	1004	3	18.82
103	542	3	5.11
936	104	3	8.1
113	211	3	5.15
851	101	5	16.98
5987	103	4	31.92
116	887	3	16.43
220	117	7	30.36
3251	108	4	32.74
115	202	7	24.48
104	326	4	5.31
126	281	3	12.96
104	149	9	4.8
3270	110	3	22.15
1529	12	5	13.86
108	3304	3	21.98
101	611	3	5.37
971	104	4	13.56
499	180	8	78.06
1	9	4	4.92
3651	12	3	9.65
111	4290	3	23.87
12	253	69	364.98
105	610	3	9.07
1162	108	4	22.51
1238	14	3	3.92
206	129	3	10.51
245	149	4	21.71
328	105	4	9.59
109	141	7	9.46
117	1663	4	30.42
103	2983	6	42.17
108	4375	4	35.36
112	755	5	27.82
16	9	23	45.34
178	104	26	79.47
103	286	5	7.01
103	184	15	30.21
1057	104	5	20
1301	14	4	7.84
198	2602	3	33.29
410	479	23	353.67
902	14	19	103.85
779	357	3	31.74
1486	12	3	4.68
6080	12	3	13.25
400	12	8	9.83
771	12	6	10.72
124	1640	5	44.94
2493	103	3	13.54
3947	110	3	23.73
124	1812	3	23.85
149	3734	3	31.79
106	349	3	7.89
136	384	3	16.33
12	127	334	1840.88
521	101	4	8.29
1993	14	3	6.17
2	2108	3	19.9
2	1988	5	38.36
106	105	44	54.83
115	200	3	5.63
3880	16	3	24.54
104	276	6	9.86
12	2895	3	8.51
135	5031	3	33.57
103	4769	4	31.92
112	876	3	14.3
101	1965	7	43.08
227	235	5	37.34
103	492	4	8.2
1020	14	4	5.96
103	560	3	5.27
1085	465	9	131.15
123	176	5	17.59
3201	430	3	42.36
710	190	15	186.38
111	1484	5	33.74
374	398	3	28.19
4717	1072	4	74.92
101	1451	6	29.62
102	323	4	4.98
102	204	8	10.19
270	955	3	30.5
2061	12	3	6.83
322	113	5	18.73
165	12	22	16.42
131	154	13	66.99
3694	1163	5	89.32
567	105	8	39.93
111	259	7	26.05
111	319	9	42.97
1530	6362	3	58.33
1372	14	3	4.28
120	318	3	12.31
104	2226	6	36.84
7384	7154	3	71.83
6623	7034	3	71.83
1290	12	3	4.28
878	8	7	52.03
191	234	3	17.4
368	1028	3	33.81
937	1460	13	249.43
135	1008	3	21.9
2	579	11	75.62
104	3451	5	34.79
4939	12	3	13.25
102	509	3	4.66
330	12	7	4.61
16	740	3	13.66
385	2660	4	55.57
1101	103	3	8.61
116	203	3	6.62
4753	2749	4	83.91
1806	14	6	20.65
1965	435	5	70.87
347	287	3	24.95
389	338	3	27.15
102	358	5	9
1984	112	3	18.87
154	101	13	13.52
752	14	5	7.26
793	362	5	58.95
124	2821	6	67.73
375	111	3	9.05
108	591	4	17.4
116	240	5	17.95
1348	12	3	4.28
105	278	4	8.06
1977	12	3	6.18
853	12	6	11.78
2752	1680	6	114.44
107	103	68	64.95
1441	14	3	4.67
7553	3585	3	63.51
119	1539	6	53.33
12	733	12	38.59
120	101	28	25.87
787	14	7	15.25
4826	6078	4	93.47
522	14	5	4.36
104	2586	3	13.69
106	768	4	18.93
273	107	4	10.34
4582	12	3	11.13
111	243	40	295.94
124	3916	5	61.21
101	3000	3	14.24
2078	267	3	35.52
2127	12	3	6.83
139	1845	4	37.57
2863	629	4	60.94
101	3713	3	15.44
1025	102	3	8.12
101	1466	4	15.83
102	239	9	16.61
561	3362	5	81.81
144	131	4	9.78
5927	103	3	19.47
420	101	4	6.93
1089	14	5	10.09
520	294	3	27.62
5954	506	3	47.04
1137	14	4	6.82
227	150	19	162.2
8	785	5	32.12
411	113	3	10.07
106	211	4	7.51
106	262	3	5.87
1115	389	3	34.63
103	1268	3	9.37
148	224	23	202.59
1098	710	3	37.9
1056	14	6	14.38
108	8244	3	30.26
438	342	3	27.92
101	2562	5	28.94
3006	864	3	45.36
7986	5118	3	67.33
327	108	26	187.06
110	141	9	15.91
848	4966	3	50.1
105	634	3	9.48
118	263	6	28.86
3665	112	3	22.73
111	929	4	21.4
12	114	210	353.21
136	547	3	18.47
106	398	3	8.86
103	1478	4	16.2
106	466	4	15.03
12	286	20	42.9
1387	12	3	4.68
470	12	9	15.36
6489	104	3	24.09
1410	1217	13	261.35
13	9	13	22.75
101	1037	3	8.35
108	8759	3	30.26
119	778	3	17.54
344	8	9	52.88
108	4238	3	23.55
485	360	3	28.92
112	638	7	41.71
6883	4354	3	65.1
12	3746	5	24.1
1640	134	4	35.47
111	1774	4	26.44
663	101	3	5.95
118	1592	5	41.87
1239	14	3	3.92
106	133	6	4.64
750	12	6	10.72
336	1941	4	51.65
2812	119	3	25.41
2256	14	4	11.68
147	2293	5	53.56
603	103	4	9.58
7780	14	3	17.63
111	680	5	26.19
792	458	3	33.49
1577	103	6	31.46
1061	1163	3	40.54
221	105	6	12.79
3101	14	3	8.5
1435	12	3	4.68
103	454	9	31.3
3249	1775	6	120.18
195	123	3	8.54
1517	225	3	31.84
101	1674	7	40.91
112	720	3	13.17
139	338	6	39.52
643	125	3	18.13
158	202	3	14.05
1185	167	3	27.23
186	115	3	4.95
101	2304	7	45.72
1151	291	3	32.27
2925	609	4	60.64
12	57	68	168.74
757	113	3	13.52
1332	139	12	141.88
2074	825	8	141.66
2846	12	3	8.51
111	423	5	21.26
2016	12	6	22.25
2761	367	4	56.73
117	549	9	65.56
437	104	4	7.6
101	510	15	72.35
1666	14	5	14.88
101	6585	3	23.64
104	2284	3	12.85
951	101	6	24.1
3073	101	3	14.24
367	146	5	34.19
6755	1082	3	55.98
124	406	7	48.03
101	1345	7	36.04
148	1828	3	26.91
119	216	3	8.63
622	373	7	85.35
683	1316	10	164.95
2	283	26	184.79
464	14	7	8.51
7034	108	3	30.26
3725	116	3	24.91
119	1162	3	19.58
104	2601	3	13.69
258	1628	5	61.71
159	157	11	70.25
679	104	4	10.9
104	607	3	5.75
365	364	7	76.31
170	107	5	8.19
2713	2188	3	50.81
4562	4246	4	83.46
904	12	4	5.24
4229	2649	4	77.37
371	14	8	8.64
12	4357	5	29.4
102	3712	5	34.24
3788	1769	3	52.21
115	831	4	23
246	106	9	34.34
406	14	7	7.1
1451	14	3	4.67
4028	13	3	27.21
138	136	3	5.52
102	198	7	6.6
237	102	10	19.91
107	1358	3	15.61
666	175	5	45.97
4564	12	3	11.13
103	616	18	107.57
374	265	3	24.88
350	1139	10	144.14
160	8	5	11.53
102	376	15	62.73
210	120	3	8.93
111	1207	3	15.71
104	908	5	18.21
1196	3912	4	71.07
1812	108	3	17.47
105	106	130	415.33
6645	7806	3	71.83
120	187	3	7.62
1690	2692	3	49.38
206	128	3	10.44
551	12	13	36.23
328	104	5	8.62
13	207	3	7.39
1248	275	3	32.23
178	105	13	37.03
1070	14	6	14.38
167	14	19	11.13
118	1562	3	21.43
176	128	3	8.8
3800	16	5	52.1
102	4345	3	17.11
101	3564	6	47.29
109	213	6	16.47
103	5155	3	19.47
103	2922	6	42.17
2796	3471	5	100.82
156	795	4	34.32
166	764	3	24.4
1408	803	13	243.36
101	1882	9	64.48
1913	14	3	6.17
113	315	5	18.56
103	481	25	155.72
1158	110	4	22.73
118	2781	3	25.33
104	3066	4	22.67
106	117	9	4.73
1430	460	13	225.16
342	379	4	38.48
106	217	3	4.41
101	2544	5	28.94
147	8724	3	39.52
115	152	5	8.9
701	107	4	18.31
578	113	3	11.91
116	7925	3	33.2
2	191	12	47.47
144	104	10	4.94
1537	393	3	36.57
104	2105	6	36.84
1599	103	3	10.78
259	14	11	9.5
892	165	4	36.12
150	129	3	6.52
2233	14	3	6.82
1525	1683	6	103.54
101	3732	3	15.44
1042	110	3	14.76
225	14	22	35.28
110	991	4	21.69
3108	14	3	8.5
532	101	3	4.87
1442	12	9	37.31
1685	124	3	23.85
120	200	3	8.28
229	104	9	16.38
120	126	13	44.09
101	420	32	212.75
107	194	9	27.35
101	556	20	117.83
180	115	5	12.51
773	101	4	11.02
4693	8601	3	67.33
104	1078	7	33.55
114	242	3	6.94
112	3739	3	22.73
132	1930	3	25.57
2383	14	3	7.59
128	105	183	1236.26
1019	14	6	13.65
6534	116	3	33.2
2453	12	3	7.6
154	126	3	6.74
8	1185	3	18.42
101	1179	4	14
2037	123	3	24.64
102	441	3	4.12
122	206	4	14.59
124	2274	3	25.28
2301	12	3	6.83
139	284	6	36.93
13	1410	13	147.22
112	608	3	12.02
102	948	5	18.25
3894	14	5	29.38
103	288	5	7.01
135	433	3	17.04
113	460	3	10.67
1678	105	3	15.12
1902	101	3	11.7
101	855	4	11.74
101	1066	8	39.91
356	612	3	30.2
593	14	13	38.25
2715	290	7	111.55
12	319	24	68.14
1819	114	3	19.09
2266	12	3	6.83
105	1008	4	18.34
112	3416	3	22.73
111	841	3	13.57
28	9	6	37.46
115	142	24	101.45
291	102	4	4.16
104	312	6	11.5
104	143	11	6.25
4503	12	3	11.13
104	209	19	56.86
856	485	4	48.58
404	116	4	18.16
230	210	3	18.43
1158	101	4	14
175	101	7	4.74
101	601	14	70.8
535	964	3	35.35
1369	14	5	12.11
12	573	23	103.44
106	283	3	6.47
3792	14	4	18.61
16	474	3	10.96
103	424	7	20.34
199	5116	4	58.6
104	5821	3	19.63
3065	12	3	8.51
140	142	12	57.77
111	2114	4	28.47
163	107	5	7.46
1262	12	3	3.93
139	360	9	68.73
129	312	4	20.91
103	2836	5	31.59
1896	8	3	21.17
103	387	6	14.24
193	469	3	22.84
1461	14	6	18.08
1018	101	4	13.01
101	3387	3	15.44
148	5736	4	53.06
104	103	85	11.12
113	3673	4	33.87
1426	14	3	4.67
6549	101	3	23.64
772	14	8	18.93
8578	6360	3	71.83
1832	14	5	14.88
4621	1786	3	52.21
1224	101	4	14.56
13	4829	4	45.24
101	2546	3	13.25
4597	2556	3	54.51
1361	12	3	4.28
4433	12	3	11.13
141	5560	3	34.46
1978	12	3	6.18
103	1614	11	80.94
103	1538	6	31.46
102	1642	3	10.61
101	1022	3	8.01
148	561	3	20.14
103	5770	3	19.47
1995	101	4	18.3
2498	14	6	26.48
114	648	3	13.53
12	2907	6	29.64
2469	14	3	7.59
122	233	4	15.78
405	110	5	20.53
12	1370	10	42.48
143	162	9	48.01
16	135	13	31.03
172	475	4	31.63
3056	2120	4	71.54
21	409	3	13.69
153	6595	3	40.58
101	1332	9	52.89
429	905	4	47.67
112	207	98	971.34
12	1879	7	29.27
1698	817	11	204.29
2541	103	3	13.54
1124	14	4	6.82
2317	14	3	7.59
107	116	13	10.17
1045	14	5	10.09
440	101	5	11.11
107	281	3	6.45
110	4660	3	25.95
1114	389	3	34.63
1460	1485	13	273.13
12	2457	7	35.24
105	466	3	7.69
101	3136	6	41.59
101	8816	3	23.64
4409	12	3	11.13
151	150	3	9.22
717	103	3	6.64
4163	14	3	11.12
535	494	4	44.49
294	14	8	5.04
1629	101	4	16.56
389	458	4	41.52
1246	14	3	3.92
108	6259	3	30.26
105	1157	4	19.38
357	8	6	30.6
113	4457	3	24.4
642	171	5	44.99
378	522	4	42.3
137	129	4	8.4
107	108	23	20.56
1218	108	14	134.01
3129	14	3	8.5
101	2746	3	14.24
127	104	39	79.98
311	123	4	19.26
418	284	3	26.32
110	760	4	19.56
1856	8781	3	59.61
1511	841	7	111.06
102	495	7	21.5
173	214	8	58.11
4083	14	3	11.12
487	112	4	16.83
308	146	3	15.94
101	1617	9	57.57
288	1064	4	45
102	242	5	4.91
774	103	3	6.87
2118	14	3	6.82
12	1749	8	34.47
998	14	8	23.37
103	1021	4	13.37
243	104	5	5.3
3224	2319	5	98.61
2141	114	4	30.23
3461	12	3	9.65
424	2401	3	40.09
418	360	4	39.94
151	328	5	34.15
2365	301	4	52.99
107	354	3	8.06
1208	270	3	32.06
1459	103	10	65.87
3712	101	4	23.97
3295	14	3	9.64
686	167	3	23.91
104	176	12	19
1681	14	3	5.61
110	510	5	22.7
115	170	5	11.63
105	954	3	11.59
270	486	7	75.22
103	1281	6	28.02
12	1312	3	4.28
623	224	4	37.44
2410	1547	6	109.71
282	330	17	206.09
1159	12	4	6.83
101	1915	6	33.99
108	2489	3	19.74
305	101	6	10.4
140	170	4	15.08
108	6850	3	30.26
110	1601	4	25.4
820	14	5	8.07
102	2275	3	12.54
101	3521	4	23.97
103	258	7	12.03
393	3193	3	41.75
161	552	5	42.39
1930	12	4	10.71
309	162	9	75.88
103	215	6	5.99
195	113	4	7.65
143	119	5	10.32
101	7986	3	23.64
4136	12	3	11.13
12	121	120	227.3
323	12	8	6.52
101	949	12	69.87
186	101	8	7.48
111	1002	4	21.87
146	469	4	27.29
428	14	7	7.91
1479	14	4	8.44
362	14	23	71.46
12	336	9	9.41
12	268	12	12.46
147	792	3	22.05
12	136	26	5.3
1845	14	3	6.17
382	798	4	45.81
1310	12	4	7.85
765	1761	3	41.13
400	111	6	27.16
443	175	3	21.86
110	240	9	34.86
779	344	3	31.49
3400	436	3	42.36
5023	2118	3	55.87
109	272	4	10.69
244	102	6	7.52
7800	12	3	17.64
391	14	42	237.58
101	1703	8	50.29
2864	160	3	31.96
380	165	5	39.08
113	449	4	16.29
103	303	4	4.62
373	160	21	230.76
2488	14	3	7.59
103	557	10	41.6
1471	110	3	16.51
103	421	11	41.82
1553	426	6	85.22
9	12	97	74.06
140	187	4	16.07
299	434	34	535.33
8	3243	3	25.04
3859	175	3	36.06
115	187	11	44.67
1119	180	3	27.63
1694	2883	3	49.38
5318	14	3	13.24
894	101	4	12.14
110	2851	3	20.92
116	3522	4	36.66
654	1694	5	73.99
117	251	10	54.91
3207	3169	6	135.34
811	103	3	7.12
133	115	8	14.71
679	131	3	19.18
104	4491	4	27.16
689	102	3	6.26
1544	5614	3	53.83
103	852	6	23.31
703	12	5	6.55
389	360	3	27.64
462	101	5	11.36
116	571	3	13.91
103	4272	3	17.28
123	281	3	11.97
7614	14	3	17.63
16	2347	4	30.63
1143	14	6	15.18
1251	108	3	15.4
116	141	8	18.8
1626	103	3	10.78
304	14	11	12.81
1353	287	3	33.07
103	600	3	5.62
836	12	5	8.08
569	1047	3	36.48
389	284	4	36.96
101	1134	3	8.71
1363	12	3	4.28
120	152	3	5.3
139	3157	5	58.38
107	150	19	63.94
1972	609	3	40.32
103	3373	3	15.73
215	201	3	17.31
171	624	6	55.98
4842	3333	4	85.83
105	117	17	15.17
2995	618	5	79.95
431	16	3	10.49
140	104	55	172.01
12	1110	4	6.83
4180	244	5	76.94
103	384	5	10.2
739	112	3	13.43
4098	14	3	11.12
136	155	7	29.5
2195	14	3	6.82
761	12	4	4.33
103	4112	5	39.9
104	166	17	34.19
985	104	5	19.36
158	570	4	31.73
104	300	5	7.6
115	104	125	344.74
142	2271	3	27.54
113	4136	3	24.4
6699	104	3	24.09
101	2362	3	13.25
6351	2390	3	61.24
2964	1049	3	46.42
16	3909	5	52.1
12	248	65	306.98
103	1459	10	65.87
1443	103	6	30.19
776	101	3	6.62
1014	14	6	13.65
12	1440	13	76.44
116	8417	3	33.2
363	103	5	9.42
2378	14	5	19.12
2839	5138	4	83.91
102	1055	3	8.46
101	1744	8	50.29
1740	12	3	5.62
7276	1551	3	58.33
101	3571	3	15.44
149	200	3	12.53
4195	12	3	11.13
1398	104	3	10.41
103	699	3	6.41
374	114	4	15.95
458	139	6	43.86
101	3980	3	16.99
2	2733	3	21.78
4929	103	4	31.92
1250	101	3	9.1
601	287	5	52.87
153	3586	3	32.27
6978	21	3	34.93
7451	14	3	17.63
127	170	4	13.46
2437	14	3	7.59
114	313	3	8.83
5690	1565	4	78.19
702	14	5	6.54
2136	101	3	12.42
290	101	4	3.95
137	154	4	12.3
57	12	19	7.18
124	1275	5	42.15
106	960	5	28.2
664	658	3	34.64
174	552	5	44.04
929	12	4	5.59
12	856	4	5.24
332	6978	3	48.66
136	664	4	28.55
12	1059	4	6.38
857	225	3	28.43
331	2072	3	37.2
156	1545	4	39.89
1243	592	3	37.53
1767	14	3	5.61
2705	14	3	8.5
280	131	3	13.27
4283	108	4	35.36
103	8582	3	23.94
6814	5681	3	67.33
116	550	4	20.65
1265	12	4	7.32
315	180	4	28.55
259	102	5	5.76
1663	600	4	54.93
1561	110	8	65.96
104	5388	3	19.63
474	1855	3	38.96
409	517	4	42.89
1015	101	4	13.01
288	1029	3	31.78
112	410	6	28.3
135	1895	4	37.33
1829	14	4	9.85
228	1207	3	30.39
708	5359	3	49.24
980	101	3	8.01
180	538	3	23.19
4082	12	3	11.13
483	139	3	17.88
199	1910	3	31.72
882	162	4	35.82
1358	12	3	4.28
101	3116	3	14.24
112	5992	3	26.52
133	234	4	18.21
8582	7452	3	71.83
110	622	3	11.68
3327	12	3	9.65
105	168	8	14.22
372	758	3	31.98
4757	3834	3	60.6
120	279	6	31.01
4829	2106	4	81.1
1979	103	3	11.98
807	117	4	24.9
120	131	4	5.64
368	912	3	33.08
102	1153	3	8.82
103	803	3	7.12
2834	301	3	38.45
1033	415	3	34.53
497	167	3	21.98
101	1184	10	57.9
909	101	5	17.5
533	338	3	28.99
1278	171	3	27.46
104	7941	3	24.09
1173	12	4	6.83
102	953	4	12.71
124	926	5	39.37
252	9	3	8.56
119	609	4	23.48
103	293	5	7.13
195	128	3	9.64
687	12	5	6.55
2544	103	6	38.95
101	3478	3	15.44
1589	2385	3	47.75
586	106	6	30.64
279	214	3	20.45
1413	134	4	34.7
197	829	3	26.67
104	467	3	4.51
158	105	7	9.35
1050	14	4	6.37
443	101	3	4.03
102	1714	3	11.18
12	145	45	51.84
593	102	4	9.38
12	262	12	11.94
113	7431	3	31.11
12	518	5	4.37
2404	445	8	136.73
291	14	9	7.09
6743	14	3	17.63
109	1169	4	22.68
320	14	10	11.22
119	8610	3	34.95
4964	636	3	48.49
1021	4232	4	69.4
234	149	3	14.08
129	214	18	130.92
6085	1035	4	74.92
207	104	93	675.27
124	755	9	79.54
113	152	16	55.89
135	184	4	15.25
226	190	28	296.62
6548	726	3	53.74
139	1513	9	101.44
328	115	4	15.22
104	526	6	17.88
2246	14	3	6.82
158	292	3	17.41
111	2299	4	28.47
1010	559	3	35.9
147	789	7	64.86
1458	12	3	4.68
12	133	208	830.89
775	12	4	4.33
101	1750	10	72.17
458	811	4	47.27
103	298	24	110.29
639	2786	3	43.43
4516	1237	4	71.07
111	1681	4	26.44
104	1149	4	14.57
2115	14	3	6.82
182	179	133	2135.07
103	2858	4	22.47
912	444	3	34.27
2623	103	4	20.97
163	115	4	7.15
1210	14	3	3.92
105	5675	3	23.38
103	554	3	5.27
119	940	3	18.47
534	12	5	4.59
248	104	6	8.26
106	1371	3	15.54
5	532	5	50.01
12	6526	3	17.64
117	2612	3	23.67
104	2935	4	22.67
118	492	3	14.58
101	2481	7	49.19
852	108	5	27.59
2017	116	4	30.86
7381	4098	3	65.1
735	533	3	34.11
1175	14	4	6.82
104	138	36	78.83
239	108	3	5.3
726	101	3	6.38
126	242	5	24.53
251	13	4	14.2
1376	110	4	23.95
689	14	5	6.54
3925	365	5	82.75
117	323	11	70.89
3376	12	3	9.65
2944	12	3	8.51
150	154	3	9.46
2587	772	4	61.13
737	5	3	28.76
103	1009	4	13.37
119	365	3	12.89
703	105	5	21.8
144	120	5	11.41
1505	14	3	4.67
1918	101	4	18.3
112	479	3	10.74
12	1920	4	10.71
154	205	4	20.31
101	1241	10	59.93
553	110	10	62.78
393	1388	3	36.03
304	102	6	10.6
2997	2174	3	50.81
1223	119	9	84.8
1032	142	8	80.61
105	289	3	4.82
169	113	8	22.12
101	2658	6	38.37
339	102	4	5.33
120	147	4	7.89
107	153	5	5.78
2911	4070	5	106.23
101	2751	5	31.11
105	136	29	82.99
105	268	4	7.66
102	5986	4	31.69
745	105	6	29.65
707	1534	3	40.25
1474	14	3	4.67
129	1747	3	24.49
105	3005	4	27.64
101	445	9	30.48
107	157	4	4.09
101	521	24	150.97
174	220	3	16.24
120	107	15	23.42
2230	12	3	6.83
256	12	10	7.14
153	1088	5	47.12
8512	1564	3	58.33
514	104	5	13.1
983	103	3	8.28
250	112	3	6.44
104	1823	6	33.21
2651	117	4	34.58
501	190	4	33.22
965	405	3	33.65
3112	1284	4	66.51
102	245	10	21.19
368	735	3	31.85
5801	12	3	13.25
142	168	8	41.62
1742	14	3	5.61
101	5179	4	31.53
133	131	3	4.73
1295	2372	3	46.7
106	202	4	6.94
190	14	28	40.6
3276	108	3	21.98
241	117	5	19.79
795	244	3	28.58
612	1567	3	39.27
8098	112	3	31.01
3522	12	4	16.1
104	173	14	24.84
126	140	3	5.01
1681	102	4	17.53
101	2632	6	38.37
478	8	3	12.94
592	12	5	5.34
109	432	3	9.69
101	5366	3	19.18
623	294	3	28.66
113	185	133	1397.64
103	569	3	5.44
2585	147	3	28.95
7138	524	3	51.72
1122	108	3	14.98
2147	14	4	11.68
108	2177	7	61.12
2809	103	4	22.47
101	1799	7	40.91
111	1632	3	17.19
12	2917	3	8.51
2526	12	3	7.6
104	545	3	5.23
407	12	7	7.11
3715	2431	3	52.93
105	644	3	9.48
118	321	3	11.79
695	107	3	11.96
428	102	3	4
342	301	4	35.9
12	292	17	31.49
375	5338	4	66.47
529	352	4	41.66
103	8311	3	23.94
649	342	9	114.26
340	116	7	36.78
103	2511	3	13.54
250	14	18	28.05
112	139	19	58.37
102	489	3	4.52
112	189	12	45.45
13	1896	3	21.76
1095	114	4	24.12
1972	647	7	112.62
277	161	3	17.42
110	2551	4	29.54
403	12	7	7.11
2085	110	4	28.28
219	14	95	539.88
171	887	5	48.36
1388	2050	6	105.94
101	2945	4	22.08
115	685	7	46.31
17	13	7	61.3
646	12	7	12.43
16	1854	6	49.11
12	992	4	5.97
136	798	8	72.91
5157	8	3	28.84
105	1214	3	13.08
1025	14	5	9.53
117	1434	3	20.25
123	138	6	14.79
106	1416	3	16.03
125	433	14	121.64
113	120	10	12.11
135	216	4	17.6
8	1911	7	65.63
3230	244	5	71.54
667	14	5	6.21
531	1123	4	51.37
104	1503	3	10.41
1340	666	7	106.04
292	113	3	7.66
743	229	14	182.81
3382	12	3	9.65
1288	7295	3	56.82
4035	12	5	29.4
1779	110	4	26.25
136	221	48	486.72
103	1271	5	21.17
134	1624	7	72.54
546	356	3	29.36
8456	603	3	52.54
101	891	6	23.41
4592	2640	3	54.51
918	12	6	12.99
118	215	5	19
3040	12	3	8.51
206	113	5	12.78
2189	12	3	6.83
109	119	9	6.86
936	440	3	34.27
12	1456	13	76.44
113	476	4	16.73
798	105	3	10.7
1409	14	7	23.84
16	322	9	44.95
1242	3939	3	50.09
134	4541	3	31.31
1712	110	3	17.64
5449	2469	4	82.38
143	124	3	5.08
101	1713	5	24.49
125	130	4	6.97
103	1375	3	9.8
235	12	21	33.63
164	143	8	41.15
1838	14	3	5.61
4357	14	4	18.61
827	116	5	32.43
139	1514	7	73.05
104	375	4	6.62
110	297	3	7.15
115	197	4	9.38
2576	3792	4	77.37
3102	103	3	14.52
115	131	46	232.83
28	14	5	5.61
327	153	8	62.91
146	233	3	13.34
1347	103	3	9.8
104	125	13	4.59
104	273	7	13.18
103	3927	5	39.9
111	2553	3	20.05
112	1746	3	18.21
175	8	4	9.13
130	351	3	14.84
114	2210	3	20.5
106	12	119	42.77
2326	12	4	12.86
3011	12	3	8.51
1195	102	5	20.9
13	1295	3	19.45
952	7018	3	55.25
1184	12	4	6.83
354	104	5	9.46
2476	1288	3	46.23
140	131	9	33.74
341	13	22	178.82
129	125	5	10.6
102	326	7	15.37
101	1379	4	15.17
112	478	8	44.92
2177	104	8	58.01
259	9	5	19.39
103	2207	3	12.7
340	532	3	28.99
579	756	3	34.52
104	633	3	6.13
2430	12	4	12.86
280	104	7	13.72
225	9	4	11.95
4833	1037	3	51.49
159	276	6	42.53
115	785	3	15.11
159	128	4	12.22
531	2311	3	41.33
12	1040	11	43.26
103	1685	3	11.34
828	103	4	12.1
1051	14	4	6.37
103	1940	5	26.22
1269	14	3	3.92
12	701	7	13.47
1638	103	12	95.77
107	141	7	8.79
6740	14	3	17.63
105	3103	3	18.37
111	2874	3	21.06
1187	5	3	31.55
104	886	3	7.8
101	4846	3	19.18
832	12	8	20.54
220	928	5	53.43
101	2725	6	41.59
210	104	13	29.6
1194	9	3	18.26
492	1006	3	35.14
1308	8782	3	57.28
110	3299	3	22.15
129	8695	3	37.35
1897	14	3	6.17
104	828	7	30
365	376	3	27.49
352	12	10	13.45
2499	107	4	28.98
3235	6695	3	63.51
1706	113	4	27.14
133	104	40	91.33
2100	353	9	148.97
857	270	3	30.16
1530	2774	7	139.44
142	335	6	40.72
1219	110	5	31.76
211	214	3	17.92
446	636	3	32.01
153	624	3	21.57
116	380	4	17.79
1862	351	10	165.31
134	2882	5	55.05
12	3275	5	24.1
2491	102	3	13.37
268	133	3	13.28
233	104	7	10.04
2128	14	3	6.82
1653	896	3	41.43
101	1325	6	28.48
104	4427	3	17.43
4781	2697	3	57.77
145	128	5	14.19
105	305	3	5.14
105	238	4	6.22
13	4681	4	45.24
362	9	4	17.06
658	1123	8	121.57
12	206	39	98.04
3053	134	3	28.48
1895	103	3	11.98
1632	1175	3	42.89
1780	108	3	17.47
103	282	4	4.14
12	1422	7	23.87
103	180	12	19.37
167	102	10	10.64
12	1594	6	19.29
102	637	6	19.73
3258	12	4	16.1
135	222	6	31.87
9	13	93	522.85
163	101	9	7.35
6277	6596	3	71.83
261	365	5	46.32
101	2389	4	20.59
103	5968	4	31.92
12	4942	4	23.52
136	3059	3	28.54
1304	568	4	53.16
474	468	5	56.3
12	579	5	5.08
106	121	17	31.82
106	289	6	20.86
12	399	7	7.11
3887	3782	5	114.61
616	104	7	25.49
139	1290	7	69.95
2641	111	4	29.73
105	1019	5	25.41
13	4887	4	45.24
2611	629	3	42.18
200	463	3	23.2
12	564	9	17.96
355	105	4	10.3
739	14	5	7.26
148	297	3	15.91
103	585	28	214.95
139	2675	5	55.41
248	131	3	12.15
2632	14	4	12.85
1560	6682	3	58.33
103	2891	3	14.52
870	12	4	5.24
101	5298	4	31.53
171	1226	3	27.46
193	325	3	20.41
820	9	3	16.1
3551	2109	3	52.05
1227	12	3	3.93
524	105	3	8.33
238	101	5	4.28
161	435	4	30.03
503	167	4	31.74
16	199	3	4.6
166	1060	6	62.42
12	233	17	20.67
12	158	121	497.95
371	8563	3	49.65
1023	12	6	13.67
114	6842	3	31.9
110	267	3	6.43
1198	12	9	33.38
428	9	4	18.73
6234	1314	3	57.28
111	1058	3	14.9
6085	3247	4	85.83
2110	293	3	36.25
1313	114	7	55.13
479	8	4	19.58
110	4670	3	25.95
104	4208	3	17.43
127	115	17	51.12
5543	141	3	34.46
4668	529	3	47.42
169	1541	3	28.94
1153	14	4	6.82
1675	106	4	25.6
2239	223	3	33.81
103	4607	3	17.28
102	432	7	19.98
112	256	4	11.03
2655	113	3	20.58
101	1222	4	14.56
103	702	4	10.72
1567	8	4	29.24
1016	1453	13	251.86
101	1528	8	47.94
1705	1718	5	84.29
135	846	5	40.48
101	5756	3	19.18
298	14	8	5.21
111	1391	4	24.83
1286	1405	13	261.35
1651	103	7	39.74
5537	116	3	28.71
107	545	3	10.49
822	357	3	32.04
120	427	5	29.54
646	101	4	9.78
4747	110	4	40.58
427	3024	3	41.12
496	107	4	15.56
111	298	3	7.28
103	3462	4	24.35
2055	9	3	21.77
803	574	3	34.8
618	101	3	5.56
108	3084	4	30.83
336	115	3	9.86
4473	14	4	18.61
102	235	13	31.91
107	1264	3	15.16
104	5408	3	19.63
774	112	4	20.32
103	910	8	37.37
102	490	5	12.05
353	103	4	5.89
3390	320	5	75.5
5116	3528	4	85.83
294	1124	3	32.27
231	715	3	27.39
793	486	5	62.32
128	126	5	10.85
1815	113	3	18.31
103	2554	5	29.42
472	102	3	4.38
118	765	5	34.15
105	126	14	18.31
111	554	4	17.26
944	114	14	127.21
225	532	3	25.44
1550	1003	5	77.04
1716	2220	8	156.68
1441	103	3	10.26
3886	14	3	11.12
939	103	5	18.52
118	216	19	125.06
177	3534	3	34.56
718	126	5	37.39
3889	3286	3	56.78
12	231	84	445.96
101	958	17	121.34
470	104	3	4.64
5	119	4	15.69
858	4668	3	50.42
2014	12	3	6.18
101	1653	6	30.89
2372	568	8	141.05
963	198	4	38.99
405	117	3	12.87
4267	14	4	18.61
122	120	5	7.01
123	777	3	18.36
1786	14	5	14.88
163	136	3	8.73
802	14	7	15.25
815	165	3	24.57
1277	112	8	62.09
156	655	3	22.8
8	2062	8	82.68
344	482	5	53.2
819	344	3	31.79
4727	1340	4	76.72
113	1490	10	89.76
5168	454	4	67.9
1493	104	3	10.41
285	12	8	4.89
3179	2315	5	98.61
3786	2178	4	76.1
2675	14	3	8.5
1391	14	3	4.67
5332	14	3	13.24
175	13	3	5.85
115	130	9	16.97
220	12	19	24.57
701	114	7	45
104	124	13	4.26
6785	776	3	54.02
104	272	4	3.86
158	366	4	27.97
104	332	11	35.33
5549	12	3	13.25
471	104	16	79.82
140	130	3	5.21
101	5351	4	31.53
4001	1006	3	48.88
101	1893	7	43.08
861	106	3	13.27
101	2073	7	45.72
166	641	13	146.27
12	1218	13	64.88
6681	106	3	29.94
3564	108	6	60.53
143	125	3	5.21
485	379	3	29.46
112	678	3	12.92
101	1712	5	24.49
103	106	74	78.63
5691	5352	3	62.83
135	557	3	18.45
258	330	11	118.01
1006	102	3	8.12
540	224	4	36.3
104	588	3	5.75
111	2245	3	19.19
13	199	3	6.82
3595	108	5	45.05
4240	14	3	11.12
4887	3806	4	88.47
2065	14	3	6.82
6187	3190	3	63.51
966	444	3	34.62
339	108	3	7.95
972	110	5	29.62
1492	102	3	10.1
670	756	3	35.42
153	1621	8	93.16
13	708	3	15.99
102	461	5	11.53
678	102	3	6.26
16	744	3	13.66
5354	4103	3	60.6
4921	1151	4	75.47
948	14	4	5.58
662	103	5	15.22
1251	14	3	3.92
102	2946	7	55.46
6199	463	3	51
818	12	5	7.66
746	16	19	177.04
16	865	15	134.01
4385	12	4	18.62
415	12	6	4.94
142	152	4	13.17
4872	6297	3	67.33
103	1836	5	24.96
104	2563	3	13.69
2559	450	3	40.25
378	225	4	33.71
101	280	13	39.07
525	810	3	34.2
1623	103	3	10.78
3945	1130	3	49.66
715	101	4	10.68
12	1989	4	10.71
208	150	4	19.82
110	3297	4	32.97
4671	5	3	42.06
2821	540	3	42.36
636	101	3	5.75
1538	370	4	51.02
365	333	3	26.37
103	3241	3	15.73
900	14	4	5.23
2185	116	4	31.95
1463	331	4	48.91
111	384	10	55.23
1653	1794	7	125.02
473	12	7	8.84
101	311	32	173.7
101	161	24	57.66
6771	7249	3	71.83
236	139	4	18.75
114	354	6	27.81
133	105	34	105.66
105	356	4	10.3
113	2624	6	53.26
129	761	3	19.62
4344	103	3	17.28
111	1407	3	16.65
1143	116	3	17.86
576	16	3	12.04
264	189	4	26.95
4945	1998	3	55.11
595	180	16	191.37
102	128	29	42.08
13	1854	3	21.76
1934	124	3	24.52
1453	1389	13	273.13
2228	153	3	29.14
694	14	7	13.45
1625	14	5	13.84
103	433	12	48.64
590	14	8	15.14
1507	14	3	4.67
275	147	3	15.11
134	1719	10	120.29
101	608	4	9.24
101	667	14	74.96
1677	589	3	39.65
106	170	6	11.54
106	120	14	20.07
136	319	8	55.93
245	457	3	25.3
1084	102	3	8.46
101	8657	3	23.64
3729	635	4	63.18
104	509	3	4.93
812	14	5	7.65
966	2365	3	45.02
582	110	6	31.16
1943	4009	3	52.88
200	103	12	22.49
184	1051	5	51.33
869	294	7	85.89
102	1094	3	8.46
16	2	25	39.76
143	203	3	11.96
135	424	4	25.1
865	16	20	208.71
108	7122	3	30.26
109	209	4	7.88
244	16	4	10.56
2886	114	3	22.38
109	143	7	9.66
1043	272	3	31.23
1294	225	4	43.73
217	162	4	22.56
2617	14	3	7.59
265	3140	4	53.01
502	160	6	51.51
101	5638	4	31.53
231	131	4	17.45
104	562	22	139.78
335	1491	3	34.73
5445	14	3	13.24
2072	621	4	58.14
12	309	9	8.18
565	229	4	36.75
8069	8457	3	71.83
5	102	10	22.58
424	542	9	115.56
136	243	3	12.63
342	360	3	26.47
106	187	5	9.16
355	104	8	22.13
1181	12	5	10.72
139	6131	3	38.25
230	113	5	14.09
1606	14	3	5.11
126	125	6	14.22
104	112	30	6.9
168	120	3	6.76
104	239	6	7.58
115	106	36	78.34
216	210	5	35.1
550	116	4	20.65
118	388	3	13.21
394	237	4	34.35
111	684	3	12.5
103	2890	3	14.52
648	165	3	23.51
3836	3391	3	56.78
2587	160	3	30.94
519	1080	3	35.88
5883	5694	3	62.83
1500	116	3	19.24
104	3666	3	15.88
554	224	3	25.57
103	450	3	4.25
101	1935	9	64.48
274	1013	4	43.86
102	622	10	43.42
7027	12	3	17.64
101	3785	5	39.41
574	12	6	7.86
1491	12	3	4.68
104	2019	6	34.87
8	5965	3	28.84
102	281	5	6.54
124	251	5	24.38
112	511	4	17.07
4130	160	4	50.38
1226	115	3	17.56
3118	117	4	36.1
107	374	3	8.53
3362	14	3	9.64
361	13	4	18.01
4866	535	3	47.42
105	403	3	6.99
6001	769	4	72.22
260	9	73	814.95
101	4863	4	31.53
133	466	3	17.19
1407	102	3	10.1
796	12	8	19.72
1418	12	3	4.68
427	534	3	30.77
1304	672	5	70.9
104	4311	3	17.43
12	819	4	4.91
1879	105	7	52.85
8	576	3	14.04
459	112	3	10.58
102	431	4	7.24
589	101	3	5.37
3924	117	3	27.51
145	5713	4	52.52
1272	14	4	7.31
303	975	4	45.02
3483	103	3	15.73
1054	104	3	8.76
101	4094	5	39.41
385	394	3	28.18
2563	12	3	7.6
908	2205	3	43.46
103	1458	4	16.2
116	5266	4	44.28
4966	561	3	47.62
12	164	156	875.61
101	1077	12	74.2
3814	101	4	26.56
205	950	5	52.32
505	687	3	33.2
1982	14	3	6.17
5600	4305	4	88.47
5775	108	3	25.77
754	112	3	13.43
3718	112	4	33.74
101	2191	6	35.95
116	624	12	94.85
1439	112	4	25.41
8695	125	3	36.87
893	14	7	16.65
1311	105	3	13.52
101	3526	6	47.29
2720	102	7	55.46
416	16	3	10.2
103	265	16	53.53
124	906	3	19.87
178	152	4	18.15
101	1745	3	11.07
2854	102	3	14.36
2325	111	4	29.73
713	148	6	52.69
3243	9	3	24.88
8	2046	5	43.24
485	102	3	4.52
143	496	4	27.32
708	2989	4	62.28
139	379	7	50.9
1174	14	6	15.18
1842	101	4	17.38
110	1216	3	15.57
428	1137	5	64.86
3326	14	3	9.64
2332	14	3	7.59
772	103	3	6.87
106	126	15	29.74
1087	812	10	162
2766	606	3	42.98
103	3598	3	15.73
539	111	3	11.02
114	516	3	12.09
717	14	4	4.06
2858	320	4	55.09
174	551	6	55.29
142	170	4	15.58
104	2454	7	50.23
142	120	3	4.07
1945	254	4	48.78
458	1361	5	67.05
8	259	5	19.64
688	14	9	21.96
101	1530	5	23.38
214	125	5	22.17
105	1229	3	13.08
737	9	11	90.03
2939	12	3	8.51
192	162	5	28.11
204	12	44	119.81
116	473	3	12.81
128	142	5	13.59
472	9	9	59.34
5478	12	3	13.25
958	102	3	7.8
139	704	8	71.63
109	607	5	24.3
156	2827	3	31.79
1785	14	3	5.61
104	3422	5	34.79
103	775	6	22.11
101	395	34	224.5
2591	2031	3	49.03
108	1168	4	22.51
1389	1430	13	273.13
1851	2137	3	48.15
290	12	9	6.91
4757	3833	3	60.6
515	104	3	5.08
12	821	4	4.91
229	12	26	50.53
282	1628	4	48.15
137	113	11	22.8
656	104	5	15.46
107	124	8	7.28
1362	102	3	9.64
1446	14	3	4.67
267	106	4	10.06
127	136	5	12.27
1031	932	6	89.57
105	101	65	25.61
101	2708	3	14.24
360	14	9	10.81
907	125	3	20.03
263	12	10	7.51
103	683	10	46.71
228	337	3	22.38
135	616	4	27.89
415	114	3	10.81
112	561	3	11.62
1288	1002	10	171.52
482	14	9	15.82
4072	103	4	26.95
511	14	7	9.5
103	5520	3	19.47
1568	14	3	5.11
5359	576	3	47.82
117	199	5	16.49
4225	14	4	18.61
225	103	6	6.63
116	7472	3	33.2
103	1648	7	39.74
397	104	4	7.09
3450	111	3	22.29
2348	12	3	7.6
350	189	8	71.83
101	4574	3	16.99
115	211	31	211.95
5965	9	4	44.24
973	339	16	252.76
110	364	14	84.63
104	316	6	11.68
735	459	3	33.2
4449	606	4	65.2
310	104	6	11.5
410	3737	3	42.05
1514	12	4	9.11
131	849	3	20.28
148	251	5	29.39
1096	14	6	14.38
6842	317	3	48.32
9	175	10	39.53
1536	102	12	95.09
122	455	3	15.24
198	1049	3	28.05
101	5472	3	19.18
109	150	8	15.13
143	214	4	18.8
963	14	4	5.58
16	6296	3	31.25
3186	478	4	60.72
141	2602	3	28.38
1266	14	5	11.38
400	2927	3	40.65
434	308	9	103.53
164	129	6	24.11
2152	14	3	6.82
12	315	7	4.13
337	1367	3	34.23
782	16	22	229.62
1477	3557	4	69.78
110	280	4	11.18
158	104	18	34
1343	14	3	4.28
108	2588	5	39.89
354	106	3	8
3106	14	4	14.27
248	105	4	6.85
113	335	3	8.61
101	3177	5	34.04
2046	9	5	42.98
982	104	3	8.42
2449	486	3	40.77
118	491	3	14.58
101	2404	7	49.19
104	271	16	55.25
3863	430	5	84.73
786	106	6	34.33
175	117	3	6.11
103	1322	6	29.05
1963	14	3	6.17
630	103	5	14.48
5120	7381	3	67.33
101	1055	3	8.35
535	636	3	33.09
349	101	8	20.74
418	704	3	32.44
110	161	76	548.2
8461	111	3	30.58
788	4016	3	47.57
122	126	6	12.82
122	200	4	13.84
132	1607	7	71.92
109	128	11	17.94
112	734	3	13.43
1803	153	3	27.71
178	115	7	21.58
5005	103	3	19.47
986	14	4	5.96
309	214	4	30.83
548	896	13	205.07
210	106	4	7.45
293	101	12	35.25
2804	14	4	14.27
222	183	93	1411.78
204	592	3	25.15
558	716	5	62.66
1199	6757	3	56.82
319	113	3	8.31
173	162	8	49.94
102	516	3	4.81
229	121	3	9.96
1038	16	17	177.35
1799	298	3	34.92
104	2237	4	19.94
107	204	3	4.01
101	429	34	238.59
107	255	3	5.86
463	2010	6	89.08
102	1335	3	9.64
571	2898	3	42.76
326	101	4	4.86
845	108	15	126.4
153	3621	4	46.5
105	120	17	20.45
104	643	3	6.13
427	165	5	40.36
104	777	3	7.01
2957	103	3	14.52
994	254	3	30.43
1782	105	3	15.12
5862	12	3	13.25
531	2317	5	76.28
12	1030	4	6.38
131	209	6	29.43
3061	1746	3	49.38
2181	12	3	6.83
112	1195	4	24.08
103	1008	5	19.11
12	1868	3	6.18
108	2926	4	30.83
343	123	3	13.49
2560	14	3	7.59
2768	14	3	8.5
1851	8029	3	59.61
2	169	6	13.79
138	309	3	14.8
103	2364	3	13.54
920	16	19	198.25
3343	4328	3	56.78
116	1183	3	17.86
1947	12	4	10.71
101	6392	3	23.64
107	358	5	18.32
2441	117	3	23.67
1172	103	9	50.15
646	110	4	18.22
1029	4031	4	69.92
12	1057	5	10.1
12	938	4	5.59
367	529	4	42.19
107	112	13	4.7
3317	112	3	22.73
104	4191	3	17.43
493	788	5	62.32
101	2826	3	14.24
745	104	3	7.01
7552	12	3	17.64
1002	12	8	23.39
2081	106	8	73.61
659	105	3	9.7
497	270	3	26.79
118	5239	4	46.5
103	650	3	6.2
2834	338	3	39.33
109	281	4	11.13
438	1144	4	49.91
108	889	9	63.44
405	13	4	19.09
760	2126	3	42.56
6094	12	3	13.25
106	455	5	20.77
1876	2041	3	48.15
3891	102	3	17.11
101	4235	3	16.99
810	101	5	16.49
372	13	3	12.17
169	1016	13	163.44
194	3274	3	35.36
1082	104	4	14.05
136	286	4	21.08
270	362	14	164.08
644	121	3	17.24
103	398	4	6.92
1159	104	3	9.12
172	104	24	66.18
109	535	3	10.84
9	212	15	81.64
101	3344	4	23.97
16	4873	4	41.67
167	133	3	8.83
1048	715	3	37.9
16	59	14	63.19
101	1803	9	60.59
1252	14	3	3.92
4686	6335	3	67.33
109	217	3	4.76
104	1250	3	9.52
663	103	3	6.2
2320	275	5	68.3
1508	103	8	46.7
695	103	5	15.62
164	104	24	62.25
2552	12	3	7.6
12	178	106	478.31
12	280	29	84.06
2446	12	3	7.6
103	1274	3	9.37
106	316	5	16.74
4063	3097	3	55.54
112	1660	3	17.62
967	444	3	34.62
1263	108	3	15.4
199	14	12	4.57
1433	147	3	25.51
420	103	3	4.01
118	1332	5	39.94
103	505	3	4.8
1140	111	4	22.92
101	1906	7	43.08
485	8	7	43.01
9	654	3	14.76
1179	102	3	8.82
2377	12	4	12.86
1128	16	16	166.9
618	14	5	5.61
102	106	60	43.8
102	233	17	50.3
1938	101	3	11.7
325	13	3	11
119	386	8	51.76
131	106	11	17.09
121	768	3	18.25
120	415	3	14.26
12	1046	4	6.38
2204	103	3	12.7
600	132	5	36.4
124	5880	4	48.95
17	9	4	28.27
399	104	3	3.9
139	1667	4	36.61
117	243	3	9.01
127	113	8	10.51
101	2739	6	41.59
105	198	4	4.41
4620	5023	3	60.6
277	106	4	10.48
107	101	61	45.16
137	186	8	41.8
110	2620	3	19.91
104	2157	3	12.85
403	14	6	4.73
1011	101	6	24.85
120	163	3	6.46
12	790	17	76.93
101	1142	15	110.83
343	377	3	26.99
2098	763	4	59.85
12	1969	4	10.71
1661	3896	3	51.6
5912	12	3	13.25
112	3089	6	56.31
913	534	3	35.35
101	4097	3	16.99
111	7330	3	30.58
250	12	10	6.44
173	107	4	5.22
5854	12	3	13.25
3236	528	3	43.41
162	136	4	13.7
1787	14	3	5.61
1297	106	9	71.69
5876	112	4	41.35
101	3946	3	16.99
117	513	3	14.32
101	2842	3	14.24
284	12	28	80.88
1341	284	3	33.07
4169	12	3	11.13
242	180	4	25.59
535	443	6	71.31
165	102	8	5.76
878	360	3	32.48
492	2031	4	55.13
2401	14	3	7.59
123	120	4	4.28
840	110	3	13.43
8	1384	3	19.37
102	206	6	5.34
1086	12	4	6.38
1031	1506	7	114.76
5137	4842	4	93.47
104	1469	6	30.5
341	9	6	29.55
1869	103	3	11.98
189	115	3	5.06
113	138	8	12.49
2	6923	3	31.3
404	101	5	10.2
609	112	3	12.02
175	116	3	5.26
121	105	16	19.53
103	1325	4	15.54
118	556	5	30.9
118	420	4	20.71
5271	12	3	13.25
104	200	10	16.04
101	2332	4	20.59
2760	12	4	14.28
111	906	4	20.95
827	8	3	16.25
1436	12	3	4.68
1718	2048	5	87.08
101	941	3	7.7
105	4509	3	21.16
147	624	5	39.7
12	329	54	317.77
647	101	5	14.4
475	101	3	4.29
676	181	14	168.05
13	1400	12	128.83
112	680	4	19.61
424	1345	4	50.93
5968	2839	4	83.91
1748	458	4	53.7
108	937	18	173.97
5338	112	4	41.35
1891	14	3	6.17
411	131	15	133.97
1540	101	5	23.38
136	141	8	30.76
869	548	3	35.21
12	402	7	7.11
463	5985	3	46.51
112	3477	5	46.3
153	5777	3	36.09
126	114	5	3.95
104	152	10	7.5
9	9	8	6.63
2562	12	3	7.6
157	448	8	71.52
101	2092	3	12.42
401	259	4	36.07
2144	301	3	36.55
1494	103	3	10.26
108	4266	3	23.55
102	1040	4	13.64
112	674	4	19.28
1476	147	3	25.51
999	116	9	74.81
113	467	3	10.67
110	3689	3	22.15
286	104	15	52.59
2428	12	3	7.6
709	12	15	57.43
12	5891	3	13.25
2865	5693	4	83.91
103	3693	5	34.53
3914	12	3	11.13
680	12	5	6.55
4596	1796	4	74.04
1136	14	6	15.18
812	101	3	6.86
101	998	13	81.42
200	105	4	4.51
114	106	17	14.24
1299	101	3	9.53
104	1018	4	13.56
393	237	4	34.35
3150	101	6	41.59
5532	103	3	19.47
615	105	5	20.6
105	239	7	18
103	8084	3	23.94
120	193	4	12.73
12	832	5	8.08
970	142	3	22.8
2702	9	4	34.71
103	6801	3	23.94
330	119	3	12.08
2324	12	3	7.6
508	165	3	21.83
1334	101	3	9.53
103	4437	5	39.9
622	190	9	95.29
104	1992	6	34.87
123	101	21	13.89
4230	5243	3	60.6
357	338	3	26.34
308	16	9	44.28
237	12	16	18.46
102	130	14	6.4
4681	405	4	67.05
110	2267	4	28.28
271	168	5	34.58
131	130	4	7.6
104	661	20	132.84
352	14	7	5.51
159	147	13	79.49
101	2976	3	14.24
422	14	7	7.63
102	1560	12	95.09
813	14	5	7.65
106	777	3	12.4
211	101	7	7.89
8249	14	3	17.63
581	110	3	11.27
106	643	3	11.43
104	4566	3	17.43
101	2949	5	31.11
103	3587	4	24.35
3069	12	3	8.51
12	2345	3	7.6
316	162	7	55.42
2098	5510	3	55.87
1875	12	4	10.71
138	177	4	15.17
1287	12	3	3.93
104	5327	3	19.63
1069	103	3	8.61
112	319	4	13.13
102	365	4	5.98
112	259	6	21.33
589	14	5	5.33
1255	134	6	55.96
283	101	5	6.51
111	1138	6	40.12
103	8391	3	23.94
116	180	8	28.87
111	473	3	10.33
839	407	4	46.61
117	423	7	43.03
440	108	3	9.72
333	103	4	5.27
57	306	3	17.51
494	465	18	266.71
174	106	5	8.55
1655	14	3	5.11
1028	485	3	35.51
3001	14	3	8.5
206	115	14	70.05
111	876	3	13.88
105	761	9	53.08
1766	254	5	62.71
1817	107	3	17.23
12	109	1043	5782.19
102	1711	3	11.18
1217	1286	13	249.57
4922	3826	4	88.47
2733	113	6	56.51
988	14	5	9.53
109	105	32	28.43
4343	103	3	17.28
141	910	3	22.1
12	1122	5	10.72
248	128	3	12
768	12	5	7.27
113	300	4	12.59
401	12	6	4.74
101	1937	6	33.99
409	7127	3	50.36
12	565	5	4.83
135	1540	3	24.6
12	489	28	130.42
2599	12	3	7.6
1489	12	4	8.45
104	155	13	15.83
967	517	3	35.51
901	167	3	25.34
110	520	3	10.7
4647	223	3	38.53
112	508	3	11.07
1265	14	3	3.92
101	1592	6	30.89
1107	104	4	14.05
357	284	3	25.07
2150	443	4	55.53
649	459	3	32.42
426	102	3	4
116	427	3	12.34
116	367	5	24.05
1114	341	4	47.28
111	280	6	21.69
569	3381	3	44.01
117	184	4	10.53
194	1606	6	70.86
101	263	58	387.65
107	437	5	20.61
103	1799	4	17.76
410	1923	4	53.8
191	138	3	10.34
57	14	17	4.55
440	103	4	7.61
101	569	19	110.83
1370	103	3	9.8
127	123	21	95.94
311	104	7	15.35
205	441	7	67.76
631	16	25	246.78
6358	12	3	17.64
1156	593	12	196.71
672	12	5	6.22
101	1234	8	42.61
188	14	18	13.41
102	472	3	4.38
1037	1839	4	60.5
430	101	9	29.99
1095	14	4	6.37
2541	101	3	13.25
2850	14	3	8.5
109	106	29	36.14
1740	14	3	5.61
156	1105	3	25.53
517	338	3	28.8
1336	1348	3	42.73
176	170	3	13.65
104	4137	3	17.43
12	245	33	88.89
757	104	3	7.01
981	12	8	23.39
2105	12	3	6.83
1957	107	4	26.63
185	182	133	2163.89
109	1579	10	90.57
104	345	4	5.79
152	112	5	6.96
104	101	102	23.59
2332	101	3	13.25
115	163	13	51.5
146	134	5	15.36
104	2906	3	14.68
116	3498	4	36.66
230	168	3	16.04
1342	12	3	4.28
234	106	9	32.65
4666	393	3	45.57
101	3273	4	23.97
140	163	3	9.18
507	108	34	343.87
401	320	4	38.25
172	192	3	14.44
3214	3869	3	56.78
733	115	3	14.57
113	203	7	21.9
5179	108	3	25.77
140	209	4	17.86
320	12	8	6.32
1249	12	4	7.32
3185	8	3	25.04
2	4495	4	36.74
291	12	8	5.06
146	119	22	110
108	1939	6	47.12
126	121	9	25.51
2744	963	6	105.9
16	1311	3	16.82
760	2141	3	42.56
104	5052	3	19.63
582	14	6	7.85
705	165	6	57.28
101	1009	4	13.01
12	144	98	256.04
1518	165	3	28.58
130	176	4	13.97
294	973	3	31.5
111	1093	4	22.38
2897	1889	3	50.05
110	282	6	21.6
3059	625	3	43.2
126	543	3	17.32
110	180	6	13.4
2909	12	3	8.51
176	187	3	14.4
118	1451	4	30.5
109	206	7	20.73
13	1536	12	135.87
547	14	5	4.82
430	646	3	31.85
309	136	3	14.67
113	578	6	32.48
742	103	3	6.87
118	1965	3	22.69
5	5447	3	42.06
119	161	25	152.43
104	2292	4	19.94
120	128	11	34.39
58	425	3	27.76
118	2591	3	24.31
101	554	7	23
368	915	3	33.08
997	14	5	9.53
2121	14	3	6.82
254	110	33	233.28
114	105	27	27.05
127	138	3	4.87
169	115	26	144.9
105	242	4	6.69
399	131	11	89.34
12	4214	3	11.13
104	646	5	15.08
105	495	3	8
136	658	4	28.55
361	135	3	15.78
253	128	3	12.38
343	12	9	9.95
13	1671	4	30.87
1451	106	3	16.03
642	134	6	47.59
1312	105	3	13.52
2	1159	4	23.87
6078	16	4	41.67
101	547	3	5.03
3140	256	3	37.16
5789	606	3	48.04
303	5457	4	64.08
1904	14	3	6.17
1278	14	3	3.92
293	14	8	5.04
1101	110	3	14.76
1216	836	3	39.59
2131	301	3	36.55
8601	103	3	23.94
135	1068	5	42.92
8	1194	3	18.42
101	1240	9	50.99
112	286	5	17.28
102	398	5	10.37
389	8	7	39.89
102	570	3	5.3
6029	796	3	49.8
703	102	3	6.26
102	262	5	5.76
1643	12	4	9.11
101	1562	8	47.94
840	101	4	11.74
462	103	8	26.29
104	696	3	6.55
104	847	16	105.68
322	104	11	34.51
4854	675	4	71.14
791	2244	4	60.24
3489	756	5	85.11
2447	493	3	40.77
1834	816	4	58.19
257	101	7	11.47
3825	14	3	11.12
121	106	10	10.34
7233	2001	3	59.61
767	110	3	12.87
227	101	7	8.99
1624	963	4	58.64
534	14	6	7.2
9	102	45	48.46
2765	104	7	56.22
1003	12	4	5.97
1210	12	3	3.93
16	4959	3	26.76
1981	12	5	16.08
103	2912	4	22.47
141	625	11	105.69
932	8	3	16.89
530	104	3	5.23
109	130	9	11.97
299	16	26	188.63
244	12	17	23.32
143	136	6	19.98
101	1701	11	86.72
166	1042	4	37.74
1429	14	3	4.67
103	297	7	14.2
105	2529	4	26.13
746	1705	3	41.13
512	189	8	79.22
3909	1136	5	94.73
272	12	14	18.35
12	177	14	5.09
136	540	3	18.28
2180	12	5	17.47
5	8	4	13.67
323	102	7	15.37
3062	12	4	14.28
105	4666	3	23.38
1834	401	5	68.79
12	2990	5	21.24
1933	440	3	38.62
1400	14	13	76.41
104	476	4	8.17
186	103	8	8.02
716	110	6	34.11
4393	14	3	11.12
6382	108	3	30.26
12	3034	5	21.24
5899	112	4	41.35
1794	14	3	5.61
810	14	6	11.22
1064	103	3	8.61
461	105	3	7.69
4502	12	3	11.13
2666	1056	3	45.4
103	396	4	6.76
554	111	6	31.01
161	12	77	233.64
275	119	3	10.74
6273	104	3	24.09
111	5282	3	26.09
1314	1589	3	43.78
101	1973	8	53.13
109	537	4	16.76
305	103	5	7.53
161	5140	3	37.31
792	444	3	33.32
209	106	8	24.78
101	3258	5	34.04
198	7180	3	43.87
110	400	3	9.31
686	165	5	45.18
104	120	34	45.03
111	608	3	11.6
106	154	9	18.98
1864	572	10	177.16
2960	12	7	41.16
1614	1660	3	44.84
434	380	4	40.88
321	1134	6	76.04
103	3647	3	15.73
113	5271	4	41.48
103	3571	3	15.73
7630	620	3	52.76
107	408	3	8.92
450	254	3	25.67
4948	1986	3	55.11
2234	1785	4	66.68
103	1848	4	18.68
136	794	3	20.63
987	14	4	5.96
134	560	4	26.97
108	2997	5	42.09
116	2654	3	22.66
5694	14	3	13.24
124	3085	6	67.73
3299	111	5	45.57
123	126	8	21.22
2485	12	4	12.86
396	12	14	31.21
112	201	3	4.57
101	1287	5	20.71
101	1355	4	15.17
2870	101	3	14.24
5572	14	3	13.24
107	304	3	6.96
101	384	5	9.78
107	155	5	6.19
412	210	4	33.47
645	336	3	29.95
256	14	16	23.08
479	103	3	4.52
110	2511	3	19.91
418	8	10	66.47
127	166	4	13.12
101	2888	7	55.18
1264	314	3	33.21
101	2828	4	22.08
124	4028	5	61.21
104	883	5	18.21
105	257	4	7.37
105	317	3	5.39
311	105	4	9.08
702	101	9	38.9
1279	14	3	3.92
290	14	11	11.68
137	152	3	7.54
224	785	3	27.75
107	184	5	9.06
103	1919	3	11.98
256	123	3	11.31
174	104	11	15.85
103	2123	4	19.74
353	8	3	11.12
494	1220	4	51.2
2	425	4	16.32
12	2088	6	24.15
1411	12	3	4.68
1848	1567	3	46.12
156	384	5	37.89
111	1244	4	23.51
1073	110	3	14.76
111	1454	3	16.65
385	254	3	24.77
1908	110	3	18.3
804	101	7	28.24
559	102	4	8.88
2501	844	6	101.21
142	173	10	57.53
1399	2042	4	65.06
469	330	6	64.88
105	467	3	7.69
329	110	3	7.9
7697	110	3	30.43
103	3449	4	24.35
12	2279	3	6.83
241	103	7	10.68
527	14	5	4.36
121	131	4	6.1
104	168	20	46.64
381	104	8	23.84
115	162	3	3.93
111	739	4	19.75
103	2826	3	14.52
108	713	4	18.98
5788	12	3	13.25
135	199	3	10.56
1615	14	4	9.1
2	628	5	26.14
13	1114	4	27.33
172	176	3	13.69
107	1638	3	16.63
652	110	20	175.17
344	301	6	59.41
103	266	5	6.08
125	297	3	13.1
2640	1926	3	49.03
103	3083	6	42.17
1953	12	6	22.25
110	130	9	12.07
518	1748	6	88.89
118	6278	3	34.87
101	2364	5	28.94
2986	103	3	14.52
8598	1064	3	55.98
670	117	4	23.46
4345	1611	3	51.6
3528	1995	4	72.37
12	2961	6	29.64
2685	105	3	18.37
443	14	7	8.2
224	8	6	22.75
306	12	23	60.27
8177	1034	3	55.98
112	814	3	13.7
5856	12	4	23.52
178	113	8	23.36
446	443	5	55.43
2183	12	5	17.47
3411	772	5	85.11
643	117	3	15.55
805	14	4	4.6
193	103	11	17.87
3647	14	3	9.64
140	210	6	31.77
320	101	9	23.41
109	504	3	10.49
3529	14	3	9.64
386	404	12	152.23
102	640	3	5.85
2021	12	3	6.18
227	121	3	9.96
125	396	3	15.28
189	12	40	84.59
2305	12	3	6.83
148	250	8	54.84
7616	12	3	17.64
1379	1287	4	59.32
115	210	22	132.49
205	797	4	38.49
1514	14	3	5.11
761	214	3	27.09
103	1647	3	10.78
142	138	3	6.27
2385	934	3	44.67
3203	1748	5	94.04
511	12	9	16.34
2486	12	3	7.6
101	2910	3	14.24
482	12	5	3.95
850	503	6	78.53
259	104	7	12.49
628	12	9	19.82
1538	180	6	69.62
138	128	5	12.48
12	1788	9	42.71
1449	134	3	24.02
2489	522	4	58
147	1257	7	71.63
101	7708	3	23.64
3123	770	5	82.14
263	14	9	5.49
319	115	5	20.88
117	3966	3	27.51
909	14	4	5.23
595	370	11	145.69
12	3210	3	9.65
492	1047	7	97.68
360	12	7	5.73
116	133	6	9.39
111	1351	3	16.16
105	1368	7	45.74
2717	12	3	8.51
268	128	5	26.25
3584	102	3	15.56
2352	104	3	13.69
114	104	33	15.38
104	1079	3	8.76
110	686	3	12.36
5003	12	3	13.25
650	330	4	42.64
105	300	4	8.72
12	822	5	8.08
492	3492	4	60.95
3192	14	4	16.09
2996	108	3	20.75
150	152	4	14.64
103	2278	5	27.68
7150	12	3	17.64
2188	111	3	19.19
331	657	6	69.58
165	1378	3	27.53
5260	5796	3	62.83
12	1027	4	6.38
112	1130	3	15.72
58	14	9	9.65
1260	14	7	21.28
6682	4595	3	65.1
1401	12	3	4.68
2527	12	3	7.6
226	893	5	53.17
110	6752	3	30.43
104	899	9	45.17
120	5120	3	31.03
1188	1061	3	40.97
3813	371	5	82.98
438	1047	3	35
339	104	4	5.67
832	113	7	46.04
807	103	9	42.54
101	6631	3	23.64
1778	101	4	17.38
137	115	8	15.27
528	288	3	27.52
1039	252	13	185.41
103	6764	3	23.94
5118	435	3	46.18
160	14	83	257.39
1673	106	4	25.6
1194	175	12	156.95
128	123	42	253.23
720	102	4	10.83
517	676	5	61.52
122	125	4	5.6
369	108	4	13.71
517	14	5	4.36
3753	3565	3	55.19
109	197	4	7.02
8563	5883	3	67.33
109	131	10	15.19
5849	147	3	35.03
4849	973	3	51.11
105	797	4	16.63
1597	14	4	9.1
112	2066	3	19.62
2283	369	3	38.19
101	1058	3	8.35
101	7145	3	23.64
101	939	11	61.17
12	58	24	72.41
2117	879	4	61.09
103	7631	3	23.94
108	3238	5	45.05
247	1743	5	61.92
2231	12	4	11.7
2361	1508	8	158.52
1963	12	3	6.18
1475	14	3	4.67
105	984	11	78.26
967	485	3	35.14
104	186	18	43.36
126	101	15	7.02
104	136	23	31.69
104	268	8	16.55
101	3174	5	34.04
112	2217	3	19.62
376	105	3	6.62
520	201	3	24.07
129	136	4	8.33
101	8089	3	23.64
16	346	6	26.31
9	143	4	4.92
101	3259	5	34.04
16	4872	4	41.67
2906	103	5	31.59
207	134	4	17.09
262	120	4	16.73
5418	1280	3	52.32
4142	333	3	41.93
750	116	3	15.55
101	700	8	32.38
1645	341	5	65.39
104	121	30	37.25
113	5973	3	26.62
186	162	13	97.18
102	5654	3	19.3
101	2239	6	35.95
134	1944	4	37.28
2169	103	4	19.74
57	628	3	22.1
107	665	4	17.99
2507	116	5	44.79
6084	576	3	47.82
111	3417	4	33.16
118	1420	3	20.88
1209	14	3	3.92
1399	2314	5	86.7
399	1171	3	34.78
105	138	13	19.27
104	882	3	7.8
2691	2695	6	123.85
1187	165	3	27.07
103	3315	3	15.73
3630	3224	3	55.19
101	519	24	150.97
5245	4606	4	88.47
12	800	7	15.27
57	425	5	38.78
102	1366	3	9.64
131	104	37	74.1
135	1991	6	62.75
125	1818	3	24.01
294	175	7	56.18
4464	2298	3	53.64
1485	995	13	251.86
2837	103	3	14.52
102	2911	6	41.83
4435	14	5	29.38
111	7697	3	30.58
1298	605	4	53.45
103	4418	5	39.9
379	12	10	15.33
102	247	6	7.64
1830	12	3	5.62
2062	9	8	82.26
8117	8196	3	71.83
118	392	5	27.45
3619	12	3	9.65
224	2755	3	35.7
1579	1421	10	190.49
106	317	3	7.17
572	103	30	239.6
285	14	10	9.17
1270	14	3	3.92
13	361	44	473.06
498	183	34	497.16
964	14	4	5.58
105	3658	4	29.54
2172	14	3	6.82
502	486	9	116.51
359	16	6	26.81
602	258	3	27.45
1439	171	3	28.43
103	251	5	5.48
195	105	19	73.35
16	252	44	358.9
1189	115	5	35.12
164	105	14	37.78
12	230	22	36.21
848	101	3	7.13
345	579	4	41.88
2611	1065	3	45.4
1614	3200	3	50.01
6309	2975	3	62.27
5	802	3	29.05
3833	3884	5	114.61
1011	12	4	5.97
12	791	7	15.27
111	347	4	13.46
2067	1396	3	46.33
505	165	11	112.03
139	820	6	51.48
116	106	21	30.84
101	1353	4	15.17
112	337	3	8.53
3010	12	7	41.16
1124	8	3	17.99
638	111	4	18.4
116	2977	5	46.99
101	7561	3	23.64
12	1757	4	9.86
357	301	3	25.46
4327	14	3	11.12
529	160	8	75
138	163	5	19.59
136	3172	3	29.78
123	136	7	18.91
103	2300	8	57.6
1214	103	5	21.17
133	192	3	10.07
1617	108	8	65.5
139	1666	7	74.93
117	303	4	16.62
142	113	11	25.45
136	2492	3	27.52
151	121	9	34.69
105	480	4	12.65
187	107	8	21.47
301	12	28	85.25
133	177	4	14.75
1509	104	4	16.4
322	106	4	11.81
4700	13	3	29.43
1773	14	3	5.61
433	190	5	42.48
131	147	3	6.06
965	1266	3	40.24
2283	621	3	41.3
115	2634	3	21.93
3905	1050	3	49.25
218	219	93	1521.22
1802	14	4	9.85
1231	641	4	53.42
123	171	3	7.41
1880	12	3	6.18
662	104	3	6.33
150	142	7	29.76
103	2209	3	12.7
2	2951	4	32.21
710	139	3	20.23
255	2127	5	65.64
138	312	3	14.8
4463	6076	3	60.6
109	640	4	18.16
1117	12	4	6.83
108	6556	3	30.26
611	287	3	28.34
16	614	3	12.46
553	14	5	4.82
1542	14	6	19.28
202	106	4	6.94
110	4575	3	23.73
8	359	3	11.24
711	105	8	44.06
110	604	5	24.37
1243	157	3	26.39
2919	12	3	8.51
1068	12	9	30.28
2065	12	4	11.7
1335	142	4	35.26
111	396	4	14.63
127	255	5	25.84
3951	7185	3	65.1
1148	12	5	10.72
101	940	5	18.06
12	328	30	104.87
12	194	15	8.87
1234	14	4	7.31
1838	101	3	11.07
152	138	5	17.41
105	617	5	20.6
995	14	13	55.68
3955	7629	3	65.1
3174	1050	4	67.28
627	125	3	17.91
109	132	8	10.03
153	6613	3	40.58
178	123	4	12.55
1818	3573	3	50.62
102	1090	4	13.64
103	161	29	82.88
1609	102	3	10.61
753	102	5	16.22
4959	12	3	13.25
2080	104	4	19.94
2390	232	3	34.87
122	390	3	14.49
1210	110	5	31.76
2693	1565	5	89.93
5465	5089	3	62.83
126	110	10	14.44
873	14	10	32.13
381	131	4	23.28
9	3821	3	26.46
121	104	32	42.98
106	241	3	5.22
174	1039	3	26.97
106	300	3	6.81
12	448	14	34.92
174	956	3	26.24
383	102	5	9.95
136	189	3	9.99
439	8	7	41.76
698	103	3	6.41
122	257	3	11.3
109	315	3	7.57
107	2129	3	18.63
102	888	8	36.92
5972	12	3	13.25
380	16	4	15.3
5346	12	4	23.52
3638	12	4	16.1
12	150	129	474.83
2554	2971	3	51.68
118	223	25	183.14
1650	103	5	23.86
6270	6364	3	71.83
116	1907	3	21.04
1967	116	5	41.53
1257	14	3	3.92
7858	726	3	53.74
427	687	4	45.7
345	283	4	35.41
3654	1082	3	47.67
103	4052	3	17.28
101	742	7	27.54
684	102	5	15.36
342	530	3	28.99
124	609	4	25.79
809	107	4	19.39
2815	12	3	8.51
694	12	7	13.47
2584	895	4	62.36
917	104	5	18.76
113	213	3	5.2
110	6117	3	30.43
4573	116	4	39.28
1204	1687	3	43.93
2805	333	6	91.92
8348	110	3	30.43
135	730	3	20.06
289	13	3	10.13
119	347	4	19
13	1677	4	30.87
129	660	5	36.9
649	418	3	31.93
112	2787	4	31.83
567	123	3	16.7
791	1039	3	38.46
198	1236	6	67.72
6361	230	3	45.45
165	21	3	6.08
12	714	14	50.81
12	757	17	74.22
500	275	4	38.44
2236	12	3	6.83
114	107	29	48.21
254	12	12	11.45
549	9	18	157.39
104	1086	6	26.51
105	157	5	4.19
112	3679	4	33.74
900	12	5	8.53
108	1183	9	68.98
615	104	6	19.89
339	8	3	10.78
101	2644	5	28.94
16	3236	3	22.97
864	452	12	179.72
5113	11	4	74.92
2203	12	3	6.83
1334	12	5	12.13
105	1373	3	13.52
375	128	3	15.4
101	4132	4	26.56
1004	101	3	8.01
16	615	3	12.46
112	244	7	25.41
8123	108	3	30.26
162	101	10	9.46
101	4043	3	16.99
103	4553	3	17.28
103	2566	4	20.97
104	1629	6	31.77
102	538	3	4.97
112	215	5	13.08
302	102	8	18.26
1523	341	12	197.86
283	12	18	34.25
277	180	3	18.65
107	121	20	43.45
104	2287	4	19.94
8486	103	3	23.94
118	845	4	26.15
5560	21	3	30.43
1792	14	4	9.85
9	1864	10	110.69
734	517	4	47.85
1120	101	4	14
104	1069	6	26.51
117	221	3	8.26
110	894	3	13.74
800	104	3	7.26
16	1859	3	19.11
2038	1120	9	173.78
103	1093	4	13.85
112	2758	3	21.5
793	160	8	82.13
105	1165	3	12.66
298	244	6	53.03
150	120	8	27.34
574	14	5	5.07
351	1826	10	158.61
116	365	4	17.26
6569	14	3	17.63
135	188	9	49.37
1820	101	3	11.07
105	3537	3	19.6
101	2040	4	19.36
110	1152	3	15.15
1683	12	4	9.86
2418	8	4	33.39
117	798	4	24.9
1319	104	3	9.94
158	461	3	20.66
104	238	5	4.79
603	12	5	5.34
478	102	3	4.38
12	354	18	44.78
12	490	21	77.91
190	115	6	17.52
106	138	15	34.6
101	657	7	25.63
131	685	3	19.18
135	1285	3	23.1
12	310	58	341.33
12	235	10	4.83
130	129	3	4.23
4888	3630	3	59.01
599	103	6	19.17
3660	2429	3	52.93
12	4968	3	13.25
118	139	12	40.68
115	413	10	63.04
109	104	74	89.75
122	241	3	10.64
124	2359	7	79.7
135	594	3	18.87
3441	103	3	15.73
2367	108	4	29.31
2	871	6	38.33
