8369	1
5973	2
7345	3
1568	4
167	5
8690	6
983	7
6038	8
346	9
4908	10
6065	11
794	12
3448	13
3449	14
8708	15
1542	16
1041	17
1574	18
5862	19
9455	20
2315	21
9365	22
7653	23
4686	24
4568	25
5902	26
2515	27
6716	28
4899	29
1314	30
5388	31
8412	32
3364	33
2786	34
7041	35
7896	36
8647	37
1188	38
2252	39
6253	40
7060	41
1383	42
4319	43
7828	44
7907	45
4799	46
9531	47
6589	48
2548	49
7885	50
2098	51
3456	52
4710	53
8417	54
1101	55
9019	56
181	57
2653	58
9521	59
1408	60
5816	61
9324	62
3110	63
686	64
2533	65
8147	66
71	67
1157	68
1737	69
5729	70
4500	71
6909	72
4095	73
8382	74
2982	75
3377	76
2974	77
2985	78
4444	79
3562	80
3071	81
450	82
1414	83
4343	84
579	85
282	86
3866	87
5045	88
5808	89
8809	90
7545	91
2662	92
2555	93
8672	94
5996	95
2437	96
140	97
1050	98
6737	99
1635	100
2514	101
5800	102
4680	103
9754	104
4625	105
5467	106
7158	107
9663	108
992	109
1622	110
2138	111
3109	112
1258	113
1755	114
5554	115
7972	116
8882	117
8606	118
9139	119
659	120
6679	121
8267	122
1723	123
24	124
7362	125
9632	126
4635	127
2940	128
2928	129
459	130
3926	131
5845	132
2643	133
7660	134
9542	135
9500	136
3388	137
2144	138
5906	139
9073	140
7691	141
3579	142
1461	143
5287	144
1322	145
3276	146
7251	147
47	148
5687	149
5112	150
8507	151
3380	152
1219	153
2747	154
2297	155
5105	156
9556	157
5022	158
3402	159
4689	160
8964	161
9358	162
3515	163
1440	164
1683	165
9236	166
7944	167
6554	168
9746	169
1124	170
3607	171
1874	172
4097	173
8914	174
896	175
842	176
8409	177
7428	178
5101	179
4684	180
1906	181
6394	182
3998	183
4556	184
1343	185
5882	186
2304	187
8620	188
8974	189
8129	190
6235	191
8199	192
167	193
8802	194
702	195
5775	196
3229	197
3302	198
2942	199
2845	200
6393	201
8950	202
3822	203
8196	204
3810	205
462	206
6981	207
127	208
2491	209
5565	210
2866	211
5525	212
115	213
5778	214
7419	215
4171	216
8385	217
9495	218
6669	219
137	220
1685	221
8639	222
2835	223
112	224
4083	225
8343	226
5805	227
7648	228
270	229
1378	230
2452	231
9701	232
3741	233
8865	234
4613	235
4600	236
3845	237
348	238
7053	239
6420	240
7913	241
8260	242
8358	243
9024	244
7515	245
7991	246
1775	247
7502	248
233	249
5056	250
7919	251
4321	252
5480	253
6425	254
7253	255
2640	256
4706	257
4387	258
5083	259
159	260
3014	261
5919	262
3270	263
1323	264
782	265
730	266
6483	267
7498	268
6231	269
72	270
4565	271
2873	272
7787	273
6912	274
6657	275
1409	276
4242	277
9505	278
7243	279
9039	280
3530	281
5342	282
3217	283
3827	284
830	285
8466	286
5942	287
5885	288
4866	289
1299	290
7290	291
2245	292
4460	293
1467	294
4494	295
8653	296
7435	297
8479	298
3210	299
4484	300
2794	301
1903	302
869	303
1499	304
1510	305
1463	306
8442	307
9099	308
8999	309
9189	310
9087	311
3823	312
2744	313
6214	314
8709	315
3269	316
3968	317
8074	318
4347	319
8991	320
932	321
9786	322
8626	323
5700	324
9545	325
5118	326
33	327
453	328
3698	329
4110	330
7218	331
2779	332
854	333
950	334
8643	335
907	336
5949	337
9497	338
9257	339
174	340
757	341
2154	342
4707	343
5113	344
8415	345
7903	346
5081	347
1722	348
4506	349
363	350
5332	351
9737	352
2155	353
3991	354
2690	355
4733	356
4997	357
106	358
6209	359
8283	360
779	361
6033	362
8664	363
667	364
1909	365
2532	366
7	367
3361	368
6	369
4962	370
517	371
4072	372
8407	373
626	374
41	375
2990	376
1111	377
154	378
4918	379
1466	380
5179	381
6599	382
3722	383
5762	384
3613	385
9003	386
523	387
1040	388
6739	389
9177	390
9499	391
6157	392
3338	393
4791	394
1259	395
8512	396
4692	397
2283	398
2027	399
2516	400
1284	401
5991	402
2874	403
7128	404
7520	405
2273	406
7994	407
6237	408
6758	409
5109	410
3273	411
3379	412
3773	413
8520	414
4943	415
5764	416
7279	417
2775	418
1003	419
7667	420
5623	421
5098	422
989	423
7934	424
2637	425
2151	426
9373	427
2175	428
3224	429
4307	430
9178	431
3703	432
253	433
9220	434
4379	435
563	436
9041	437
5177	438
6202	439
7175	440
6197	441
2496	442
4572	443
7365	444
718	445
9781	446
399	447
8050	448
145	449
157	450
7673	451
6259	452
859	453
6785	454
4026	455
4024	456
7614	457
2683	458
2180	459
4896	460
951	461
5304	462
5306	463
5298	464
5300	465
9715	466
3480	467
4429	468
884	469
6544	470
7780	471
916	472
6632	473
7674	474
6764	475
2405	476
5982	477
1849	478
5633	479
3960	480
1543	481
8634	482
4416	483
1631	484
3398	485
7980	486
4082	487
8157	488
2473	489
3569	490
8750	491
6551	492
2103	493
4979	494
7540	495
7534	496
7214	497
7929	498
5506	499
8372	500
4277	501
6242	502
6263	503
8272	504
7195	505
4746	506
5284	507
202	508
8823	509
6642	510
7024	511
4268	512
5123	513
183	514
9445	515
6271	516
7226	517
5499	518
5173	519
6005	520
6873	521
5909	522
6868	523
4254	524
3220	525
2641	526
7531	527
6896	528
2650	529
1835	530
8376	531
3383	532
5142	533
4678	534
4306	535
6719	536
7242	537
2983	538
3923	539
7637	540
5238	541
5561	542
7026	543
5950	544
7344	545
9687	546
3010	547
71	548
6626	549
78	550
9763	551
4736	552
7260	553
3261	554
2827	555
153	556
6678	557
4486	558
8137	559
8163	560
381	561
6846	562
3016	563
200	564
3567	565
7824	566
6932	567
3850	568
5150	569
9604	570
834	571
4337	572
6724	573
9423	574
8207	575
6843	576
8798	577
4021	578
3337	579
4870	580
6345	581
9695	582
6164	583
2803	584
9442	585
999	586
6086	587
2719	588
7720	589
1193	590
5632	591
2139	592
8890	593
231	594
2953	595
3423	596
5992	597
113	598
1938	599
6828	600
2833	601
8261	602
295	603
5744	604
6499	605
4693	606
268	607
2223	608
7895	609
5134	610
1064	611
9350	612
2189	613
132	614
49	615
8546	616
3832	617
7986	618
4999	619
9268	620
8031	621
8979	622
420	623
5067	624
394	625
343	626
68	627
3684	628
1758	629
5102	630
6992	631
2679	632
6266	633
4698	634
8081	635
8936	636
7652	637
7811	638
9506	639
8947	640
2635	641
7181	642
3897	643
5839	644
6649	645
3526	646
1352	647
9214	648
6069	649
7254	650
7479	651
5165	652
9515	653
8940	654
5026	655
6552	656
245	657
6103	658
2324	659
9766	660
3037	661
99	662
828	663
4921	664
2401	665
1194	666
7710	667
6463	668
8177	669
5498	670
8198	671
6355	672
6491	673
2159	674
8636	675
1114	676
5526	677
8527	678
3006	679
6866	680
1822	681
4532	682
8532	683
910	684
3453	685
3097	686
6580	687
6687	688
5	689
3820	690
6074	691
3937	692
1083	693
5695	694
3105	695
4079	696
2860	697
7363	698
6247	699
81	700
8368	701
7993	702
545	703
3362	704
2681	705
8683	706
368	707
9345	708
3986	709
4919	710
6225	711
6301	712
1133	713
7203	714
3343	715
7546	716
1150	717
7216	718
7367	719
2105	720
3927	721
131	722
1363	723
8617	724
4690	725
1678	726
9306	727
8697	728
3883	729
1357	730
2705	731
3952	732
3166	733
1609	734
3664	735
5004	736
7374	737
1347	738
8619	739
575	740
7684	741
4092	742
4839	743
4039	744
7275	745
3407	746
5029	747
3004	748
7918	749
4676	750
136	751
4682	752
4810	753
8187	754
5288	755
3830	756
116	757
587	758
7762	759
2188	760
4274	761
1156	762
6507	763
1559	764
6114	765
5706	766
6908	767
4023	768
1620	769
8178	770
8361	771
7497	772
7078	773
9759	774
7190	775
7250	776
6003	777
2773	778
9290	779
6267	780
7767	781
9466	782
4704	783
3241	784
2919	785
6207	786
7491	787
6893	788
4854	789
6224	790
7222	791
6137	792
4786	793
5755	794
6794	795
3043	796
5528	797
4087	798
8760	799
7603	800
3855	801
6320	802
3917	803
8249	804
2268	805
1076	806
8337	807
2753	808
9152	809
4963	810
6638	811
2009	812
4498	813
8357	814
6372	815
5481	816
469	817
6844	818
3898	819
4049	820
4521	821
9684	822
1813	823
9615	824
9434	825
7480	826
642	827
8191	828
4243	829
419	830
8355	831
9171	832
774	833
8285	834
106	835
9014	836
4939	837
4308	838
187	839
4240	840
5341	841
5660	842
1534	843
8384	844
8288	845
5765	846
9228	847
4623	848
3921	849
4436	850
8380	851
2275	852
3107	853
8192	854
6646	855
2025	856
5715	857
4516	858
7273	859
3922	860
160	861
7270	862
2743	863
997	864
4385	865
4342	866
3885	867
524	868
616	869
3308	870
2302	871
3911	872
3309	873
8389	874
7778	875
3087	876
9559	877
303	878
6133	879
7802	880
2939	881
2469	882
5194	883
5609	884
1672	885
1615	886
1375	887
9645	888
39	889
5349	890
2148	891
2110	892
8365	893
2654	894
463	895
3013	896
5931	897
1333	898
280	899
979	900
4411	901
9222	902
2842	903
6204	904
2624	905
2031	906
2756	907
8229	908
6903	909
3405	910
6034	911
4588	912
3541	913
9413	914
7609	915
9086	916
5032	917
4818	918
7159	919
3818	920
4724	921
613	922
2707	923
7323	924
6578	925
1136	926
5772	927
8666	928
1842	929
9552	930
9323	931
9483	932
3582	933
894	934
5819	935
712	936
8143	937
6226	938
5829	939
4253	940
9716	941
40	942
5443	943
5649	944
1788	945
7977	946
7704	947
3858	948
609	949
8124	950
1350	951
7244	952
9409	953
986	954
5201	955
3736	956
4137	957
6914	958
352	959
7950	960
4906	961
4404	962
6171	963
8394	964
496	965
1698	966
1741	967
7693	968
7386	969
5736	970
8598	971
9779	972
8644	973
3915	974
7612	975
2199	976
5888	977
4781	978
7595	979
2576	980
7518	981
9116	982
8941	983
5121	984
5346	985
1189	986
7317	987
5828	988
2902	989
1561	990
8618	991
3591	992
643	993
1866	994
4841	995
7910	996
7651	997
6635	998
5008	999
4715	1000
4820	1001
8852	1002
2200	1003
746	1004
8317	1005
3859	1006
7050	1007
4001	1008
3551	1009
9412	1010
4940	1011
6296	1012
8887	1013
9474	1014
8889	1015
4491	1016
6997	1017
3864	1018
3191	1019
6984	1020
4957	1021
8256	1022
8258	1023
6365	1024
6050	1025
2751	1026
146	1027
6049	1028
9471	1029
7054	1030
3540	1031
9242	1032
8576	1033
7001	1034
5932	1035
9773	1036
7956	1037
3495	1038
1060	1039
8558	1040
5763	1041
8096	1042
8686	1043
8291	1044
110	1045
6667	1046
6798	1047
4745	1048
6996	1049
9130	1050
7902	1051
5487	1052
6058	1053
7536	1054
4728	1055
250	1056
6751	1057
1841	1058
7864	1059
5871	1060
3933	1061
8703	1062
7758	1063
3527	1064
7521	1065
8694	1066
9538	1067
7849	1068
5251	1069
9105	1070
8895	1071
3757	1072
4761	1073
7567	1074
7841	1075
9185	1076
80	1077
2470	1078
3842	1079
8174	1080
2214	1081
3616	1082
6090	1083
4973	1084
2536	1085
5945	1086
3419	1087
8819	1088
7756	1089
5586	1090
1702	1091
5898	1092
1973	1093
1297	1094
4383	1095
599	1096
6308	1097
2992	1098
6149	1099
8280	1100
2943	1101
4356	1102
3000	1103
548	1104
2752	1105
8817	1106
9216	1107
9534	1108
4937	1109
9383	1110
2824	1111
4712	1112
3561	1113
6714	1114
2190	1115
2317	1116
2727	1117
5620	1118
573	1119
6884	1120
4298	1121
8908	1122
9527	1123
9485	1124
9397	1125
1179	1126
9140	1127
1517	1128
5255	1129
6147	1130
7631	1131
4590	1132
8707	1133
7113	1134
668	1135
3783	1136
2312	1137
2166	1138
2423	1139
2759	1140
9544	1141
9548	1142
2837	1143
6659	1144
1905	1145
2519	1146
3588	1147
2040	1148
3574	1149
7742	1150
1819	1151
7554	1152
402	1153
753	1154
3622	1155
5707	1156
9555	1157
9672	1158
1833	1159
5381	1160
2357	1161
2250	1162
1730	1163
4145	1164
673	1165
4595	1166
4604	1167
3587	1168
4554	1169
3512	1170
7566	1171
9223	1172
3533	1173
2062	1174
7009	1175
7091	1176
3861	1177
4620	1178
7107	1179
5406	1180
7422	1181
4165	1182
832	1183
2818	1184
4996	1185
3140	1186
9484	1187
7764	1188
3875	1189
2251	1190
9107	1191
7709	1192
7426	1193
3068	1194
2156	1195
8457	1196
5517	1197
436	1198
4120	1199
2602	1200
9097	1201
4593	1202
8599	1203
8313	1204
3149	1205
9636	1206
2628	1207
8728	1208
8554	1209
5080	1210
6770	1211
6311	1212
4050	1213
8108	1214
2499	1215
2968	1216
5075	1217
6598	1218
5978	1219
973	1220
8447	1221
3565	1222
9114	1223
8173	1224
9554	1225
4504	1226
138	1227
177	1228
8474	1229
461	1230
8213	1231
3953	1232
4664	1233
5972	1234
6496	1235
4661	1236
8854	1237
3918	1238
5963	1239
5127	1240
5653	1241
6982	1242
207	1243
5431	1244
7861	1245
6227	1246
4237	1247
2303	1248
3956	1249
6983	1250
7164	1251
3127	1252
3254	1253
5397	1254
6950	1255
2929	1256
3415	1257
9335	1258
3125	1259
837	1260
7678	1261
8592	1262
5027	1263
3904	1264
9460	1265
3892	1266
6841	1267
7821	1268
2956	1269
6191	1270
3976	1271
8601	1272
7532	1273
8834	1274
3202	1275
5629	1276
4529	1277
5961	1278
31	1279
4640	1280
8009	1281
9291	1282
6976	1283
6131	1284
862	1285
1387	1286
1110	1287
666	1288
3279	1289
6248	1290
7334	1291
1097	1292
976	1293
2557	1294
6562	1295
3319	1296
1100	1297
9262	1298
5802	1299
5647	1300
8751	1301
7559	1302
6109	1303
8	1304
7664	1305
1754	1306
134	1307
2201	1308
6445	1309
2804	1310
3177	1311
2799	1312
1795	1313
218	1314
3403	1315
7854	1316
5505	1317
1894	1318
1520	1319
9101	1320
49	1321
3359	1322
6295	1323
6881	1324
4725	1325
1145	1326
5637	1327
1400	1328
5557	1329
6155	1330
4739	1331
4458	1332
3085	1333
7352	1334
356	1335
1704	1336
7191	1337
912	1338
3094	1339
2733	1340
7021	1341
7494	1342
8079	1343
1232	1344
6016	1345
2665	1346
5066	1347
6956	1348
6937	1349
4276	1350
3042	1351
5200	1352
8792	1353
4691	1354
3834	1355
4558	1356
7831	1357
2891	1358
5850	1359
359	1360
960	1361
9411	1362
7189	1363
7232	1364
7224	1365
9183	1366
5364	1367
824	1368
5178	1369
5190	1370
6349	1371
6858	1372
6736	1373
175	1374
6145	1375
160	1376
3888	1377
1802	1378
3131	1379
8471	1380
6636	1381
19	1382
8930	1383
8856	1384
6508	1385
162	1386
6289	1387
7360	1388
3727	1389
5704	1390
621	1391
1552	1392
8495	1393
4507	1394
6190	1395
1696	1396
6735	1397
8059	1398
2400	1399
4462	1400
1655	1401
1656	1402
2886	1403
5456	1404
7933	1405
5135	1406
4616	1407
3172	1408
1129	1409
6936	1410
247	1411
7856	1412
5367	1413
3474	1414
3539	1415
4397	1416
3544	1417
4569	1418
7754	1419
4142	1420
173	1421
6723	1422
529	1423
5430	1424
5566	1425
1358	1426
6959	1427
87	1428
9740	1429
1448	1430
9115	1431
9133	1432
6223	1433
4508	1434
981	1435
7439	1436
4126	1437
7779	1438
1832	1439
2353	1440
8627	1441
6160	1442
5365	1443
1703	1444
6404	1445
3218	1446
2439	1447
35	1448
6183	1449
3425	1450
8470	1451
9102	1452
390	1453
4236	1454
7252	1455
3111	1456
1181	1457
9170	1458
5106	1459
9493	1460
5627	1461
9568	1462
7868	1463
1283	1464
5058	1465
25	1466
7750	1467
8702	1468
1863	1469
4655	1470
2722	1471
5486	1472
738	1473
4473	1474
8158	1475
2814	1476
3959	1477
5007	1478
7774	1479
4982	1480
6407	1481
6617	1482
2672	1483
7234	1484
6745	1485
8125	1486
2157	1487
6653	1488
7381	1489
3322	1490
1748	1491
6222	1492
7499	1493
74	1494
925	1495
5739	1496
7598	1497
1067	1498
623	1499
6888	1500
3323	1501
7625	1502
4496	1503
5273	1504
6961	1505
273	1506
7638	1507
4403	1508
8353	1509
5628	1510
4413	1511
2084	1512
8538	1513
6726	1514
6343	1515
8518	1516
1617	1517
7032	1518
7019	1519
2633	1520
8519	1521
4408	1522
8535	1523
4405	1524
2104	1525
4407	1526
2085	1527
1623	1528
7641	1529
7904	1530
8522	1531
8338	1532
4427	1533
7003	1534
5884	1535
8501	1536
1235	1537
4206	1538
3101	1539
2511	1540
7964	1541
9462	1542
7094	1543
2232	1544
9238	1545
8128	1546
9308	1547
1923	1548
1562	1549
9724	1550
7138	1551
6878	1552
7640	1553
3310	1554
4376	1555
8929	1556
8160	1557
2603	1558
1807	1559
43	1560
5876	1561
6644	1562
9193	1563
2736	1564
6115	1565
5061	1566
504	1567
7576	1568
4007	1569
1062	1570
4466	1571
440	1572
815	1573
6654	1574
8646	1575
4968	1576
9231	1577
5619	1578
703	1579
488	1580
8813	1581
7514	1582
2271	1583
9610	1584
8060	1585
8463	1586
6490	1587
7832	1588
9045	1589
5013	1590
5590	1591
8230	1592
8840	1593
4179	1594
9201	1595
5740	1596
7405	1597
970	1598
3721	1599
5156	1600
7353	1601
2465	1602
4797	1603
4014	1604
6797	1605
4787	1606
2231	1607
9468	1608
2489	1609
5376	1610
752	1611
7077	1612
2449	1613
913	1614
9359	1615
701	1616
7134	1617
952	1618
7023	1619
166	1620
6464	1621
9629	1622
4292	1623
2852	1624
887	1625
982	1626
874	1627
2071	1628
8244	1629
4234	1630
5874	1631
4069	1632
8290	1633
2855	1634
4795	1635
1413	1636
740	1637
3989	1638
805	1639
6188	1640
4094	1641
5449	1642
8711	1643
4398	1644
9061	1645
4293	1646
5244	1647
4847	1648
474	1649
7281	1650
3624	1651
4043	1652
5582	1653
4764	1654
3920	1655
4735	1656
1023	1657
2118	1658
12	1659
7196	1660
2728	1661
6317	1662
7043	1663
5883	1664
3949	1665
5316	1666
8398	1667
875	1668
1569	1669
364	1670
1108	1671
417	1672
9330	1673
18	1674
1518	1675
392	1676
494	1677
1634	1678
3200	1679
9341	1680
3390	1681
6189	1682
4858	1683
2911	1684
6119	1685
743	1686
3973	1687
849	1688
2443	1689
2	1690
7951	1691
1526	1692
2610	1693
6087	1694
1961	1695
2033	1696
8608	1697
7512	1698
7605	1699
7463	1700
190	1701
6594	1702
812	1703
3839	1704
1666	1705
9719	1706
8319	1707
9540	1708
6111	1709
1098	1710
4153	1711
8918	1712
1829	1713
1105	1714
1693	1715
1268	1716
189	1717
822	1718
315	1719
3531	1720
2221	1721
658	1722
8723	1723
3651	1724
9113	1725
3400	1726
3880	1727
3088	1728
1651	1729
8577	1730
4226	1731
212	1732
7607	1733
8151	1734
6089	1735
6234	1736
3389	1737
2629	1738
179	1739
4033	1740
1679	1741
2880	1742
4047	1743
2164	1744
9124	1745
1862	1746
3174	1747
4930	1748
9285	1749
1217	1750
1719	1751
6287	1752
7901	1753
6647	1754
3629	1755
414	1756
409	1757
4160	1758
1349	1759
2821	1760
6577	1761
5182	1762
8517	1763
7940	1764
8658	1765
7564	1766
723	1767
41	1768
8315	1769
8240	1770
8063	1771
829	1772
9565	1773
9018	1774
2300	1775
3198	1776
767	1777
8924	1778
8104	1779
5644	1780
3601	1781
7527	1782
2291	1783
8667	1784
8633	1785
305	1786
9119	1787
238	1788
503	1789
8560	1790
3554	1791
3615	1792
5235	1793
5879	1794
689	1795
690	1796
9278	1797
2225	1798
1427	1799
329	1800
1227	1801
9315	1802
1627	1803
1315	1804
7401	1805
408	1806
3532	1807
3713	1808
695	1809
5428	1810
8789	1811
6094	1812
2375	1813
6122	1814
7717	1815
6809	1816
6570	1817
2012	1818
2068	1819
301	1820
465	1821
8388	1822
9207	1823
9785	1824
4119	1825
9255	1826
4836	1827
2198	1828
7931	1829
8286	1830
6862	1831
7007	1832
5934	1833
4299	1834
5452	1835
6821	1836
351	1837
8623	1838
9619	1839
449	1840
3682	1841
4718	1842
2474	1843
7101	1844
8858	1845
25	1846
1081	1847
9469	1848
6951	1849
8241	1850
625	1851
7701	1852
6939	1853
570	1854
3754	1855
8939	1856
9735	1857
2335	1858
1818	1859
8937	1860
5733	1861
284	1862
3945	1863
741	1864
7073	1865
618	1866
3164	1867
8408	1868
1547	1869
6238	1870
3785	1871
6971	1872
4107	1873
3693	1874
3450	1875
8570	1876
2032	1877
9583	1878
3295	1879
1386	1880
9008	1881
1593	1882
2037	1883
9347	1884
5788	1885
5296	1886
458	1887
165	1888
6264	1889
2966	1890
1619	1891
5128	1892
6326	1893
7715	1894
6849	1895
7276	1896
1893	1897
4822	1898
8670	1899
8202	1900
6885	1901
9287	1902
7859	1903
7611	1904
601	1905
6316	1906
8762	1907
4203	1908
1645	1909
4040	1910
2616	1911
8038	1912
271	1913
1684	1914
7987	1915
5228	1916
7200	1917
7932	1918
6179	1919
4765	1920
3817	1921
2951	1922
7872	1923
9075	1924
5162	1925
5887	1926
4282	1927
6872	1928
8429	1929
291	1930
335	1931
8983	1932
272	1933
194	1934
5943	1935
9618	1936
9128	1937
7255	1938
5426	1939
6466	1940
7431	1941
115	1942
188	1943
8335	1944
5422	1945
6443	1946
1851	1947
3267	1948
7090	1949
1845	1950
5616	1951
7062	1952
6441	1953
1199	1954
6426	1955
5553	1956
4601	1957
5459	1958
8497	1959
191	1960
5721	1961
1850	1962
4103	1963
9196	1964
138	1965
7816	1966
3882	1967
3416	1968
4334	1969
7707	1970
3499	1971
1649	1972
2682	1973
2196	1974
2669	1975
2169	1976
241	1977
4894	1978
4897	1979
4873	1980
3129	1981
3128	1982
1641	1983
2184	1984
3962	1985
4428	1986
885	1987
1643	1988
3481	1989
895	1990
4895	1991
195	1992
886	1993
931	1994
3500	1995
3501	1996
3141	1997
4892	1998
240	1999
3964	2000
4898	2001
3142	2002
3963	2003
239	2004
8481	2005
9693	2006
5216	2007
5218	2008
5217	2009
3036	2010
9191	2011
2574	2012
8727	2013
7578	2014
9426	2015
8726	2016
2015	2017
9270	2018
9525	2019
8292	2020
8085	2021
9368	2022
6655	2023
8827	2024
8828	2025
3863	2026
6699	2027
8166	2028
5355	2029
7998	2030
8314	2031
2571	2032
3687	2033
9749	2034
9458	2035
9745	2036
5817	2037
8969	2038
8020	2039
5578	2040
3876	2041
5568	2042
761	2043
9199	2044
7851	2045
6673	2046
8841	2047
9028	2048
7380	2049
8563	2050
8632	2051
6685	2052
9674	2053
9327	2054
9396	2055
9673	2056
6535	2057
1143	2058
6533	2059
4872	2060
8279	2061
9072	2062
2898	2063
7098	2064
3325	2065
4933	2066
7629	2067
8387	2068
1456	2069
379	2070
9001	2071
6512	2072
6506	2073
6513	2074
6497	2075
9651	2076
9109	2077
1053	2078
7126	2079
2922	2080
3941	2081
8997	2082
9065	2083
5204	2084
5868	2085
7294	2086
7100	2087
3184	2088
230	2089
5437	2090
6391	2091
397	2092
2404	2093
2425	2094
1886	2095
5033	2096
2729	2097
4252	2098
9700	2099
3472	2100
1464	2101
2961	2102
6605	2103
5859	2104
1705	2105
5160	2106
8232	2107
6752	2108
8676	2109
1554	2110
6738	2111
972	2112
5413	2113
2766	2114
2476	2115
292	2116
1912	2117
9564	2118
11	2119
8722	2120
2973	2121
6604	2122
8252	2123
2517	2124
9212	2125
3370	2126
6634	2127
3485	2128
9765	2129
4250	2130
2924	2131
4261	2132
3437	2133
4809	2134
6060	2135
2472	2136
9594	2137
9355	2138
990	2139
3464	2140
2851	2141
1327	2142
9234	2143
281	2144
3170	2145
6851	2146
4468	2147
811	2148
9149	2149
2316	2150
8460	2151
5904	2152
1276	2153
8002	2154
9320	2155
9635	2156
205	2157
7777	2158
7486	2159
883	2160
8303	2161
1780	2162
4586	2163
1037	2164
111	2165
4667	2166
3099	2167
4267	2168
8539	2169
8544	2170
6802	2171
5354	2172
1919	2173
4161	2174
1695	2175
4042	2176
6964	2177
4679	2178
7089	2179
5070	2180
1112	2181
2676	2182
124	2183
5293	2184
4837	2185
5880	2186
3098	2187
7038	2188
8090	2189
9421	2190
2428	2191
4246	2192
9006	2193
1220	2194
5603	2195
576	2196
8596	2197
3275	2198
2695	2199
7157	2200
6525	2201
5020	2202
7112	2203
5951	2204
6136	2205
4995	2206
6586	2207
4543	2208
8436	2209
1897	2210
227	2211
4490	2212
2714	2213
9120	2214
141	2215
141	2216
8467	2217
1159	2218
7650	2219
8181	2220
3406	2221
457	2222
7700	2223
873	2224
8660	2225
4487	2226
6741	2227
90	2228
4029	2229
9723	2230
1890	2231
6362	2232
9307	2233
4172	2234
1256	2235
3514	2236
4260	2237
8907	2238
1470	2239
727	2240
1983	2241
8435	2242
1847	2243
5224	2244
3008	2245
4183	2246
2145	2247
6498	2248
5523	2249
6178	2250
9112	2251
9275	2252
8830	2253
1010	2254
2925	2255
8024	2256
7198	2257
3578	2258
647	2259
7496	2260
6568	2261
8462	2262
3932	2263
1501	2264
9031	2265
1644	2266
7871	2267
3073	2268
6292	2269
593	2270
4862	2271
8	2272
3	2273
5265	2274
8582	2275
8687	2276
8831	2277
3896	2278
1965	2279
3714	2280
185	2281
6336	2282
1419	2283
2457	2284
6927	2285
1222	2286
1221	2287
44	2288
6213	2289
8870	2290
2675	2291
1253	2292
3835	2293
8000	2294
5010	2295
8189	2296
3910	2297
385	2298
6037	2299
8266	2300
4991	2301
6414	2302
129	2303
8567	2304
8370	2305
8919	2306
8451	2307
1708	2308
3329	2309
1564	2310
4752	2311
780	2312
5956	2313
4984	2314
2614	2315
8788	2316
22	2317
6473	2318
697	2319
2913	2320
777	2321
5100	2322
6210	2323
5324	2324
6941	2325
3240	2326
9732	2327
4561	2328
1476	2329
1424	2330
4978	2331
9436	2332
60	2333
856	2334
7548	2335
3692	2336
9016	2337
3050	2338
6826	2339
5617	2340
6422	2341
3756	2342
938	2343
3860	2344
9633	2345
7725	2346
8011	2347
8306	2348
5567	2349
2613	2350
5870	2351
537	2352
5835	2353
9017	2354
4093	2355
7271	2356
7523	2357
4750	2358
3336	2359
9577	2360
7501	2361
4830	2362
5892	2363
168	2364
1360	2365
8769	2366
2318	2367
3247	2368
2890	2369
5773	2370
2932	2371
7655	2372
9625	2373
3082	2374
9022	2375
2209	2376
6291	2377
8248	2378
8440	2379
2429	2380
4446	2381
2265	2382
4578	2383
3139	2384
3123	2385
2572	2386
2162	2387
180	2388
2042	2389
4332	2390
1271	2391
7075	2392
7748	2393
9416	2394
1766	2395
677	2396
1811	2397
9392	2398
5709	2399
8648	2400
5125	2401
7392	2402
3676	2403
8348	2404
3940	2405
6083	2406
3563	2407
1936	2408
7551	2409
4581	2410
4553	2411
6433	2412
482	2413
374	2414
3292	2415
2559	2416
4118	2417
8023	2418
2352	2419
7430	2420
7803	2421
46	2422
7429	2423
694	2424
6514	2425
1401	2426
2116	2427
3030	2428
8473	2429
4909	2430
9731	2431
1803	2432
5329	2433
8552	2434
382	2435
2531	2436
4012	2437
3792	2438
2213	2439
4453	2440
948	2441
6140	2442
3612	2443
3179	2444
7051	2445
497	2446
2538	2447
7467	2448
6084	2449
8295	2450
2140	2451
1771	2452
203	2453
8327	2454
3442	2455
7302	2456
21	2457
7530	2458
6082	2459
6201	2460
2380	2461
2524	2462
6919	2463
8712	2464
5132	2465
8141	2466
8225	2467
6043	2468
8674	2469
5283	2470
3314	2471
926	2472
7261	2473
8351	2474
1812	2475
7823	2476
8115	2477
8975	2478
2066	2479
9464	2480
4256	2481
7887	2482
2981	2483
2270	2484
7890	2485
2488	2486
8595	2487
144	2488
2686	2489
331	2490
2081	2491
3080	2492
5847	2493
6967	2494
6098	2495
5856	2496
3018	2497
6233	2498
985	2499
8345	2500
5239	2501
8721	2502
98	2503
7039	2504
7193	2505
6538	2506
2584	2507
9069	2508
9547	2509
2285	2510
7826	2511
5234	2512
4974	2513
6618	2514
772	2515
32	2516
839	2517
5787	2518
7022	2519
3024	2520
430	2521
152	2522
434	2523
987	2524
8193	2525
8761	2526
6015	2527
5199	2528
4395	2529
7995	2530
7286	2531
7763	2532
6963	2533
1573	2534
4225	2535
2063	2536
1870	2537
8516	2538
554	2539
1745	2540
3826	2541
4975	2542
198	2543
431	2544
6588	2545
2323	2546
8403	2547
7192	2548
9603	2549
7958	2550
8736	2551
2378	2552
2726	2553
1092	2554
7012	2555
3805	2556
1765	2557
3724	2558
588	2559
96	2560
3978	2561
4068	2562
6319	2563
3903	2564
4793	2565
28	2566
3340	2567
8044	2568
278	2569
6166	2570
62	2571
2706	2572
5875	2573
6754	2574
6966	2575
7506	2576
5120	2577
1843	2578
8878	2579
3979	2580
1264	2581
1273	2582
3475	2583
4336	2584
5470	2585
546	2586
2248	2587
1295	2588
889	2589
5247	2590
9060	2591
6408	2592
5711	2593
2840	2594
2684	2595
2165	2596
9717	2597
3737	2598
7153	2599
9376	2600
7095	2601
4393	2602
6565	2603
6374	2604
5087	2605
4431	2606
5186	2607
7617	2608
3231	2609
26	2610
7115	2611
3412	2612
56	2613
4456	2614
3604	2615
7048	2616
1178	2617
1892	2618
1950	2619
1260	2620
6641	2621
4151	2622
229	2623
3205	2624
4901	2625
4694	2626
46	2627
7793	2628
2620	2629
7635	2630
7924	2631
892	2632
6891	2633
4098	2634
8737	2635
2095	2636
9631	2637
2267	2638
6711	2639
7415	2640
9637	2641
1330	2642
8502	2643
7745	2644
3630	2645
5278	2646
5079	2647
1049	2648
4794	2649
5988	2650
5303	2651
7217	2652
1663	2653
3633	2654
6017	2655
791	2656
6911	2657
7000	2658
6249	2659
217	2660
4501	2661
4322	2662
8053	2663
5180	2664
2546	2665
1280	2666
2131	2667
22	2668
5290	2669
7241	2670
9697	2671
6640	2672
6097	2673
7642	2674
8966	2675
1416	2676
692	2677
8058	2678
9230	2679
248	2680
5411	2681
6856	2682
7057	2683
1595	2684
4738	2685
7274	2686
2926	2687
4505	2688
8217	2689
3327	2690
5753	2691
437	2692
4053	2693
23	2694
3581	2695
499	2696
3344	2697
8356	2698
4705	2699
3648	2700
6904	2701
9299	2702
3946	2703
8322	2704
4406	2705
3568	2706
2989	2707
5479	2708
515	2709
4365	2710
4806	2711
456	2712
1861	2713
5351	2714
608	2715
3424	2716
165	2717
5521	2718
9172	2719
5684	2720
3438	2721
9135	2722
1250	2723
1093	2724
602	2725
9346	2726
7146	2727
8439	2728
7573	2729
404	2730
6324	2731
4744	2732
5793	2733
8837	2734
69	2735
3427	2736
5891	2737
6772	2738
7468	2739
2107	2740
8188	2741
7829	2742
8328	2743
7597	2744
7140	2745
1549	2746
2147	2747
9750	2748
2579	2749
3995	2750
9771	2751
4150	2752
5223	2753
8142	2754
2573	2755
206	2756
6870	2757
3420	2758
3801	2759
2997	2760
8318	2761
1881	2762
7798	2763
148	2764
3243	2765
6411	2766
8045	2767
8046	2768
7093	2769
7760	2770
8155	2771
4651	2772
8537	2773
1878	2774
2226	2775
6756	2776
8498	2777
8635	2778
6369	2779
8110	2780
641	2781
4960	2782
8649	2783
1596	2784
9147	2785
4248	2786
1798	2787
722	2788
6692	2789
8675	2790
5867	2791
3012	2792
5006	2793
2875	2794
89	2795
7291	2796
6581	2797
3534	2798
9385	2799
5484	2800
2256	2801
5163	2802
1783	2803
639	2804
2595	2805
7263	2806
527	2807
7166	2808
8148	2809
6917	2810
8263	2811
4619	2812
9696	2813
5152	2814
3808	2815
8780	2816
8548	2817
7643	2818
7613	2819
2772	2820
6898	2821
7020	2822
2699	2823
7878	2824
4295	2825
7137	2826
4073	2827
1565	2828
7449	2829
1929	2830
9446	2831
3782	2832
4990	2833
7930	2834
1007	2835
4231	2836
7238	2837
3266	2838
2525	2839
6118	2840
5636	2841
7268	2842
5131	2843
6929	2844
4318	2845
5254	2846
1197	2847
7371	2848
2529	2849
4275	2850
8426	2851
6608	2852
6916	2853
8669	2854
2858	2855
5099	2856
4720	2857
8717	2858
9516	2859
2581	2860
6877	2861
890	2862
2558	2863
7685	2864
6600	2865
9198	2866
6344	2867
4410	2868
2969	2869
470	2870
1610	2871
1382	2872
1362	2873
3367	2874
5853	2875
8300	2876
6563	2877
107	2878
6569	2879
369	2880
9510	2881
7538	2882
108	2883
9387	2884
7979	2885
6	2886
5508	2887
6557	2888
412	2889
4300	2890
1138	2891
7215	2892
1600	2893
6933	2894
3147	2895
5520	2896
2122	2897
2551	2898
2141	2899
5703	2900
3592	2901
6606	2902
5533	2903
3893	2904
5335	2905
118	2906
3957	2907
7555	2908
8550	2909
4459	2910
6720	2911
4526	2912
8008	2913
4883	2914
3255	2915
6834	2916
3057	2917
1152	2918
4258	2919
7418	2920
4557	2921
2274	2922
1044	2923
4992	2924
4575	2925
2286	2926
2427	2927
3666	2928
1492	2929
3628	2930
9778	2931
2211	2932
3312	2933
9783	2934
2035	2935
1544	2936
3811	2937
3670	2938
3401	2939
7028	2940
9518	2941
20	2942
3511	2943
330	2944
13	2945
2561	2946
4201	2947
4638	2948
4384	2949
2575	2950
3700	2951
9035	2952
6946	2953
2064	2954
5014	2955
4741	2956
2498	2957
5544	2958
6026	2959
1346	2960
9582	2961
6044	2962
8559	2963
9309	2964
7376	2965
5954	2966
580	2967
4827	2968
9419	2969
1139	2970
5035	2971
8938	2972
2061	2973
18	2974
86	2975
3479	2976
8084	2977
8271	2978
4108	2979
9508	2980
5895	2981
4302	2982
4708	2983
2830	2984
2539	2985
353	2986
6379	2987
2609	2988
4285	2989
5809	2990
2666	2991
2420	2992
1392	2993
4624	2994
6397	2995
5085	2996
5009	2997
6918	2998
7739	2999
5119	3000
2512	3001
8615	3002
1066	3003
8391	3004
2119	3005
3069	3006
7298	3007
9389	3008
9584	3009
5757	3010
7438	3011
101	3012
2933	3013
9727	3014
2783	3015
502	3016
77	3017
590	3018
95	3019
4122	3020
67	3021
7974	3022
1853	3023
6126	3024
157	3025
974	3026
2993	3027
8438	3028
7914	3029
3799	3030
2345	3031
7171	3032
485	3033
3559	3034
5612	3035
3643	3036
5040	3037
6099	3038
9248	3039
4117	3040
2494	3041
1246	3042
4927	3043
1671	3044
3357	3045
7683	3046
6883	3047
3035	3048
104	3049
7229	3050
4278	3051
631	3052
8811	3053
9047	3054
7634	3055
4515	3056
8458	3057
4732	3058
4747	3059
4324	3060
5144	3061
1616	3062
8459	3063
5140	3064
8331	3065
902	3066
300	3067
1999	3068
3658	3069
4517	3070
4742	3071
5910	3072
5900	3073
2731	3074
3694	3075
1900	3076
6175	3077
649	3078
5463	3079
3794	3080
4647	3081
9388	3082
6979	3083
1946	3084
6123	3085
3665	3086
4294	3087
4804	3088
6628	3089
725	3090
6399	3091
3638	3092
3103	3093
5490	3094
3747	3095
3371	3096
559	3097
3564	3098
8805	3099
5274	3100
6395	3101
2893	3102
1815	3103
8395	3104
9329	3105
467	3106
2697	3107
6900	3108
6648	3109
9606	3110
7176	3111
7331	3112
1149	3113
8704	3114
3870	3115
1033	3116
7549	3117
159	3118
7248	3119
1509	3120
946	3121
6182	3122
7357	3123
1834	3124
2376	3125
391	3126
8194	3127
166	3128
9467	3129
7014	3130
7013	3131
525	3132
4579	3133
2230	3134
8725	3135
2237	3136
5446	3137
3411	3138
2246	3139
3660	3140
1399	3141
5092	3142
8541	3143
5415	3144
5259	3145
2355	3146
260	3147
4670	3148
1650	3149
3620	3150
6601	3151
7423	3152
5086	3153
4816	3154
3924	3155
3889	3156
1255	3157
5724	3158
7738	3159
7552	3160
5594	3161
6729	3162
1289	3163
4539	3164
7120	3165
6444	3166
1029	3167
1577	3168
3852	3169
3654	3170
4788	3171
277	3172
6952	3173
547	3174
5236	3175
2696	3176
831	3177
8494	3178
2368	3179
3605	3180
1576	3181
2605	3182
8214	3183
125	3184
3900	3185
7668	3186
7569	3187
6962	3188
365	3189
6746	3190
6384	3191
8004	3192
9362	3193
3392	3194
37	3195
9202	3196
4304	3197
3840	3198
5697	3199
1782	3200
9048	3201
309	3202
5107	3203
8492	3204
6260	3205
139	3206
2461	3207
9476	3208
4714	3209
8487	3210
4784	3211
1185	3212
7400	3213
5147	3214
3104	3215
7378	3216
6602	3217
5094	3218
7547	3219
163	3220
7333	3221
2914	3222
228	3223
4027	3224
5834	3225
5852	3226
7658	3227
3290	3228
6733	3229
8542	3230
8334	3231
810	3232
5928	3233
3812	3234
5748	3235
7005	3236
3158	3237
3506	3238
9429	3239
8976	3240
3044	3241
5482	3242
8222	3243
5168	3244
8614	3245
7541	3246
3528	3247
3483	3248
1539	3249
3263	3250
1453	3251
3943	3252
8121	3253
3524	3254
2817	3255
8832	3256
7948	3257
5789	3258
4463	3259
8681	3260
6915	3261
416	3262
1390	3263
290	3264
2240	3265
5325	3266
9005	3267
9713	3268
1885	3269
5751	3270
1477	3271
2114	3272
9352	3273
5248	3274
5159	3275
3084	3276
734	3277
846	3278
2651	3279
7877	3280
4875	3281
1488	3282
4801	3283
3391	3284
3681	3285
622	3286
8284	3287
4155	3288
6615	3289
3961	3290
958	3291
5607	3292
6481	3293
531	3294
2078	3295
5205	3296
620	3297
9332	3298
6757	3299
6010	3300
5851	3301
1690	3302
1658	3303
1670	3304
2693	3305
4064	3306
8759	3307
1985	3308
5330	3309
9145	3310
9569	3311
5226	3312
1873	3313
574	3314
4648	3315
6339	3316
3867	3317
12	3318
6217	3319
317	3320
1298	3321
5141	3322
1279	3323
4194	3324
498	3325
1288	3326
1294	3327
5053	3328
3493	3329
1267	3330
8764	3331
1603	3332
9349	3333
7900	3334
5133	3335
7672	3336
1662	3337
56	3338
2133	3339
5421	3340
8332	3341
1481	3342
7402	3343
9450	3344
4445	3345
6022	3346
3115	3347
6085	3348
8301	3349
2768	3350
8922	3351
107	3352
5289	3353
4815	3354
9127	3355
8525	3356
4605	3357
4290	3358
4051	3359
7618	3360
8732	3361
8835	3362
8638	3363
2591	3364
2723	3365
5831	3366
5041	3367
7935	3368
5271	3369
3881	3370
1895	3371
684	3372
2711	3373
1302	3374
9336	3375
3386	3376
6572	3377
7820	3378
1013	3379
2016	3380
4650	3381
4893	3382
3804	3383
8464	3384
4834	3385
5672	3386
83	3387
5881	3388
6458	3389
1516	3390
4594	3391
5784	3392
101	3393
662	3394
1809	3395
2998	3396
1991	3397
3090	3398
9244	3399
1366	3400
7666	3401
5640	3402
2455	3403
3122	3404
124	3405
4802	3406
7786	3407
7737	3408
242	3409
219	3410
2673	3411
4863	3412
6027	3413
73	3414
737	3415
7303	3416
5606	3417
3593	3418
8763	3419
3351	3420
3059	3421
6007	3422
192	3423
909	3424
7256	3425
4835	3426
6192	3427
9537	3428
4019	3429
5356	3430
5281	3431
2	3432
9461	3433
2349	3434
7810	3435
4859	3436
3895	3437
3609	3438
2508	3439
8067	3440
2093	3441
54	3442
5613	3443
176	3444
3363	3445
489	3446
143	3447
8452	3448
2825	3449
383	3450
8610	3451
4084	3452
7517	3453
7905	3454
7975	3455
213	3456
1372	3457
5357	3458
6304	3459
7954	3460
4003	3461
5111	3462
4560	3463
1801	3464
4824	3465
962	3466
1682	3467
8730	3468
7985	3469
7029	3470
126	3471
3828	3472
8220	3473
2224	3474
7942	3475
7510	3476
6351	3477
66	3478
1403	3479
9706	3480
50	3481
8052	3482
5667	3483
3432	3484
4192	3485
507	3486
9612	3487
8934	3488
2663	3489
7604	3490
6492	3491
6511	3492
2413	3493
3748	3494
693	3495
7074	3496
3690	3497
2857	3498
508	3499
9451	3500
80	3501
211	3502
257	3503
6905	3504
8312	3505
9438	3506
2816	3507
6387	3508
4435	3509
2848	3510
8968	3511
2282	3512
4400	3513
3600	3514
1978	3515
5552	3516
4061	3517
4886	3518
8903	3519
4081	3520
1752	3521
2280	3522
4888	3523
4205	3524
35	3525
1106	3526
53	3527
6993	3528
1348	3529
8946	3530
2264	3531
6051	3532
6694	3533
9247	3534
1844	3535
2580	3536
5221	3537
4239	3538
6762	3539
6359	3540
5780	3541
5679	3542
3598	3543
5969	3544
9751	3545
9361	3546
4263	3547
4792	3548
8793	3549
8689	3550
3378	3551
7044	3552
2923	3553
4585	3554
4045	3555
762	3556
8754	3557
8117	3558
4426	3559
1676	3560
9622	3561
2978	3562
6193	3563
2550	3564
2652	3565
7686	3566
6573	3567
3460	3568
8885	3569
93	3570
1307	3571
9621	3572
1192	3573
8071	3574
2819	3575
5716	3576
5319	3577
4420	3578
5258	3579
1546	3580
8685	3581
8642	3582
7589	3583
7379	3584
4100	3585
3490	3586
9667	3587
6021	3588
9691	3589
3710	3590
717	3591
2202	3592
7592	3593
477	3594
7842	3595
1085	3596
7372	3597
9333	3598
3	3599
9580	3600
6890	3601
8692	3602
7348	3603
5307	3604
6725	3605
6948	3606
4202	3607
8961	3608
6019	3609
971	3610
3671	3611
2041	3612
3803	3613
9225	3614
306	3615
6502	3616
8791	3617
3159	3618
2617	3619
2618	3620
6676	3621
8247	3622
8949	3623
7590	3624
2414	3625
5990	3626
806	3627
8661	3628
64	3629
8197	3630
7237	3631
7034	3632
2092	3633
8951	3634
6566	3635
2306	3636
541	3637
5994	3638
6305	3639
1132	3640
671	3641
5768	3642
3181	3643
5369	3644
6482	3645
5471	3646
7679	3647
6151	3648
6406	3649
3678	3650
6712	3651
4141	3652
8603	3653
1475	3654
5039	3655
6823	3656
2115	3657
5897	3658
847	3659
8989	3660
6055	3661
7301	3662
9509	3663
3025	3664
8562	3665
2797	3666
3093	3667
6029	3668
2962	3669
8029	3670
2294	3671
1052	3672
6330	3673
1491	3674
9123	3675
4949	3676
629	3677
9481	3678
1797	3679
7174	3680
2754	3681
8869	3682
8105	3683
9077	3684
2436	3685
7059	3686
6020	3687
8696	3688
2183	3689
9648	3690
2552	3691
4156	3692
8208	3693
9526	3694
4485	3695
8698	3696
2927	3697
5370	3698
5472	3699
5873	3700
4	3701
8350	3702
6541	3703
7347	3704
7121	3705
8475	3706
2056	3707
8344	3708
6596	3709
7663	3710
6469	3711
9698	3712
9638	3713
9707	3714
9634	3715
9630	3716
6847	3717
858	3718
597	3719
8820	3720
3086	3721
3189	3722
1855	3723
6161	3724
6591	3725
5097	3726
6612	3727
3751	3728
1034	3729
1984	3730
5524	3731
2028	3732
2003	3733
8953	3734
3838	3735
209	3736
6035	3737
6002	3738
2143	3739
8320	3740
1474	3741
9424	3742
3705	3743
4311	3744
4563	3745
7033	3746
893	3747
3165	3748
5229	3749
7355	3750
9668	3751
5233	3752
1910	3753
785	3754
2049	3755
8600	3756
1957	3757
8203	3758
3066	3759
567	3760
8695	3761
2738	3762
2949	3763
7309	3764
8970	3765
571	3766
2530	3767
835	3768
7319	3769
3021	3770
3908	3771
111	3772
6211	3773
8981	3774
5436	3775
29	3776
4683	3777
6587	3778
6555	3779
8164	3780
2850	3781
3132	3782
3523	3783
2544	3784
7395	3785
1245	3786
5264	3787
4499	3788
9369	3789
4596	3790
6886	3791
7343	3792
4228	3793
5082	3794
4470	3795
2741	3796
4934	3797
8414	3798
373	3799
7969	3800
4817	3801
52	3802
1142	3803
1675	3804
341	3805
766	3806
1175	3807
6923	3808
506	3809
8097	3810
3463	3811
5630	3812
371	3813
9683	3814
2287	3815
3758	3816
3631	3817
3041	3818
3026	3819
9597	3820
7183	3821
114	3822
6461	3823
2464	3824
2219	3825
5110	3826
542	3827
3536	3828
8032	3829
5728	3830
324	3831
1665	3832
7840	3833
79	3834
3614	3835
1787	3836
5191	3837
9504	3838
5460	3839
7927	3840
3418	3841
7955	3842
996	3843
1151	3844
7443	3845
2445	3846
2501	3847
627	3848
5710	3849
7644	3850
5675	3851
2313	3852
8167	3853
6300	3854
9063	3855
550	3856
6168	3857
8565	3858
38	3859
8100	3860
1504	3861
8888	3862
4612	3863
3518	3864
7834	3865
4089	3866
1293	3867
3452	3868
6018	3869
2044	3870
6972	3871
11	3872
9488	3873
2158	3874
8168	3875
8449	3876
4028	3877
901	3878
4475	3879
122	3880
7553	3881
9200	3882
9616	3883
2396	3884
729	3885
6487	3886
4144	3887
1764	3888
4552	3889
4775	3890
237	3891
7968	3892
6104	3893
2999	3894
6892	3895
119	3896
8995	3897
2075	3898
8156	3899
4828	3900
9125	3901
3223	3902
9273	3903
5455	3904
6100	3905
7144	3906
8223	3907
8152	3908
1966	3909
5408	3910
9328	3911
1445	3912
5336	3913
586	3914
9071	3915
7819	3916
1236	3917
5483	3918
2757	3919
5291	3920
5122	3921
4265	3922
9457	3923
7321	3924
9550	3925
1388	3926
5722	3927
4216	3928
7596	3929
5742	3930
3078	3931
39	3932
6527	3933
3662	3934
2995	3935
2060	3936
1417	3937
9662	3938
1735	3939
9760	3940
1498	3941
6290	3942
20	3943
1926	3944
1661	3945
2013	3946
7145	3947
8201	3948
707	3949
8003	3950
604	3951
5317	3952
7771	3953
2137	3954
2787	3955
4702	3956
8371	3957
1079	3958
332	3959
2126	3960
3766	3961
5730	3962
8274	3963
655	3964
91	3965
1146	3966
4425	3967
3345	3968
4977	3969
7588	3970
1879	3971
1746	3972
9209	3973
5662	3974
8299	3975
2793	3976
3313	3977
8339	3978
2586	3979
6129	3980
1164	3981
7040	3982
9260	3983
97	3984
6180	3985
7312	3986
3321	3987
5261	3988
2179	3989
3138	3990
1208	3991
8738	3992
1773	3993
8915	3994
5907	3995
3522	3996
5138	3997
8336	3998
5051	3999
3538	4000
8094	4001
1750	4002
8965	4003
2780	4004
2822	4005
171	4006
3074	4007
4869	4008
6385	4009
3221	4010
8904	4011
6489	4012
6449	4013
5860	4014
4448	4015
2710	4016
3116	4017
758	4018
7385	4019
2083	4020
9665	4021
5279	4022
4778	4023
5745	4024
8839	4025
5810	4026
1914	4027
7659	4028
7915	4029
5682	4030
225	4031
2946	4032
7682	4033
76	4034
2941	4035
6614	4036
9703	4037
7133	4038
8663	4039
6869	4040
635	4041
845	4042
8088	4043
7960	4044
6799	4045
8363	4046
2853	4047
3430	4048
9710	4049
2152	4050
1001	4051
6845	4052
1848	4053
5838	4054
3868	4055
9656	4056
4222	4057
3171	4058
8931	4059
8775	4060
8790	4061
9002	4062
8783	4063
3197	4064
5405	4065
3201	4066
5750	4067
3590	4068
6456	4069
3659	4070
8056	4071
1790	4072
1629	4073
4162	4074
1282	4075
7916	4076
5036	4077
4078	4078
2364	4079
4193	4080
7308	4081
3348	4082
1928	4083
2883	4084
3929	4085
5414	4086
4	4087
2360	4088
2442	4089
9088	4090
4597	4091
520	4092
4140	4093
6270	4094
4547	4095
2554	4096
3697	4097
1144	4098
1763	4099
143	4100
2916	4101
109	4102
742	4103
7694	4104
3728	4105
4574	4106
1720	4107
370	4108
5560	4109
1318	4110
6840	4111
5657	4112
7646	4113
4112	4114
7808	4115
9197	4116
2820	4117
6363	4118
3271	4119
1031	4120
9539	4121
1118	4122
9415	4123
719	4124
5559	4125
4510	4126
6788	4127
2350	4128
1458	4129
3691	4130
9694	4131
8122	4132
286	4133
5260	4134
487	4135
1986	4136
3083	4137
1320	4138
9026	4139
9055	4140
7862	4141
9491	4142
4915	4143
6493	4144
4954	4145
4271	4146
9473	4147
1578	4148
5275	4149
2006	4150
7882	4151
3560	4152
5084	4153
2671	4154
5878	4155
2120	4156
1756	4157
3161	4158
90	4159
8597	4160
7070	4161
897	4162
4391	4163
5661	4164
6485	4165
1558	4166
4528	4167
3761	4168
1371	4169
2402	4170
2193	4171
2149	4172
1612	4173
6429	4174
3635	4175
783	4176
7928	4177
3253	4178
347	4179
9729	4180
9744	4181
2627	4182
7817	4183
5167	4184
6378	4185
1731	4186
7959	4187
6314	4188
3974	4189
6431	4190
1367	4191
7740	4192
1104	4193
6970	4194
1430	4195
454	4196
77	4197
9314	4198
8816	4199
3408	4200
2592	4201
4353	4202
7442	4203
3547	4204
3521	4205
7466	4206
2073	4207
2523	4208
4123	4209
451	4210
2649	4211
5399	4212
2901	4213
2381	4214
3739	4215
8693	4216
8778	4217
8843	4218
4826	4219
319	4220
6505	4221
9301	4222
4131	4223
8845	4224
5326	4225
5215	4226
4284	4227
7815	4228
490	4229
4374	4230
4923	4231
308	4232
9709	4233
3048	4234
6836	4235
8591	4236
8027	4237
3985	4238
9626	4239
5569	4240
6450	4241
7307	4242
1506	4243
7201	4244
685	4245
8777	4246
9372	4247
3219	4248
9492	4249
8872	4250
493	4251
8048	4252
891	4253
8822	4254
6708	4255
9772	4256
2391	4257
2590	4258
5727	4259
6459	4260
9121	4261
7582	4262
8923	4263
7528	4264
7087	4265
3507	4266
1187	4267
9401	4268
9398	4269
2374	4270
9195	4271
8144	4272
9712	4273
1005	4274
3555	4275
7047	4276
9617	4277
6503	4278
182	4279
3232	4280
6773	4281
2344	4282
65	4283
147	4284
4970	4285
388	4286
6643	4287
2266	4288
1123	4289
7922	4290
4105	4291
7733	4292
5671	4293
1864	4294
7886	4295
5130	4296
4396	4297
1514	4298
808	4299
9501	4300
930	4301
1438	4302
8986	4303
6781	4304
9720	4305
1234	4306
539	4307
8701	4308
1660	4309
1667	4310
2101	4311
8103	4312
7432	4313
1713	4314
1174	4315
146	4316
1945	4317
6467	4318
4567	4319
5410	4320
336	4321
4101	4322
5176	4323
9528	4324
8362	4325
7906	4326
9443	4327
4700	4328
3468	4329
8853	4330
8613	4331
2398	4332
5827	4333
1016	4334
7143	4335
3504	4336
8195	4337
8310	4338
2069	4339
607	4340
6592	4341
9272	4342
133	4343
1048	4344
4671	4345
96	4346
1300	4347
7945	4348
1263	4349
7936	4350
5905	4351
7656	4352
544	4353
9755	4354
4673	4355
6536	4356
5869	4357
7911	4358
1035	4359
9020	4360
172	4361
8671	4362
5018	4363
58	4364
2910	4365
7769	4366
2176	4367
8228	4368
3848	4369
1281	4370
802	4371
4925	4372
9756	4373
1121	4374
109	4375
5339	4376
5514	4377
5477	4378
7162	4379
483	4380
949	4381
6547	4382
5031	4383
448	4384
6825	4385
2755	4386
7619	4387
8159	4388
6215	4389
5157	4390
2053	4391
3542	4392
6645	4393
5794	4394
533	4395
118	4396
5664	4397
6787	4398
8848	4399
475	4400
5314	4401
6550	4402
4861	4403
7327	4404
3027	4405
1601	4406
9386	4407
2394	4408
5923	4409
7370	4410
9321	4411
8150	4412
7565	4413
4329	4414
5433	4415
2979	4416
5588	4417
4262	4418
7525	4419
8183	4420
3821	4421
5651	4422
429	4423
8624	4424
6880	4425
9094	4426
9264	4427
6790	4428
4871	4429
4359	4430
3902	4431
6897	4432
1402	4433
5815	4434
6371	4435
4030	4436
7147	4437
6042	4438
5693	4439
7562	4440
9261	4441
5240	4442
2432	4443
5124	4444
174	4445
3862	4446
7330	4447
6241	4448
7492	4449
7477	4450
9206	4451
784	4452
3846	4453
3497	4454
4947	4455
5677	4456
8821	4457
1070	4458
8868	4459
1588	4460
5896	4461
8341	4462
3091	4463
1450	4464
1391	4465
7394	4466
9098	4467
8657	4468
6782	4469
6200	4470
8268	4471
8514	4472
9103	4473
7454	4474
7772	4475
6229	4476
7976	4477
1120	4478
142	4479
92	4480
126	4481
606	4482
9520	4483
5071	4484
1659	4485
4432	4486
8795	4487
1	4488
7999	4489
78	4490
1207	4491
605	4492
313	4493
5634	4494
4662	4495
2509	4496
5495	4497
4910	4498
3639	4499
8432	4500
252	4501
2124	4502
1	4503
2136	4504
5073	4505
732	4506
4621	4507
4945	4508
5795	4509
4860	4510
4189	4511
8455	4512
4562	4513
8086	4514
1541	4515
8354	4516
9344	4517
7806	4518
72	4519
1166	4520
2846	4521
1532	4522
2737	4523
9657	4524
8583	4525
3476	4526
261	4527
3790	4528
1226	4529
5832	4530
8486	4531
6276	4532
2863	4533
5985	4534
2000	4535
5534	4536
7397	4537
7961	4538
1630	4539
1792	4540
4851	4541
9012	4542
6476	4543
9096	4544
7736	4545
929	4546
7639	4547
1080	4548
1202	4549
5384	4550
223	4551
2954	4552
1626	4553
3928	4554
2991	4555
2975	4556
7230	4557
3214	4558
2112	4559
30	4560
2058	4561
8307	4562
9611	4563
7542	4564
5997	4565
853	4566
5192	4567
2421	4568
6931	4569
3771	4570
4	4571
1137	4572
4146	4573
9714	4574
2634	4575
7568	4576
581	4577
6792	4578
880	4579
2909	4580
7809	4581
4169	4582
5734	4583
9590	4584
1425	4585
5213	4586
1	4587
5454	4588
3672	4589
9297	4590
3252	4591
2409	4592
1960	4593
4534	4594
6688	4595
2206	4596
4218	4597
4493	4598
2448	4599
3264	4600
8482	4601
5796	4602
4481	4603
2089	4604
2281	4605
6998	4606
3645	4607
8065	4608
1058	4609
3776	4610
1794	4611
3836	4612
120	4613
7636	4614
5285	4615
7257	4616
1823	4617
1393	4618
2915	4619
6629	4620
4335	4621
4758	4622
9425	4623
1857	4624
4618	4625
4711	4626
3342	4627
2896	4628
7004	4629
4965	4630
7752	4631
316	4632
5093	4633
7677	4634
7505	4635
7339	4636
5038	4637
8102	4638
7247	4639
8019	4640
4469	4641
5993	4642
116	4643
8324	4644
8715	4645
1077	4646
3190	4647
3938	4648
2588	4649
8526	4650
7881	4651
7500	4652
2988	4653
3829	4654
704	4655
8662	4656
7557	4657
9600	4658
5139	4659
3970	4660
9399	4661
619	4662
9011	4663
7833	4664
6639	4665
8534	4666
6717	4667
6346	4668
7168	4669
6176	4670
1039	4671
8427	4672
2334	4673
2955	4674
178	4675
644	4676
8016	4677
2097	4678
9598	4679
7342	4680
7167	4681
2253	4682
3034	4683
6447	4684
8120	4685
7912	4686
1852	4687
4687	4688
1140	4689
4412	4690
5129	4691
9591	4692
7111	4693
7495	4694
7807	4695
9363	4696
4615	4697
2127	4698
5003	4699
6543	4700
5903	4701
2892	4702
1968	4703
177	4704
1515	4705
8652	4706
750	4707
2387	4708
358	4709
4214	4710
5358	4711
1075	4712
1398	4713
4418	4714
5575	4715
9079	4716
674	4717
9524	4718
43	4719
1380	4720
121	4721
1369	4722
9042	4723
5941	4724
15	4725
4535	4726
7233	4727
8346	4728
6902	4729
9449	4730
4174	4731
3465	4732
739	4733
2823	4734
6075	4735
501	4736
89	4737
1508	4738
3619	4739
3009	4740
88	4741
1875	4742
7231	4743
4527	4744
7188	4745
4643	4746
302	4747
5153	4748
8876	4749
9032	4750
8849	4751
731	4752
1102	4753
310	4754
9319	4755
9692	4756
6546	4757
3809	4758
4843	4759
62	4760
1395	4761
244	4762
6278	4763
6875	4764
5781	4765
4125	4766
1355	4767
7421	4768
4805	4769
7692	4770
4381	4771
4074	4772
4956	4773
933	4774
6625	4775
1840	4776
1563	4777
2299	4778
1836	4779
9204	4780
5057	4781
8910	4782
9571	4783
158	4784
2829	4785
3182	4786
3519	4787
1071	4788
6184	4789
5614	4790
6096	4791
4598	4792
4173	4793
103	4794
7941	4795
2674	4796
208	4797
156	4798
2168	4799
2964	4800
7177	4801
2019	4802
2227	4803
3151	4804
8774	4805
3422	4806
7858	4807
7299	4808
3887	4809
4814	4810
8773	4811
5596	4812
6666	4813
2582	4814
6689	4815
8864	4816
8779	4817
8145	4818
8400	4819
7795	4820
7359	4821
8998	4822
8445	4823
256	4824
4548	4825
589	4826
1575	4827
4310	4828
2293	4829
345	4830
6047	4831
7853	4832
2129	4833
3950	4834
6141	4835
9406	4836
6732	4837
4813	4838
8406	4839
375	4840
5155	4841
7561	4842
8641	4843
7042	4844
7099	4845
3339	4846
8001	4847
1057	4848
3154	4849
413	4850
18	4851
4749	4852
6396	4853
5562	4854
7058	4855
3625	4856
8326	4857
8325	4858
4373	4859
1022	4860
6575	4861
763	4862
3173	4863
904	4864
3689	4865
7067	4866
4550	4867
1135	4868
6285	4869
6076	4870
4245	4871
2479	4872
5366	4873
4128	4874
9609	4875
9407	4876
7783	4877
7749	4878
14	4879
9064	4880
193	4881
9168	4882
1155	4883
4186	4884
4726	4885
9596	4886
3947	4887
3482	4888
3948	4889
4430	4890
781	4891
1925	4892
5478	4893
201	4894
2392	4895
6245	4896
6658	4897
5692	4898
8402	4899
9325	4900
1285	4901
3001	4902
3440	4903
5312	4904
4488	4905
7416	4906
4354	4907
4964	4908
556	4909
6054	4910
1814	4911
923	4912
5825	4913
8119	4914
4913	4915
7037	4916
9	4917
1099	4918
7870	4919
6691	4920
9367	4921
8804	4922
9384	4923
4942	4924
4111	4925
8893	4926
8109	4927
9790	4928
2598	4929
362	4930
2194	4931
8564	4932
1186	4933
6520	4934
8713	4935
4286	4936
1571	4937
2485	4938
1664	4939
1479	4940
6816	4941
7695	4942
4503	4943
4346	4944
3300	4945
7626	4946
9475	4947
855	4948
7377	4949
3886	4950
105	4951
148	4952
3435	4953
2406	4954
7245	4955
2798	4956
6637	4957
8014	4958
4204	4959
8078	4960
8784	4961
1443	4962
819	4963
5212	4964
826	4965
3745	4966
7084	4967
1015	4968
4808	4969
9560	4970
8794	4971
5420	4972
724	4973
3786	4974
1776	4975
6558	4976
519	4977
4905	4978
1	4979
7446	4980
2771	4981
5967	4982
2091	4983
9551	4984
903	4985
5947	4986
137	4987
4785	4988
3802	4989
376	4990
3608	4991
9517	4992
5865	4993
7675	4994
7689	4995
6954	4996
4257	4997
3233	4998
4060	4999
5496	5000
7272	5001
4070	5002
9166	5003
9179	5004
197	5005
4867	5006
676	5007
169	5008
5598	5009
5937	5010
771	5011
1415	5012
1428	5013
5412	5014
792	5015
6857	5016
6120	5017
1341	5018
4495	5019
6419	5020
8982	5021
5683	5022
9535	5023
1	5024
54	5025
7194	5026
2734	5027
2034	5028
1028	5029
1321	5030
8926	5031
7116	5032
1536	5033
555	5034
4434	5035
4864	5036
6205	5037
654	5038
3303	5039
3473	5040
615	5041
2718	5042
1762	5043
6742	5044
3455	5045
9546	5046
5060	5047
759	5048
5930	5049
4041	5050
8049	5051
1154	5052
6216	5053
5538	5054
70	5055
6853	5056
6430	5057
3764	5058
7228	5059
1490	5060
799	5061
8298	5062
8862	5063
1261	5064
8578	5065
8884	5066
4297	5067
5476	5068
6930	5069
9541	5070
293	5071
4549	5072
6208	5073
2656	5074
585	5075
4127	5076
1452	5077
8098	5078
552	5079
8270	5080
7978	5081
7488	5082
2540	5083
401	5084
169	5085
3049	5086
2305	5087
1042	5088
2967	5089
1172	5090
699	5091
3461	5092
1009	5093
7628	5094
2566	5095
4969	5096
8716	5097
2526	5098
5225	5099
6474	5100
9639	5101
4474	5102
572	5103
4363	5104
9578	5105
3293	5106
3701	5107
3795	5108
2905	5109
9479	5110
9334	5111
614	5112
2700	5113
1503	5114
1614	5115
9054	5116
6526	5117
2087	5118
8967	5119
8072	5120
6674	5121
1977	5122
918	5123
5848	5124
84	5125
1212	5126
1736	5127
7265	5128
466	5129
4057	5130
5864	5131
511	5132
8503	5133
6913	5134
7227	5135
7283	5136
6560	5137
6584	5138
6609	5139
4823	5140
5580	5141
3856	5142
5267	5143
4471	5144
7785	5145
2813	5146
9627	5147
1365	5148
9310	5149
6212	5150
1497	5151
6368	5152
3680	5153
5272	5154
6693	5155
4102	5156
6953	5157
9432	5158
5352	5159
9205	5160
6989	5161
6517	5162
3744	5163
4200	5164
7045	5165
7080	5166
2070	5167
5842	5168
5826	5169
6194	5170
2113	5171
9188	5172
6159	5173
3061	5174
7850	5175
7522	5176
3369	5177
7970	5178
3907	5179
530	5180
765	5181
1351	5182
9490	5183
4182	5184
3634	5185
2856	5186
9085	5187
2806	5188
1158	5189
2569	5190
5257	5191
4296	5192
2828	5193
5513	5194
9614	5195
945	5196
6484	5197
5939	5198
1611	5199
864	5200
817	5201
5933	5202
9623	5203
617	5204
6218	5205
4124	5206
1714	5207
136	5208
7476	5209
2059	5210
8233	5211
3315	5212
2102	5213
2478	5214
269	5215
6361	5216
9293	5217
424	5218
6465	5219
2260	5220
3797	5221
2589	5222
5814	5223
3119	5224
1826	5225
3156	5226
6373	5227
3019	5228
85	5229
4530	5230
735	5231
3064	5232
3905	5233
6977	5234
5361	5235
4191	5236
8	5237
48	5238
1556	5239
5542	5240
7096	5241
9187	5242
3981	5243
6046	5244
1489	5245
3029	5246
1947	5247
2895	5248
2340	5249
7773	5250
5960	5251
5844	5252
6510	5253
4437	5254
6053	5255
1733	5256
2435	5257
4032	5258
5492	5259
2792	5260
645	5261
7437	5262
151	5263
5631	5264
9764	5265
4368	5266
7490	5267
2801	5268
4207	5269
8892	5270
2758	5271
1469	5272
3767	5273
2451	5274
1478	5275
5115	5276
1309	5277
8170	5278
5011	5279
8767	5280
4614	5281
3735	5282
2424	5283
9767	5284
9134	5285
3045	5286
7726	5287
2661	5288
5540	5289
5353	5290
2205	5291
2865	5292
5489	5293
2341	5294
4345	5295
27	5296
5473	5297
5407	5298
1233	5299
5069	5300
3259	5301
4048	5302
9169	5303
7866	5304
5340	5305
1636	5306
1654	5307
3489	5308
2167	5309
4911	5310
9757	5311
6488	5312
380	5313
7741	5314
3617	5315
6576	5316
5442	5317
4944	5318
5563	5319
3176	5320
1837	5321
898	5322
650	5323
4658	5324
6434	5325
8847	5326
5589	5327
2441	5328
6519	5329
8943	5330
1423	5331
6056	5332
267	5333
5830	5334
2459	5335
1472	5336
1278	5337
52	5338
6495	5339
2343	5340
1047	5341
4489	5342
6830	5343
9400	5344
2717	5345
5088	5346
311	5347
6146	5348
681	5349
4606	5350
4037	5351
5983	5352
7705	5353
2370	5354
6375	5355
568	5356
4582	5357
3226	5358
6062	5359
2594	5360
7425	5361
34	5362
8952	5363
5718	5364
8580	5365
3092	5366
3285	5367
5737	5368
3602	5369
6656	5370
7453	5371
1930	5372
700	5373
7550	5374
2393	5375
4904	5376
1019	5377
3516	5378
2463	5379
1980	5380
5953	5381
4993	5382
8396	5383
6265	5384
6	5385
6780	5386
395	5387
6196	5388
6432	5389
5400	5390
4075	5391
3599	5392
1394	5393
1251	5394
1924	5395
4935	5396
6412	5397
2885	5398
2460	5399
4525	5400
8925	5401
5091	5402
3120	5403
7142	5404
6327	5405
5767	5406
3199	5407
636	5408
3187	5409
3318	5410
1545	5411
6957	5412
8264	5413
66	5414
3954	5415
2307	5416
5958	5417
386	5418
1860	5419
1868	5420
2024	5421
6675	5422
5462	5423
6690	5424
4099	5425
102	5426
6064	5427
2321	5428
2446	5429
8571	5430
1482	5431
3065	5432
1674	5433
9664	5434
4224	5435
3301	5436
3975	5437
471	5438
9380	5439
5551	5440
8568	5441
1972	5442
2869	5443
8472	5444
1686	5445
9254	5446
9435	5447
595	5448
4176	5449
7601	5450
8593	5451
2171	5452
3471	5453
9246	5454
9659	5455
5650	5456
1312	5457
7746	5458
1257	5459
9089	5460
1692	5461
8305	5462
6402	5463
4634	5464
7205	5465
7879	5466
9605	5467
3912	5468
9592	5469
4878	5470
4773	5471
6763	5472
4255	5473
1806	5474
4580	5475
2011	5476
2854	5477
7296	5478
8041	5479
3213	5480
6672	5481
1381	5482
221	5483
4056	5484
879	5485
8153	5486
2564	5487
9478	5488
8007	5489
243	5490
944	5491
7723	5492
5654	5493
9441	5494
4090	5495
514	5496
9741	5497
5387	5498
3667	5499
6138	5500
3702	5501
7610	5502
3743	5503
3726	5504
9430	5505
6165	5506
6924	5507
3328	5508
5774	5509
8781	5510
7417	5511
1239	5512
1743	5513
877	5514
4011	5515
444	5516
8766	5517
7129	5518
9566	5519
4716	5520
6337	5521
8226	5522
963	5523
5769	5524
5046	5525
3274	5526
2187	5527
161	5528
8469	5529
964	5530
2002	5531
6985	5532
7713	5533
1922	5534
8262	5535
1789	5536
8556	5537
3755	5538
8543	5539
1270	5540
4134	5541
2621	5542
7407	5543
1757	5544
40	5545
3421	5546
9761	5547
1652	5548
1103	5549
975	5550
5539	5551
1113	5552
8803	5553
5382	5554
472	5555
5453	5556
3994	5557
6701	5558
1916	5559
760	5560
7965	5561
5393	5562
5980	5563
2132	5564
9090	5565
5699	5566
664	5567
442	5568
117	5569
678	5570
857	5571
5550	5572
9581	5573
8960	5574
8909	5575
4327	5576
210	5577
3235	5578
7563	5579
7893	5580
6650	5581
2090	5582
3580	5583
2121	5584
9106	5585
6748	5586
7184	5587
2884	5588
1426	5589
2142	5590
5761	5591
3153	5592
3470	5593
6073	5594
5840	5595
1607	5596
5987	5597
6709	5598
2322	5599
1734	5600
1831	5601
1987	5602
5666	5603
2680	5604
8551	5605
7509	5606
6661	5607
7369	5608
5861	5609
7186	5610
8640	5611
8739	5612
3610	5613
1473	5614
4695	5615
4796	5616
9036	5617
3992	5618
4382	5619
4464	5620
1553	5621
2619	5622
8746	5623
3966	5624
1718	5625
8572	5626
7621	5627
4390	5628
8235	5629
9237	5630
9574	5631
9095	5632
1045	5633
6255	5634
8450	5635
6251	5636
5297	5637
3244	5638
3375	5639
6163	5640
1483	5641
3971	5642
3537	5643
7493	5644
2702	5645
5572	5646
8682	5647
3965	5648
3443	5649
6315	5650
3032	5651
8504	5652
1784	5653
7847	5654
8629	5655
4782	5656
8628	5657
5927	5658
5266	5659
1462	5660
6958	5661
9642	5662
3906	5663
9219	5664
9448	5665
2789	5666
7869	5667
5359	5668
7427	5669
4280	5670
4178	5671
3096	5672
1328	5673
714	5674
9074	5675
6243	5676
4348	5677
7092	5678
6143	5679
516	5680
4025	5681
4988	5682
8140	5683
3596	5684
6665	5685
5005	5686
15	5687
3712	5688
5549	5689
6703	5690
5301	5691
9728	5692
8443	5693
521	5694
2631	5695
6603	5696
1921	5697
4603	5698
6940	5699
8891	5700
2688	5701
6303	5702
8796	5703
7839	5704
9661	5705
9057	5706
9588	5707
6910	5708
7602	5709
6338	5710
5579	5711
3742	5712
5104	5713
7844	5714
5076	5715
553	5716
4054	5717
1211	5718
9439	5719
4819	5720
1021	5721
6162	5722
9572	5723
1431	5724
6895	5725
9340	5726
5752	5727
9082	5728
8557	5729
7282	5730
2279	5731
3459	5732
8423	5733
3647	5734
6009	5735
5668	5736
1329	5737
4208	5738
3186	5739
8010	5740
8956	5741
349	5742
5889	5743
2408	5744
7304	5745
350	5746
6955	5747
4386	5748
2431	5749
7036	5750
3717	5751
6158	5752
7585	5753
1368	5754
9226	5755
4399	5756
6518	5757
7867	5758
2931	5759
3288	5760
5	5761
1310	5762
5262	5763
3626	5764
2763	5765
7277	5766
3134	5767
4355	5768
6435	5769
9601	5770
9023	5771
9747	5772
2117	5773
1088	5774
838	5775
4085	5776
526	5777
6651	5778
2587	5779
9371	5780
7883	5781
5126	5782
4330	5783
4734	5784
486	5785
2146	5786
19	5787
2366	5788
7848	5789
823	5790
9486	5791
3346	5792
8851	5793
4251	5794
922	5795
6683	5796
1707	5797
3163	5798
9366	5799
3570	5800
1291	5801
4241	5802
9227	5803
8911	5804
1962	5805
6273	5806
8729	5807
4059	5808
32	5809
1171	5810
6925	5811
3679	5812
726	5813
9158	5814
3118	5815
4546	5816
8857	5817
2542	5818
4523	5819
7489	5820
1505	5821
6960	5822
1147	5823
4163	5824
1993	5825
4540	5826
1744	5827
4887	5828
8076	5829
3575	5830
9613	5831
8933	5832
8080	5833
4328	5834
3281	5835
7064	5836
6220	5837
7992	5838
5380	5839
5686	5840
5545	5841
969	5842
1254	5843
7873	5844
8691	5845
8980	5846
6521	5847
6894	5848
2878	5849
756	5850
1437	5851
4576	5852
97	5853
8330	5854
4467	5855
67	5856
8422	5857
4177	5858
5610	5859
3585	5860
3146	5861
5759	5862
870	5863
814	5864
2740	5865
8172	5866
7180	5867
3936	5868
3982	5869
1331	5870
943	5871
2468	5872
8176	5873
8920	5874
6195	5875
4229	5876
5294	5877
4654	5878
917	5879
6108	5880
7240	5881
6610	5882
6710	5883
3944	5884
135	5885
3311	5886
6310	5887
5948	5888
5921	5889
5979	5890
6307	5891
6277	5892
6283	5893
5920	5894
6306	5895
3996	5896
2238	5897
9360	5898
793	5899
9156	5900
8958	5901
2331	5902
357	5903
1778	5904
2800	5905
3457	5906
411	5907
1353	5908
3376	5909
3831	5910
7481	5911
2382	5912
5001	5913
1621	5914
3297	5915
4551	5916
4364	5917
6831	5918
7920	5919
8488	5920
9162	5921
2528	5922
4340	5923
4649	5924
4113	5925
7620	5926
3157	5927
7141	5928
1726	5929
7	5930
7055	5931
8381	5932
36	5933
1269	5934
9689	5935
175	5936
5210	5937
9753	5938
9529	5939
3222	5940
2339	5941
6169	5942
3280	5943
3265	5944
5731	5945
1082	5946
6810	5947
7097	5948
7130	5949
7136	5950
7131	5951
7472	5952
7459	5953
6113	5954
2877	5955
5758	5956
7403	5957
3225	5958
5445	5959
7132	5960
7440	5961
1791	5962
7768	5963
5708	5964
7804	5965
6838	5966
4088	5967
5049	5968
5732	5969
4511	5970
4602	5971
3683	5972
5760	5973
4607	5974
7770	5975
3282	5976
2361	5977
6784	5978
5373	5979
7469	5980
7784	5981
7152	5982
1195	5983
7409	5984
6817	5985
3278	5986
5074	5987
6148	5988
6819	5989
2897	5990
4166	5991
7747	5992
5714	5993
7790	5994
6820	5995
7475	5996
4198	5997
6475	5998
7751	5999
5377	6000
5783	6001
5425	6002
7470	6003
5743	6004
3287	6005
4159	6006
4184	6007
7471	6008
4584	6009
2320	6010
7079	6011
1799	6012
7433	6013
5042	6014
5043	6015
4541	6016
7447	6017
1867	6018
7796	6019
7135	6020
3663	6021
8057	6022
7083	6023
7789	6024
6804	6025
5797	6026
7800	6027
7797	6028
2388	6029
6839	6030
5779	6031
1126	6032
4637	6033
7109	6034
5062	6035
6805	6036
5396	6037
7148	6038
5401	6039
2328	6040
5746	6041
2372	6042
1131	6043
7791	6044
7799	6045
9562	6046
6806	6047
3260	6048
410	6049
3298	6050
2899	6051
2384	6052
2369	6053
6835	6054
7801	6055
7792	6056
5756	6057
5435	6058
2094	6059
1086	6060
4844	6061
6743	6062
5145	6063
5527	6064
6630	6065
2795	6066
3207	6067
4889	6068
5323	6069
150	6070
2788	6071
8483	6072
4980	6073
3595	6074
5922	6075
8637	6076
6170	6077
5836	6078
7743	6079
7949	6080
5811	6081
4259	6082
2506	6083
8276	6084
6906	6085
8719	6086
4135	6087
4181	6088
2565	6089
6281	6090
3031	6091
5806	6092
6298	6093
57	6094
7300	6095
5423	6096
2346	6097
2410	6098
407	6099
1777	6100
4646	6101
3798	6102
2791	6103
7616	6104
764	6105
3847	6106
3777	6107
1038	6108
1772	6109
1412	6110
3334	6111
7354	6112
21	6113
6112	6114
876	6115
7305	6116
5474	6117
8042	6118
9176	6119
47	6120
7249	6121
5658	6122
8948	6123
61	6124
4936	6125
123	6126
7155	6127
1265	6128
5048	6129
7207	6130
9083	6131
8992	6132
8190	6133
4465	6134
13	6135
1243	6136
9155	6137
6771	6138
1109	6139
5227	6140
5655	6141
584	6142
2746	6143
3550	6144
863	6145
583	6146
5063	6147
1507	6148
5571	6149
4478	6150
2776	6151
9420	6152
656	6153
5501	6154
1749	6155
5645	6156
7313	6157
3360	6158
7632	6159
7412	6160
55	6161
9157	6162
6424	6163
977	6164
372	6165
7338	6166
9685	6167
5211	6168
2560	6169
6865	6170
7697	6171
6842	6172
425	6173
4730	6174
70	6175
215	6176
1990	6177
9317	6178
4450	6179
7953	6180
298	6181
8490	6182
7623	6183
2749	6184
3993	6185
6358	6186
3234	6187
5392	6188
1125	6189
2583	6190
418	6191
8468	6192
4632	6193
2272	6194
9402	6195
8978	6196
7382	6197
6815	6198
3640	6199
7782	6200
4317	6201
7082	6202
3397	6203
8133	6204
8107	6205
6861	6206
5019	6207
7575	6208
7199	6209
5024	6210
1530	6211
9062	6212
1384	6213
3431	6214
935	6215
1069	6216
7983	6217
2887	6218
596	6219
4219	6220
8013	6221
9641	6222
6753	6223
9532	6224
263	6225
8589	6226
5813	6227
9649	6228
2882	6229
9678	6230
396	6231
5849	6232
8200	6233
6730	6234
2411	6235
4170	6236
4175	6237
1170	6238
2958	6239
3942	6240
820	6241
3589	6242
6417	6243
7179	6244
6446	6245
2996	6246
1163	6247
4642	6248
5451	6249
7719	6250
8424	6251
4697	6252
9465	6253
27	6254
5114	6255
1751	6256
6633	6257
3841	6258
8461	6259
6619	6260
2111	6261
3740	6262
75	6263
1975	6264
2805	6265
2894	6266
9091	6267
2568	6268
900	6269
8401	6270
1761	6271
804	6272
2708	6273
63	6274
5604	6275
29	6276
3108	6277
3393	6278
325	6279
8873	6280
2222	6281
8491	6282
7292	6283
8231	6284
328	6285
130	6286
6040	6287
2292	6288
1753	6289
7939	6290
3242	6291
7731	6292
4147	6293
9004	6294
5277	6295
9452	6296
6718	6297
8530	6298
4415	6299
2644	6300
5292	6301
5286	6302
3100	6303
8135	6304
7326	6305
4417	6306
2645	6307
6014	6308
6350	6309
8134	6310
5276	6311
6008	6312
8139	6313
2096	6314
4838	6315
8136	6316
6013	6317
1613	6318
3919	6319
6012	6320
3112	6321
7329	6322
6353	6323
5622	6324
7899	6325
651	6326
2667	6327
2687	6328
4217	6329
7478	6330
5754	6331
3332	6332
1599	6333
5383	6334
5543	6335
2570	6336
8499	6337
1904	6338
6153	6339
7865	6340
2433	6341
1407	6342
2832	6343
1597	6344
967	6345
7503	6346
7703	6347
1917	6348
4187	6349
2172	6350
2826	6351
9081	6352
6383	6353
2125	6354
7	6355
3188	6356
509	6357
2327	6358
1072	6359
5198	6360
4639	6361
2057	6362
1184	6363
9146	6364
1768	6365
6789	6366
9404	6367
5509	6368
1716	6369
1779	6370
1888	6371
2050	6372
7139	6373
3124	6374
68	6375
5146	6376
446	6377
9742	6378
2342	6379
4227	6380
4760	6381
6440	6382
7069	6383
2812	6384
564	6385
1449	6386
1460	6387
145	6388
6041	6389
81	6390
13	6391
161	6392
8801	6393
2236	6394
5981	6395
5846	6396
3245	6397
9173	6398
4542	6399
476	6400
9056	6401
64	6402
7845	6403
82	6404
2769	6405
709	6406
3330	6407
4932	6408
8753	6409
6261	6410
5696	6411
1012	6412
6852	6413
773	6414
8304	6415
9122	6416
3752	6417
51	6418
6796	6419
3711	6420
2325	6421
176	6422
3618	6423
6279	6424
4031	6425
6144	6426
9370	6427
5348	6428
3505	6429
2337	6430
5117	6431
7788	6432
5890	6433
6468	6434
5908	6435
2319	6436
172	6437
861	6438
4154	6439
6778	6440
5803	6441
2585	6442
2879	6443
816	6444
9250	6445
4633	6446
3649	6447
5837	6448
8826	6449
1691	6450
3444	6451
2807	6452
8859	6453
2036	6454
9512	6455
2960	6456
3486	6457
1512	6458
2347	6459
129	6460
3796	6461
2790	6462
3669	6463
8742	6464
5899	6465
1068	6466
4587	6467
53	6468
984	6469
3256	6470
3208	6471
8913	6472
3972	6473
4701	6474
6257	6475
2018	6476
4197	6477
1397	6478
2440	6479
10	6480
2030	6481
1292	6482
12	6483
1535	6484
1465	6485
4874	6486
5068	6487
8800	6488
5374	6489
5002	6490
2379	6491
1689	6492
1522	6493
7016	6494
3837	6495
5172	6496
8547	6497
1301	6498
8990	6499
1455	6500
45	6501
558	6502
4514	6503
251	6504
5379	6505
147	6506
51	6507
220	6508
8413	6509
8706	6510
3498	6511
285	6512
2055	6513
2458	6514
7110	6515
2541	6516
9215	6517
9375	6518
1014	6519
1215	6520
634	6521
1583	6522
6154	6523
9570	6524
2039	6525
3874	6526
3688	6527
9108	6528
6036	6529
1709	6530
9027	6531
3117	6532
8700	6533
468	6534
6765	6535
6761	6536
3155	6537
3169	6538
8942	6539
8836	6540
1296	6541
5203	6542
2809	6543
1533	6544
2872	6545
5025	6546
936	6547
7722	6548
4803	6549
2492	6550
3930	6551
7735	6552
818	6553
6360	6554
5946	6555
31	6556
6116	6557
1241	6558
6121	6559
6559	6560
7926	6561
7027	6562
6623	6563
6901	6564
7289	6565
6928	6566
85	6567
3284	6568
4848	6569
6767	6570
6740	6571
1244	6572
3047	6573
8524	6574
8511	6575
3467	6576
1618	6577
5103	6578
1161	6579
881	6580
4209	6581
4753	6582
2721	6583
3488	6584
14	6585
5916	6586
9357	6587
4950	6588
7320	6589
4912	6590
186	6591
8210	6592
9093	6593
1404	6594
5444	6595
3899	6596
321	6597
3509	6598
7718	6599
2513	6600
3780	6601
5030	6602
8269	6603
1432	6604
8254	6605
7460	6606
2537	6607
5681	6608
184	6609
7315	6610
6702	6611
2781	6612
9405	6613
5719	6614
6081	6615
7223	6616
5375	6617
3967	6618
3494	6619
1436	6620
5918	6621
6871	6622
153	6623
7860	6624
4361	6625
8219	6626
4080	6627
9787	6628
2161	6629
3573	6630
3347	6631
4071	6632
3800	6633
6309	6634
5327	6635
154	6636
1567	6637
7185	6638
7398	6639
2329	6640
3774	6641
1074	6642
4958	6643
7361	6644
361	6645
4130	6646
6696	6647
3583	6648
4013	6649
1095	6650
878	6651
4520	6652
4402	6653
5925	6654
4454	6655
6057	6656
4952	6657
338	6658
9655	6659
8175	6660
2782	6661
149	6662
182	6663
1931	6664
4132	6665
5368	6666
2639	6667
2778	6668
9390	6669
3955	6670
2051	6671
460	6672
4096	6673
6421	6674
5519	6675
9587	6676
4629	6677
249	6678
2685	6679
7124	6680
1354	6681
204	6682
9165	6683
1304	6684
6755	6685
3017	6686
140	6687
1026	6688
4998	6689
1828	6690
6377	6691
3733	6692
1920	6693
9374	6694
3417	6695
4941	6696
7855	6697
8477	6698
5975	6699
7543	6700
415	6701
5833	6702
9726	6703
3716	6704
4190	6705
1096	6706
8234	6707
4062	6708
3413	6709
5698	6710
1173	6711
2713	6712
7311	6713
2177	6714
8927	6715
3072	6716
1989	6717
1519	6718
2720	6719
2278	6720
10	6721
1177	6722
7729	6723
1107	6724
3167	6725
5	6726
2249	6727
4924	6728
8383	6729
713	6730
7031	6731
1435	6732
5576	6733
2841	6734
1317	6735
7884	6736
1326	6737
334	6738
8630	6739
6031	6740
1168	6741
258	6742
2655	6743
9775	6744
2601	6745
7721	6746
2220	6747
5944	6748
2453	6749
1495	6750
4914	6751
5602	6752
1480	6753
4519	6754
7645	6755
5328	6756
6366	6757
7337	6758
8431	6759
2106	6760
3135	6761
8289	6762
9259	6763
7504	6764
9058	6765
4622	6766
7306	6767
9675	6768
5977	6769
3236	6770
867	6771
1311	6772
778	6773
3549	6774
3160	6775
8106	6776
5530	6777
8743	6778
7529	6779
3358	6780
9044	6781
4721	6782
6028	6783
3661	6784
1525	6785
1604	6786
6282	6787
4121	6788
2659	6789
1361	6790
2004	6791
8654	6792
2730	6793
4729	6794
8901	6795
7917	6796
8748	6797
6622	6798
2838	6799
5595	6800
3352	6801
2416	6802
8529	6803
7066	6804
8770	6805
9624	6806
5966	6807
4668	6808
7599	6809
7997	6810
4008	6811
7537	6812
4849	6813
5804	6814
630	6815
8113	6816
1421	6817
6262	6818
8393	6819
2670	6820
9304	6821
224	6822
3769	6823
2430	6824
8321	6825
5914	6826
9494	6827
389	6828
4423	6829
9666	6830
6874	6831
7852	6832
6250	6833
1816	6834
48	6835
2150	6836
114	6837
998	6838
3382	6839
1958	6840
6328	6841
7835	6842
8957	6843
9033	6844
128	6845
6410	6846
2367	6847
1334	6848
518	6849
2397	6850
8604	6851
3760	6852
5012	6853
3145	6854
4424	6855
978	6856
6323	6857
2330	6858
8465	6859
9671	6860
1359	6861
1555	6862
3762	6863
6504	6864
534	6865
4314	6866
6597	6867
5185	6868
6239	6869
628	6870
7285	6871
8273	6872
646	6873
1810	6874
164	6875
2310	6876
9337	6877
5564	6878
8316	6879
1332	6880
5189	6881
7952	6882
7571	6883
9249	6884
670	6885
2356	6886
679	6887
5641	6888
6024	6889
9068	6890
6032	6891
4583	6892
8745	6893
9410	6894
4497	6895
4492	6896
63	6897
7310	6898
8420	6899
6334	6900
9294	6901
5541	6902
1721	6903
6582	6904
2218	6905
307	6906
9463	6907
6889	6908
1190	6909
3121	6910
5034	6911
8454	6912
6284	6913
648	6914
905	6915
2208	6916
4986	6917
6777	6918
2701	6919
7698	6920
7649	6921
4731	6922
6579	6923
4592	6924
3136	6925
7375	6926
2908	6927
9117	6928
3268	6929
2677	6930
2029	6931
5466	6932
5857	6933
3385	6934
850	6935
9288	6936
5028	6937
3849	6938
236	6939
6059	6940
9774	6941
6092	6942
4115	6943
9256	6944
600	6945
6994	6946
5626	6947
7825	6948
4675	6949
5574	6950
4455	6951
1974	6952
5518	6953
4377	6954
9768	6955
4672	6956
7441	6957
9725	6958
1377	6959
1240	6960
3249	6961
9677	6962
1942	6963
5824	6964
2233	6965
6920	6966
1119	6967
2748	6968
4591	6969
624	6970
4981	6971
6472	6972
9243	6973
1952	6974
6079	6975
3193	6976
7461	6977
2456	6978
2192	6979
7781	6980
5427	6981
8631	6982
1439	6983
5776	6984
2450	6985
795	6986
1774	6987
1898	6988
5360	6989
2309	6990
5866	6991
911	6992
8308	6993
133	6994
6246	6995
14	6996
479	6997
1063	6998
3089	6999
1210	7000
4291	7001
5798	7002
4091	7003
2128	7004
4842	7005
965	7006
2444	7007
3535	7008
661	7009
665	7010
5169	7011
3144	7012
7579	7013
6942	7014
8087	7015
4953	7016
7765	7017
9393	7018
6052	7019
3428	7020
4401	7021
1006	7022
275	7023
770	7024
7921	7025
8655	7026
6150	7027
151	7028
6455	7029
6356	7030
2864	7031
8034	7032
117	7033
2290	7034
2338	7035
2359	7036
721	7037
993	7038
3939	7039
9770	7040
500	7041
3211	7042
2606	7043
2849	7044
2239	7045
11	7046
7526	7047
5587	7048
7544	7049
6530	7050
1877	7051
6221	7052
8075	7053
7366	7054
5974	7055
9414	7056
4768	7057
5822	7058
751	7059
8954	7060
5338	7061
7328	7062
367	7063
6451	7064
8434	7065
2521	7066
5648	7067
1524	7068
7880	7069
8311	7070
4289	7071
4362	7072
7805	7073
3529	7074
5243	7075
2135	7076
3262	7077
8985	7078
8838	7079
8886	7080
3011	7081
288	7082
403	7083
7894	7084
8756	7085
8111	7086
906	7087
512	7088
688	7089
5599	7090
4270	7091
1252	7092
1338	7093
8545	7094
1935	7095
9066	7096
3503	7097
3477	7098
3492	7099
3478	7100
2490	7101
1557	7102
4955	7103
7716	7104
4266	7105
2936	7106
4774	7107
6376	7108
4865	7109
9154	7110
6102	7111
2241	7112
8480	7113
8866	7114
6457	7115
582	7116
9163	7117
6370	7118
8510	7119
9782	7120
8364	7121
7346	7122
6093	7123
264	7124
3447	7125
6824	7126
5468	7127
1657	7128
5642	7129
378	7130
8349	7131
4233	7132
9738	7133
2215	7134
4316	7135
5877	7136
73	7137
844	7138
1700	7139
3951	7140
1373	7141
9523	7142
7962	7143
3872	7144
4727	7145
2950	7146
2419	7147
7665	7148
9575	7149
8236	7150
2510	7151
266	7152
9241	7153
8493	7154
2739	7155
6899	7156
4287	7157
749	7158
3060	7159
8184	7160
4703	7161
8375	7162
9007	7163
276	7164
2077	7165
5419	7166
6848	7167
6704	7168
1527	7169
1602	7170
2358	7171
6887	7172
6776	7173
3749	7174
5912	7175
8005	7176
8101	7177
8476	7178
8973	7179
4076	7180
6595	7181
320	7182
9487	7183
6670	7184
1681	7185
7030	7186
4852	7187
4221	7188
2698	7189
255	7190
9326	7191
3969	7192
1306	7193
1446	7194
6769	7195
8036	7196
2596	7197
9585	7198
3441	7199
7891	7200
5334	7201
480	7202
9084	7203
860	7204
7061	7205
8484	7206
1238	7207
1710	7208
4394	7209
1724	7210
6707	7211
2593	7212
1728	7213
5601	7214
2547	7215
1018	7216
7889	7217
768	7218
3194	7219
8077	7220
1943	7221
6258	7222
8186	7223
5749	7224
9607	7225
7127	7226
7264	7227
7586	7228
9356	7229
6583	7230
8651	7231
7688	7232
2608	7233
8724	7234
183	7235
178	7236
6850	7237
134	7238
6516	7239
6321	7240
4325	7241
5938	7242
3114	7243
543	7244
8612	7245
5669	7246
8705	7247
24	7248
7411	7249
9245	7250
8165	7251
748	7252
937	7253
344	7254
8656	7255
4983	7256
2447	7257
9300	7258
1442	7259
6132	7260
6070	7261
1824	7262
6453	7263
3077	7264
8928	7265
6814	7266
6068	7267
7434	7268
5438	7269
2301	7270
4790	7271
4926	7272
6030	7273
3040	7274
9557	7275
216	7276
8963	7277
1955	7278
2023	7279
5674	7280
8776	7281
4422	7282
3258	7283
7681	7284
1046	7285
5766	7286
1872	7287
2487	7288
2802	7289
8089	7290
2386	7291
2907	7292
8584	7293
3718	7294
1089	7295
4812	7296
9536	7297
4948	7298
4215	7299
5347	7300
4868	7301
2351	7302
6080	7303
155	7304
8744	7305
4244	7306
3779	7307
6380	7308
5807	7309
1967	7310
6174	7311
9595	7312
833	7313
9704	7314
7973	7315
9784	7316
8253	7317
7364	7318
1550	7319
5591	7320
7266	7321
8411	7322
3884	7323
1954	7324
2497	7325
4375	7326
3650	7327
5556	7328
5547	7329
6531	7330
432	7331
5820	7332
7524	7333
1032	7334
8179	7335
7081	7336
8971	7337
3239	7338
6509	7339
4922	7340
1213	7341
6004	7342
8293	7343
1633	7344
4559	7345
5457	7346
6760	7347
7414	7348
6539	7349
4199	7350
9391	7351
8806	7352
3137	7353
1673	7354
8092	7355
9646	7356
163	7357
1061	7358
2703	7359
4972	7360
7390	7361
8917	7362
5600	7363
1889	7364
6652	7365
708	7366
2363	7367
7657	7368
4928	7369
2434	7370
2704	7371
9034	7372
3709	7373
4967	7374
6274	7375
1827	7376
6403	7377
3020	7378
8867	7379
1433	7380
2007	7381
8579	7382
9567	7383
3396	7384
1389	7385
5546	7386
4737	7387
5447	7388
452	7389
2	7390
360	7391
536	7392
1948	7393
2888	7394
7846	7395
7197	7396
2556	7397
2242	7398
4232	7399
8352	7400
4002	7401
2920	7402
4309	7403
5841	7404
4631	7405
9	7406
1036	7407
2173	7408
7350	7409
4696	7410
6807	7411
5232	7412
6801	7413
9777	7414
7988	7415
4885	7416
7843	7417
1451	7418
55	7419
7160	7420
5504	7421
7702	7422
4920	7423
991	7424
9669	7425
7730	7426
4959	7427
2462	7428
8912	7429
8575	7430
5231	7431
6501	7432
8902	7433
6705	7434
9711	7435
8015	7436
592	7437
3770	7438
7017	7439
4994	7440
5424	7441
4441	7442
1572	7443
406	7444
9382	7445
2395	7446
26	7447
5242	7448
9040	7449
1648	7450
5136	7451
1342	7452
7608	7453
8033	7454
1141	7455
3250	7456
1969	7457
1444	7458
88	7459
7757	7460
5206	7461
9620	7462
2311	7463
9286	7464
9164	7465
4370	7466
7957	7467
7072	7468
5416	7469
3636	7470
5403	7471
5625	7472
4544	7473
6471	7474
1646	7475
6105	7476
4513	7477
3062	7478
8808	7479
1130	7480
1711	7481
4783	7482
5308	7483
473	7484
1484	7485
1902	7486
1918	7487
7813	7488
4349	7489
1712	7490
8900	7491
1642	7492
9522	7493
2527	7494
5149	7495
5052	7496
5512	7497
5318	7498
7696	7499
112	7500
3878	7501
7708	7502
1160	7503
6091	7504
698	7505
3335	7506
6437	7507
121	7508
4571	7509
8055	7510
8021	7511
87	7512
1805	7513
3704	7514
8238	7515
8275	7516
3394	7517
5965	7518
6734	7519
2785	7520
8062	7521
9608	7522
4129	7523
9043	7524
8068	7525
4449	7526
1493	7527
2535	7528
5676	7529
800	7530
2259	7531
4180	7532
715	7533
6695	7534
2412	7535
2715	7536
17	7537
1538	7538
6832	7539
3209	7540
5976	7541
2784	7542
8433	7543
1090	7544
1537	7545
6500	7546
7444	7547
5643	7548
2725	7549
4762	7550
283	7551
2599	7552
9351	7553
8905	7554
4789	7555
8771	7556
3399	7557
279	7558
2947	7559
164	7560
8540	7561
15	7562
5209	7563
2630	7564
2625	7565
1628	7566
5801	7567
8419	7568
181	7569
4537	7570
2976	7571
1229	7572
2277	7573
8126	7574
4451	7575
1209	7576
2493	7577
5214	7578
4000	7579
8294	7580
2109	7581
1324	7582
1594	7583
8855	7584
4740	7585
4006	7586
6460	7587
4763	7588
3484	7589
1825	7590
8251	7591
522	7592
5343	7593
7408	7594
6995	7595
4946	7596
9658	7597
7458	7598
1336	7599
8131	7600
2377	7601
2935	7602
3304	7603
9736	7604
8218	7605
6593	7606
6006	7607
7182	7608
9316	7609
8581	7610
3894	7611
4811	7612
2777	7613
2917	7614
1206	7615
4832	7616
4220	7617
8138	7618
9381	7619
2839	7620
8180	7621
1218	7622
871	7623
9235	7624
706	7625
8720	7626
3844	7627
2308	7628
1933	7629
2889	7630
4288	7631
1585	7632
1169	7633
4719	7634
3729	7635
1697	7636
1277	7637
8523	7638
5770	7639
8040	7640
119	7641
433	7642
8205	7643
7535	7644
2326	7645
447	7646
865	7647
4249	7648
9679	7649
6864	7650
3642	7651
5188	7652
8397	7653
5310	7654
5313	7655
956	7656
4320	7657
2642	7658
9418	7659
2987	7660
142	7661
4903	7662
4389	7663
2261	7664
939	7665
6236	7666
6613	7667
4850	7668
2965	7669
6779	7670
6186	7671
5786	7672
1290	7673
7898	7674
1024	7675
6999	7676
6556	7677
8347	7678
9180	7679
7204	7680
8456	7681
1632	7682
705	7683
6627	7684
4305	7685
4856	7686
2970	7687
2495	7688
9280	7689
2945	7690
3023	7691
9182	7692
7989	7693
8212	7694
3813	7695
2483	7696
6571	7697
5522	7698
7654	7699
304	7700
908	7701
5685	7702
3414	7703
4685	7704
8677	7705
7728	7706
3807	7707
6230	7708
6943	7709
8566	7710
9680	7711
807	7712
3502	7713
5823	7714
1740	7715
840	7716
4564	7717
6011	7718
4645	7719
9253	7720
8607	7721
6128	7722
4759	7723
5790	7724
5344	7725
8812	7726
2921	7727
5023	7728
9660	7729
2636	7730
110	7731
3508	7732
1337	7733
4518	7734
5726	7735
3674	7736
94	7737
1225	7738
3195	7739
4036	7740
5418	7741
6470	7742
7572	7743
8528	7744
2336	7745
7068	7746
9203	7747
4433	7748
2276	7749
7647	7750
4367	7751
9322	7752
1502	7753
1994	7754
1995	7755
1963	7756
728	7757
4323	7758
8622	7759
7035	7760
7827	7761
9456	7762
92	7763
93	7764
5515	7765
6256	7766
9589	7767
405	7768
8093	7769
7404	7770
299	7771
6700	7772
1598	7773
8814	7774
6269	7775
3054	7776
1468	7777
1274	7778
6706	7779
2632	7780
6341	7781
7212	7782
5331	7783
6415	7784
17	7785
6528	7786
2986	7787
9142	7788
441	7789
6185	7790
3373	7791
3433	7792
6398	7793
2918	7794
7122	7795
8896	7796
1162	7797
5196	7798
6386	7799
6713	7800
7727	7801
3611	7802
1727	7803
2692	7804
445	7805
8297	7806
6863	7807
3230	7808
7539	7809
7384	7810
6854	7811
8378	7812
8699	7813
8277	7814
9038	7815
2815	7816
4772	7817
7173	7818
1997	7819
513	7820
7208	7821
1182	7822
6427	7823
7104	7824
9186	7825
6413	7826
928	7827
7448	7828
510	7829
9599	7830
91	7831
7258	7832
2298	7833
1677	7834
2543	7835
2507	7836
2178	7837
7875	7838
4358	7839
2182	7840
7766	7841
6072	7842
9070	7843
8799	7844
1471	7845
9141	7846
5337	7847
8959	7848
2959	7849
7712	7850
2284	7851
9730	7852
8373	7853
4665	7854
8735	7855
7119	7856
8209	7857
5429	7858
7436	7859
17	7860
7633	7861
4052	7862
9	7863
6335	7864
9379	7865
7262	7866
4589	7867
9174	7868
6590	7869
8211	7870
9136	7871
3603	7872
8740	7873
5678	7874
8448	7875
4055	7876
6860	7877
3353	7878
3462	7879
9440	7880
8797	7881
8025	7882
1025	7883
2971	7884
1590	7885
5785	7886
2017	7887
4020	7888
6438	7889
6800	7890
6574	7891
3212	7892
2263	7893
7085	7894
6167	7895
4989	7896
5717	7897
6859	7898
3299	7899
8665	7900
3558	7901
5175	7902
2212	7903
6813	7904
9224	7905
4066	7906
7580	7907
7507	7908
5154	7909
2371	7910
959	7911
4213	7912
4164	7913
3384	7914
6436	7915
8418	7916
3215	7917
6540	7918
7516	7919
2742	7920
8935	7921
9013	7922
2054	7923
5894	7924
7010	7925
8741	7926
3935	7927
2010	7928
1981	7929
4757	7930
5863	7931
7863	7932
3720	7933
1939	7934
940	7935
1800	7936
7420	7937
5202	7938
1854	7939
6423	7940
9593	7941
265	7942
3183	7943
9758	7944
2257	7945
3566	7946
2477	7947
6585	7948
8390	7949
7239	7950
591	7951
7267	7952
3873	7953
4502	7954
2944	7955
6206	7956
7235	7957
8296	7958
99	7959
1982	7960
184	7961
120	7962
2867	7963
3853	7964
2607	7965
2026	7966
2604	7967
6731	7968
8824	7969
2623	7970
6631	7971
2952	7972
5170	7973
8441	7974
4058	7975
33	7976
5535	7977
7219	7978
8028	7979
7052	7980
6405	7981
7662	7982
4283	7983
4273	7984
9239	7985
4247	7986
7984	7987
76	7988
1715	7989
5299	7990
1871	7991
4188	7992
2646	7993
2086	7994
2014	7995
2354	7996
5635	7997
9743	7998
9670	7999
4766	8000
7966	8001
7220	8002
5940	8003
2074	8004
2545	8005
6616	8006
7473	8007
3696	8008
7794	8009
9267	8010
6934	8011
4022	8012
7125	8013
7937	8014
1699	8015
3296	8016
1882	8017
6728	8018
222	8019
6325	8020
478	8021
7753	8022
6486	8023
3525	8024
8621	8025
144	8026
3206	8027
3143	8028
6664	8029
6822	8030
6299	8031
9009	8032
578	8033
7938	8034
6228	8035
5197	8036
8616	8037
3003	8038
438	8039
1738	8040
1706	8041
5044	8042
8216	8043
2467	8044
7206	8045
7513	8046
3931	8047
6620	8048
720	8049
787	8050
3816	8051
3148	8052
5691	8053
3652	8054
6219	8055
4010	8056
2505	8057
4414	8058
3365	8059
675	8060
7322	8061
3015	8062
8367	8063
5208	8064
941	8065
5500	8066
3644	8067
1956	8068
5611	8069
3196	8070
9688	8071
3784	8072
4338	8073
6698	8074
1808	8075
566	8076
5187	8077
2482	8078
4681	8079
3002	8080
2518	8081
6244	8082
9053	8083
9628	8084
8022	8085
1214	8086
7278	8087
7759	8088
5911	8089
5995	8090
6428	8091
7465	8092
3387	8093
8678	8094
7324	8095
1115	8096
1781	8097
9175	8098
8169	8099
3576	8100
3005	8101
6938	8102
8521	8103
9519	8104
5886	8105
3458	8106
8996	8107
995	8108
1729	8109
6922	8110
7236	8111
8508	8112
3374	8113
8944	8114
6681	8115
8786	8116
3126	8117
8625	8118
9118	8119
5345	8120
1228	8121
1094	8122
4961	8123
1128	8124
4609	8125
691	8126
9137	8127
8650	8128
8906	8129
9514	8130
7724	8131
3990	8132
8265	8133
2385	8134
9553	8135
3469	8136
4853	8137
1804	8138
3606	8139
6268	8140
9513	8141
3656	8142
5673	8143
5984	8144
6548	8145
5143	8146
6921	8147
7687	8148
3133	8149
1624	8150
716	8151
5516	8152
1008	8153
1988	8154
8680	8155
1167	8156
8815	8157
8281	8158
2612	8159
5999	8160
2765	8161
6697	8162
3162	8163
9459	8164
4857	8165
7332	8166
7341	8167
4063	8168
4713	8169
162	8170
5597	8171
1976	8172
7947	8173
2534	8174
5624	8175
1838	8176
8255	8177
7225	8178
5855	8179
747	8180
7117	8181
3869	8182
3814	8183
6621	8184
2504	8185
6254	8186
9686	8187
9769	8188
9708	8189
3677	8190
30	8191
7335	8192
2709	8193
2622	8194
6722	8195
2005	8196
3789	8197
4133	8198
6078	8199
3246	8200
7519	8201
1687	8202
8018	8203
6061	8204
1205	8205
5253	8206
2774	8207
4480	8208
3854	8209
1237	8210
8377	8211
7211	8212
2847	8213
3984	8214
5077	8215
4038	8216
1116	8217
7452	8218
7221	8219
4138	8220
6524	8221
7246	8222
994	8223
4688	8224
8446	8225
2549	8226
1934	8227
4845	8228
5705	8229
687	8230
2045	8231
1913	8232
3007	8233
8515	8234
3238	8235
9752	8236
5137	8237
8287	8238
2648	8239
4748	8240
2480	8241
538	8242
1410	8243
1521	8244
9126	8245
180	8246
5701	8247
7297	8248
2503	8249
2195	8250
3843	8251
1970	8252
7680	8253
505	8254
888	8255
3668	8256
660	8257
1429	8258
637	8259
7389	8260
5394	8261
9050	8262
3	8263
4876	8264
5302	8265
3320	8266
1858	8267
6523	8268
2403	8269
882	8270
682	8271
8404	8272
6537	8273
4644	8274
7830	8275
1964	8276
2247	8277
8549	8278
3513	8279
632	8280
9331	8281
9395	8282
4264	8283
6000	8284
4669	8285
4077	8286
3851	8287
3409	8288
8185	8289
2191	8290
6198	8291
5161	8292
6768	8293
4409	8294
1639	8295
3283	8296
841	8297
3053	8298
633	8299
6023	8300
128	8301
7358	8302
1153	8303
9576	8304
7108	8305
9644	8306
9643	8307
9563	8308
1191	8309
1305	8310
8977	8311
9303	8312
5171	8313
6624	8314
4392	8315
6867	8316
5511	8317
4829	8318
7734	8319
3909	8320
2422	8321
5249	8322
8962	8323
569	8324
9190	8325
6329	8326
6333	8327
2808	8328
6389	8329
4879	8330
9240	8331
23	8332
6973	8333
2048	8334
7508	8335
3326	8336
6187	8337
9561	8338
7556	8339
7755	8340
6203	8341
3707	8342
1899	8343
4380	8344
5854	8345
5503	8346
3719	8347
6095	8348
5322	8349
132	8350
7812	8351
1335	8352
4015	8353
2900	8354
8054	8355
535	8356
6101	8357
5064	8358
7661	8359
899	8360
4570	8361
2076	8362
851	8363
1584	8364
1949	8365
5581	8366
809	8367
2383	8368
7388	8369
6045	8370
7593	8371
4017	8372
2046	8373
603	8374
8860	8375
3355	8376
1231	8377
3185	8378
3732	8379
3934	8380
5638	8381
953	8382
9221	8383
9654	8384
5439	8385
6071	8386
1896	8387
7876	8388
4917	8389
4196	8390
4900	8391
6181	8392
5605	8393
9427	8394
6721	8395
8875	8396
5195	8397
1004	8398
8182	8399
6252	8400
3356	8401
8668	8402
6106	8403
8399	8404
4916	8405
4653	8406
9780	8407
9482	8408
5964	8409
3699	8410
5936	8411
5720	8412
3106	8413
108	8414
5151	8415
5821	8416
610	8417
6199	8418
2099	8419
5282	8420
2600	8421
5558	8422
7482	8423
1786	8424
4301	8425
8594	8426
8561	8427
3022	8428
1487	8429
9690	8430
3192	8431
7015	8432
2181	8433
4315	8434
1637	8435
9025	8436
3556	8437
8883	8438
8733	8439
5309	8440
5207	8441
8897	8442
3980	8443
1760	8444
3038	8445
1915	8446
2745	8447
1073	8448
5054	8449
4555	8450
6564	8451
1785	8452
611	8453
421	8454
3857	8455
6990	8456
3381	8457
9046	8458
423	8459
8590	8460
5702	8461
2373	8462
1937	8463
1266	8464
7295	8465
9408	8466
5485	8467
3765	8468
8955	8469
9702	8470
7316	8471
1196	8472
9208	8473
5000	8474
4235	8475
3063	8476
2870	8477
7287	8478
9283	8479
5090	8480
7963	8481
2254	8482
6088	8483
2185	8484
6988	8485
5901	8486
4770	8487
7690	8488
6272	8489
2100	8490
6926	8491
6882	8492
7063	8493
1769	8494
262	8495
1548	8496
8489	8497
8302	8498
9313	8499
74	8500
9496	8501
1496	8502
5777	8503
4882	8504
5315	8505
1457	8506
318	8507
1566	8508
3750	8509
3759	8510
2067	8511
8309	8512
2255	8513
3366	8514
8844	8515
2638	8516
6744	8517
327	8518
6110	8519
2217	8520
4016	8521
1078	8522
6532	8523
9579	8524
5362	8525
9295	8526
6318	8527
3553	8528
8765	8529
2912	8530
3039	8531
9015	8532
1180	8533
5929	8534
2796	8535
5390	8536
6522	8537
3517	8538
4573	8539
557	8540
7391	8541
9160	8542
3175	8543
4877	8544
9184	8545
8714	8546
1117	8547
171	8548
9586	8549
3286	8550
5237	8551
8731	8552
1485	8553
6567	8554
4840	8555
1176	8556
7163	8557
4666	8558
6001	8559
1880	8560
5280	8561
6152	8562
214	8563
3426	8564
2399	8565
7318	8566
5434	8567
1953	8568
5771	8569
6172	8570
4522	8571
3793	8572
3350	8573
8405	8574
8154	8575
4846	8576
6907	8577
7946	8578
8043	8579
4709	8580
4109	8581
6039	8582
427	8583
3307	8584
9682	8585
6348	8586
7981	8587
3781	8588
7570	8589
1325	8590
7209	8591
4272	8592
4656	8593
6935	8594
6347	8595
5998	8596
5913	8597
1017	8598
3028	8599
669	8600
3520	8601
6715	8602
9276	8603
966	8604
150	8605
8246	8606
155	8607
2563	8608
672	8609
598	8610
8871	8611
942	8612
7487	8613
5507	8614
6452	8615
1742	8616
3871	8617
9503	8618
9364	8619
4902	8620
8171	8621
5037	8622
8366	8623
5475	8624
4339	8625
3997	8626
9161	8627
5584	8628
7161	8629
3548	8630
9417	8631
9217	8632
3879	8633
2689	8634
4479	8635
4482	8636
9211	8637
8531	8638
4717	8639
4907	8640
1591	8641
8673	8642
7269	8643
4139	8644
5465	8645
9269	8646
94	8647
4167	8648
2836	8649
2229	8650
6364	8651
6117	8652
1339	8653
7908	8654
3294	8655
9251	8656
9437	8657
2163	8658
7406	8659
16	8660
2903	8661
5391	8662
5968	8663
5311	8664
7187	8665
1767	8666
947	8667
9788	8668
2871	8669
4350	8670
2977	8671
3787	8672
5663	8673
1313	8674
4754	8675
9281	8676
4333	8677
3958	8678
3067	8679
755	8680
3436	8681
323	8682
2207	8683
7591	8684
8688	8685
337	8686
4326	8687
9428	8688
6686	8689
3439	8690
5219	8691
4312	8692
3819	8693
5639	8694
6974	8695
4351	8696
1959	8697
1739	8698
326	8699
8051	8700
5181	8701
4663	8702
95	8703
7888	8704
1701	8705
7775	8706
2760	8707
104	8708
560	8709
8069	8710
4524	8711
2520	8712
3987	8713
4657	8714
3075	8715
3487	8716
2934	8717
2216	8718
1344	8719
1998	8720
6025	8721
921	8722
2724	8723
9138	8724
3445	8725
4371	8726
3317	8727
5241	8728
3434	8729
3429	8730
4369	8731
1002	8732
2047	8733
9431	8734
5404	8735
6177	8736
1511	8737
1579	8738
6302	8739
8994	8740
1059	8741
9132	8742
5372	8743
8221	8744
102	8745
7484	8746
7399	8747
9734	8748
1907	8749
4611	8750
294	8751
2289	8752
5738	8753
8243	8754
968	8755
7822	8756
3081	8757
7123	8758
1011	8759
34	8760
4344	8761
4610	8762
6067	8763
2234	8764
5220	8765
8587	8766
4807	8767
4195	8768
8070	8769
6682	8770
2486	8771
259	8772
7105	8773
3772	8774
2123	8775
7925	8776
6479	8777
1856	8778
2732	8779
9676	8780
3324	8781
8130	8782
561	8783
4440	8784
5305	8785
7202	8786
7154	8787
8861	8788
7410	8789
4780	8790
9229	8791
8988	8792
6382	8793
8772	8794
5532	8795
796	8796
6949	8797
8679	8798
4281	8799
1653	8800
4533	8801
5015	8802
4152	8803
7445	8804
4628	8805
8035	8806
6969	8807
1869	8808
7006	8809
4985	8810
6388	8811
9298	8812
2079	8813
5583	8814
8605	8815
1134	8816
4212	8817
226	8818
4360	8819
6515	8820
339	8821
1242	8822
2957	8823
5047	8824
3763	8825
594	8826
1971	8827
8586	8828
8478	8829
3552	8830
75	8831
7293	8832
3306	8833
8602	8834
9037	8835
8833	8836
4086	8837
289	8838
5016	8839
6668	8840
5812	8841
5615	8842
9289	8843
5570	8844
1411	8845
4157	8846
657	8847
6663	8848
5295	8849
6986	8850
6749	8851
495	8852
100	8853
3341	8854
4800	8855
1560	8856
2868	8857
1770	8858
736	8859
5464	8860
464	8861
8095	8862
8118	8863
9530	8864
179	8865
9029	8866
827	8867
9378	8868
6660	8869
9650	8870
9705	8871
4331	8872
1830	8873
2611	8874
5818	8875
3180	8876
1944	8877
663	8878
3632	8879
6135	8880
8386	8881
131	8882
354	8883
788	8884
9311	8885
7600	8886
1608	8887
44	8888
235	8889
8127	8890
9302	8891
3051	8892
9480	8893
3545	8894
7056	8895
8810	8896
6063	8897
4723	8898
852	8899
540	8900
4472	8901
2426	8902
6454	8903
1940	8904
5072	8905
5050	8906
2658	8907
9653	8908
1540	8909
638	8910
2994	8911
9640	8912
2065	8913
3510	8914
6232	8915
2022	8916
4366	8917
9167	8918
6494	8919
4457	8920
8421	8921
9444	8922
3557	8923
8785	8924
9143	8925
1200	8926
8645	8927
8993	8928
5222	8929
9049	8930
9192	8931
274	8932
2906	8933
9210	8934
9059	8935
9454	8936
9277	8937
8437	8938
4674	8939
8012	8940
9422	8941
1379	8942
4477	8943
4929	8944
6294	8945
3052	8946
2174	8947
7996	8948
9148	8949
5333	8950
8609	8951
914	8952
6795	8953
7149	8954
1513	8955
8006	8956
8257	8957
5694	8958
4509	8959
1454	8960
9213	8961
4034	8962
5183	8963
9318	8964
5962	8965
8718	8966
3466	8967
9274	8968
7594	8969
8116	8970
45	8971
5782	8972
653	8973
1020	8974
3204	8975
872	8976
5688	8977
8047	8978
528	8979
1405	8980
5493	8981
532	8982
5230	8983
4104	8984
4388	8985
2712	8986
4168	8987
16	8988
3673	8989
185	8990
6786	8991
683	8992
3577	8993
4931	8994
5488	8995
7049	8996
4767	8997
6462	8998
5	8999
2578	9000
2043	9001
4769	9002
4987	9003
8392	9004
7560	9005
3775	9006
8984	9007
3076	9008
1286	9009
9489	9010
4531	9011
9092	9012
8863	9013
2938	9014
798	9015
1376	9016
8374	9017
2481	9018
6855	9019
7923	9020
7670	9021
7669	9022
7178	9023
2948	9024
3331	9025
7671	9026
5395	9027
7106	9028
9502	9029
8734	9030
4357	9031
843	9032
7383	9033
5402	9034
562	9035
5665	9036
9233	9037
8149	9038
7114	9039
5573	9040
8611	9041
8039	9042
9762	9043
2235	9044
7584	9045
3277	9046
4313	9047
6066	9048
8026	9049
2831	9050
9718	9051
5713	9052
5502	9053
158	9054
37	9055
9030	9056
8061	9057
5263	9058
1434	9059
9080	9060
4443	9061
3865	9062
1272	9063
5440	9064
1249	9065
7071	9066
2244	9067
5872	9068
5735	9069
1316	9070
2038	9071
6991	9072
3491	9073
6968	9074
8259	9075
3289	9076
156	9077
1091	9078
7396	9079
5915	9080
1494	9081
8379	9082
8428	9083
5618	9084
2522	9085
232	9086
5926	9087
1523	9088
7558	9089
4442	9090
7451	9091
2678	9092
8146	9093
9498	9094
3228	9095
4699	9096
9470	9097
6275	9098
5095	9099
6671	9100
2108	9101
4971	9102
3734	9103
2767	9104
5250	9105
8553	9106
8425	9107
6322	9108
8500	9109
1165	9110
5371	9111
8533	9112
4149	9113
2332	9114
8945	9115
1027	9116
3925	9117
1883	9118
9284	9119
915	9120
3305	9121
1529	9122
5389	9123
8099	9124
1230	9125
8710	9126
3988	9127
9543	9128
1287	9129
3543	9130
3916	9131
7462	9132
5386	9133
6978	9134
355	9135
1422	9136
9353	9137
443	9138
1669	9139
7836	9140
680	9141
2811	9142
2258	9143
1262	9144
6803	9145
6390	9146
9354	9147
1223	9148
9739	9149
2843	9150
384	9151
3637	9152
4512	9153
6416	9154
113	9155
9110	9156
1201	9157
6107	9158
58	9159
3597	9160
2438	9161
234	9162
393	9163
1406	9164
5256	9165
980	9166
4641	9167
5656	9168
103	9169
8360	9170
7368	9171
9232	9172
2288	9173
790	9174
3708	9175
3806	9176
2203	9177
957	9178
7450	9179
7622	9180
3983	9181
5537	9182
127	9183
4279	9184
4148	9185
7210	9186
2764	9187
8410	9188
7351	9189
5461	9190
7943	9191
9271	9192
3901	9193
8162	9194
6944	9195
9021	9196
2930	9197
825	9198
5689	9199
9343	9200
5078	9201
8574	9202
6340	9203
2134	9204
1374	9205
5350	9206
8898	9207
8073	9208
8132	9209
1198	9210
7018	9211
8250	9212
3178	9213
9733	9214
5108	9215
786	9216
4677	9217
9681	9218
3272	9219
2197	9220
2904	9221
5659	9222
8083	9223
8091	9224
7577	9225
36	9226
5321	9227
98	9228
135	9229
2694	9230
4004	9231
50	9232
312	9233
296	9234
9279	9235
2052	9236
1418	9237
4116	9238
59	9239
9447	9240
1725	9241
9282	9242
6727	9243
42	9244
9051	9245
7838	9246
9100	9247
7744	9248
1486	9249
1528	9250
1087	9251
4185	9252
9111	9253
2130	9254
3824	9255
9266	9256
1891	9257
4067	9258
8237	9259
3046	9260
2001	9261
5246	9262
1817	9263
6750	9264
6342	9265
7284	9266
7349	9267
435	9268
2362	9269
2454	9270
4722	9271
439	9272
5652	9273
1340	9274
5723	9275
340	9276
2407	9277
4439	9278
1979	9279
1247	9280
8342	9281
6139	9282
7615	9283
6048	9284
8064	9285
2810	9286
3150	9287
744	9288
6392	9289
3227	9290
9078	9291
4303	9292
7574	9293
377	9294
6662	9295
6677	9296
710	9297
4005	9298
6818	9299
2716	9300
8881	9301
5409	9302
1911	9303
9252	9304
3056	9305
7280	9306
9403	9307
9647	9308
8782	9309
927	9310
1051	9311
1127	9312
5621	9313
484	9314
16	9315
5555	9316
3627	9317
2204	9318
8818	9319
8161	9320
7990	9321
2597	9322
4890	9323
3079	9324
2657	9325
6879	9326
6286	9327
6783	9328
105	9329
4483	9330
1441	9331
3778	9332
1459	9333
776	9334
5089	9335
82	9336
42	9337
6130	9338
733	9339
6680	9340
1303	9341
2186	9342
754	9343
4106	9344
4341	9345
848	9346
3571	9347
5593	9348
3033	9349
3815	9350
8206	9351
2761	9352
8747	9353
2862	9354
6775	9355
4044	9356
9067	9357
6288	9358
4114	9359
4438	9360
7102	9361
8496	9362
1625	9363
1688	9364
1759	9365
7011	9366
79	9367
3623	9368
2984	9369
6352	9370
1122	9371
2750	9372
2228	9373
4966	9374
1056	9375
1216	9376
4136	9377
6833	9378
2389	9379
2484	9380
1941	9381
4976	9382
8585	9383
577	9384
7511	9385
4421	9386
3594	9387
4630	9388
6545	9389
3572	9390
1364	9391
5363	9392
2937	9393
426	9394
3753	9395
7373	9396
9342	9397
4652	9398
2466	9399
6684	9400
7424	9401
8513	9402
1884	9403
5252	9404
59	9405
6439	9406
7761	9407
9159	9408
5747	9409
6791	9410
7008	9411
5955	9412
775	9413
481	9414
86	9415
4938	9416
6077	9417
1647	9418
2333	9419
5174	9420
1000	9421
565	9422
3731	9423
8877	9424
9312	9425
6829	9426
919	9427
9602	9428
2020	9429
3251	9430
4608	9431
7814	9432
3	9433
2500	9434
5959	9435
2664	9436
1587	9437
2660	9438
5792	9439
2861	9440
551	9441
1717	9442
152	9443
2553	9444
5536	9445
2365	9446
2762	9447
2980	9448
8684	9449
2417	9450
8282	9451
2160	9452
5917	9453
8829	9454
4143	9455
2471	9456
1551	9457
9263	9458
100	9459
1055	9460
4536	9461
5245	9462
1865	9463
6448	9464
9652	9465
4	9466
4447	9467
5670	9468
549	9469
6980	9470
6553	9471
7892	9472
5441	9473
3646	9474
5055	9475
6808	9476
4599	9477
7288	9478
7002	9479
3168	9480
7156	9481
988	9482
5577	9483
3584	9484
3738	9485
8224	9486
6987	9487
4352	9488
8555	9489
789	9490
491	9491
1668	9492
5417	9493
492	9494
5741	9495
2972	9496
3257	9497
4223	9498
9265	9499
4210	9500
3316	9501
9348	9502
7485	9503
4659	9504
7172	9505
9131	9506
8874	9507
2269	9508
1370	9509
955	9510
2615	9511
8242	9512
6827	9513
1500	9514
5497	9515
4751	9516
4452	9517
2502	9518
8340	9519
3496	9520
3621	9521
6812	9522
3685	9523
6759	9524
5858	9525
9558	9526
5164	9527
246	9528
69	9529
4577	9530
3686	9531
2296	9532
8921	9533
1570	9534
2	9535
84	9536
5148	9537
9052	9538
1084	9539
170	9540
1531	9541
6381	9542
3695	9543
8987	9544
9533	9545
9000	9546
7170	9547
2021	9548
6811	9549
2577	9550
3095	9551
5378	9552
2770	9553
3715	9554
4009	9555
4065	9556
3641	9557
6480	9558
28	9559
5971	9560
5059	9561
83	9562
3586	9563
7025	9564
7259	9565
4230	9566
1396	9567
1345	9568
2562	9569
7483	9570
4798	9571
1927	9572
3746	9573
924	9574
196	9575
1796	9576
8245	9577
1065	9578
5986	9579
1732	9580
7627	9581
5193	9582
4538	9583
7606	9584
1043	9585
2008	9586
2567	9587
4880	9588
5646	9589
5450	9590
4018	9591
9477	9592
1839	9593
7706	9594
5510	9595
5970	9596
3291	9597
4776	9598
3333	9599
1859	9600
5548	9601
168	9602
1385	9603
9153	9604
8842	9605
1148	9606
4378	9607
8846	9608
3451	9609
6297	9610
3354	9611
7581	9612
2088	9613
7971	9614
3372	9615
7457	9616
5166	9617
5690	9618
711	9619
8807	9620
7711	9621
6477	9622
7456	9623
7587	9624
6965	9625
9296	9626
1308	9627
387	9628
1447	9629
9129	9630
3404	9631
4831	9632
7150	9633
7776	9634
8850	9635
2963	9636
3237	9637
6607	9638
8416	9639
8082	9640
3833	9641
9722	9642
5585	9643
3058	9644
7874	9645
4756	9646
3152	9647
7340	9648
1820	9649
8215	9650
1996	9651
9472	9652
400	9653
4419	9654
1248	9655
1846	9656
10	9657
123	9658
6401	9659
5017	9660
2834	9661
139	9662
1747	9663
836	9664
8204	9665
428	9666
5924	9667
3216	9668
1030	9669
4545	9670
5680	9671
455	9672
6280	9673
5385	9674
6156	9675
7387	9676
6409	9677
3730	9678
6766	9679
170	9680
8444	9681
6313	9682
8879	9683
2691	9684
3070	9685
7165	9686
8573	9687
8239	9688
3675	9689
3248	9690
2390	9691
7474	9692
5320	9693
6142	9694
254	9695
7151	9696
60	9697
6127	9698
4566	9699
4755	9700
9104	9701
4238	9702
7967	9703
8112	9704
6793	9705
2243	9706
803	9707
8506	9708
7325	9709
8505	9710
1580	9711
813	9712
8752	9713
4825	9714
8329	9715
801	9716
8659	9717
2082	9718
4821	9719
1592	9720
7624	9721
6331	9722
2626	9723
1586	9724
1605	9725
7818	9726
8066	9727
7169	9728
2415	9729
6534	9730
4211	9731
4660	9732
5843	9733
6561	9734
4372	9735
3891	9736
5935	9737
9076	9738
2735	9739
1319	9740
5791	9741
934	9742
652	9743
7583	9744
6293	9745
314	9746
9010	9747
3203	9748
954	9749
7314	9750
3130	9751
4636	9752
5989	9753
5268	9754
3913	9755
1876	9756
3454	9757
1582	9758
5116	9759
5608	9760
3914	9761
1581	9762
1640	9763
961	9764
2668	9765
4884	9766
2170	9767
5269	9768
1420	9769
7065	9770
5799	9771
9150	9772
3706	9773
6876	9774
2475	9775
640	9776
3102	9777
6312	9778
4777	9779
342	9780
7857	9781
4833	9782
7732	9783
333	9784
8359	9785
8758	9786
3877	9787
8030	9788
6357	9789
4269	9790
9433	9791
2647	9792
6945	9793
1694	9794
5712	9795
3113	9796
9181	9797
5398	9798
1356	9799
6442	9800
1821	9801
868	9802
4771	9803
821	9804
149	9805
8825	9806
1932	9807
9218	9808
4461	9809
5725	9810
9292	9811
7455	9812
1204	9813
8932	9814
2153	9815
6549	9816
9394	9817
173	9818
3890	9819
5494	9820
3791	9821
920	9822
1589	9823
6947	9824
3349	9825
5469	9826
4476	9827
9573	9828
8755	9829
696	9830
5592	9831
8894	9832
6774	9833
769	9834
7103	9835
422	9836
5021	9837
6837	9838
6747	9839
7336	9840
9507	9841
2080	9842
9789	9843
3825	9844
6240	9845
7118	9846
8114	9847
7533	9848
7088	9849
1203	9850
5448	9851
65	9852
2072	9853
8569	9854
6611	9855
3368	9856
7046	9857
8588	9858
8227	9859
7837	9860
2844	9861
287	9862
7413	9863
1887	9864
8333	9865
7213	9866
7464	9867
3655	9868
5952	9869
9194	9870
5096	9871
9377	9872
3788	9873
61	9874
2210	9875
4627	9876
4891	9877
2295	9878
7086	9879
3055	9880
9511	9881
6975	9882
1951	9883
125	9884
5957	9885
1054	9886
5432	9887
4617	9888
6332	9889
3723	9890
7356	9891
4855	9892
8037	9893
6418	9894
4951	9895
866	9896
2418	9897
9748	9898
6478	9899
8453	9900
6542	9901
2314	9902
4158	9903
6400	9904
8768	9905
6124	9906
7897	9907
4035	9908
398	9909
8485	9910
1606	9911
7630	9912
8757	9913
8749	9914
9258	9915
199	9916
7982	9917
3999	9918
745	9919
9144	9920
1183	9921
1901	9922
9776	9923
4626	9924
8880	9925
3768	9926
8972	9927
797	9928
38	9929
3725	9930
8430	9931
1638	9932
122	9933
5065	9934
6354	9935
4743	9936
4881	9937
6367	9938
3657	9939
9151	9940
322	9941
8123	9942
9721	9943
8899	9944
3977	9945
3410	9946
1275	9947
9453	9948
7909	9949
8787	9950
5893	9951
8323	9952
3395	9953
4779	9954
7676	9955
2859	9956
2876	9957
5491	9958
3546	9959
2262	9960
7714	9961
366	9962
9699	9963
5184	9964
6173	9965
5531	9966
8536	9967
1680	9968
130	9969
612	9970
297	9971
57	9972
6529	9973
8916	9974
8017	9975
186	9976
5270	9977
3446	9978
9305	9979
5158	9980
8278	9981
7699	9982
1793	9983
9549	9984
7393	9985
8509	9986
2881	9987
9338	9988
1908	9989
5529	9990
1224	9991
7076	9992
2348	9993
4046	9994
1992	9995
6125	9996
3653	9997
6134	9998
5458	9999
9339	10000
