3034	1
8947	2
1478	3
8746	4
7527	5
6569	6
8798	7
3342	8
7206	9
7015	10
8167	11
3199	12
599	13
8192	14
4486	15
7012	16
9593	17
3155	18
7101	19
3872	20
4345	21
5023	22
5297	23
6500	24
731	25
3064	26
7441	27
7809	28
5528	29
7442	30
4336	31
3092	32
4140	33
4246	34
7210	35
3659	36
4786	37
6945	38
4396	39
4710	40
4182	41
6464	42
5542	43
3418	44
2649	45
6959	46
711	47
4166	48
5028	49
6697	50
6698	51
3917	52
4338	53
5033	54
7798	55
5235	56
598	57
7646	58
4158	59
5237	60
6044	61
6684	62
5002	63
4722	64
672	65
7617	66
3923	67
1461	68
5569	69
3138	70
4349	71
6480	72
3913	73
5079	74
6022	75
1468	76
657	77
4395	78
3087	79
7434	80
4724	81
4168	82
5268	83
5062	84
3613	85
3632	86
7246	87
3401	88
3373	89
5016	90
5517	91
3434	92
6006	93
656	94
7429	95
7214	96
5017	97
5867	98
5052	99
4188	100
3366	101
5029	102
6482	103
4771	104
6626	105
4356	106
7613	107
5813	108
5810	109
4358	110
7658	111
7202	112
3906	113
4153	114
3123	115
3103	116
5869	117
4201	118
7233	119
3116	120
6494	121
6051	122
3086	123
4361	124
6503	125
4736	126
2072	127
2661	128
4189	129
2669	130
2627	131
2652	132
5020	133
6685	134
16	135
6228	136
7803	137
6453	138
6229	139
7818	140
6033	141
3925	142
3407	143
3926	144
3097	145
3901	146
3403	147
6927	148
4204	149
3104	150
6054	151
6508	152
3879	153
5324	154
3082	155
1433	156
6918	157
3646	158
4343	159
4375	160
5316	161
6987	162
2038	163
5531	164
3928	165
7464	166
7236	167
4427	168
3162	169
199	170
276	171
5250	172
3405	173
5804	174
1416	175
7237	176
3158	177
4154	178
3609	179
3590	180
4180	181
7200	182
5262	183
6274	184
3653	185
5047	186
6650	187
4805	188
6942	189
7223	190
49	191
4238	192
6670	193
6058	194
4215	195
3347	196
4261	197
63	198
5449	199
8429	200
8730	201
7727	202
4690	203
6278	204
5503	205
4947	206
6055	207
6100	208
8608	209
6219	210
1940	211
8450	212
4355	213
5978	214
6865	215
3377	216
6830	217
6805	218
1239	219
8665	220
4562	221
8442	222
6585	223
5060	224
1813	225
8917	226
1663	227
7958	228
5486	229
7028	230
3990	231
2516	232
2523	233
471	234
1826	235
913	236
3038	237
9411	238
3537	239
2458	240
5688	241
1606	242
8984	243
6021	244
9687	245
8237	246
8764	247
5388	248
3111	249
8913	250
1467	251
1832	252
1122	253
6301	254
6394	255
6298	256
8081	257
3194	258
1932	259
2729	260
1955	261
945	262
3362	263
2255	264
1463	265
1718	266
2742	267
5122	268
8910	269
4491	270
3496	271
4459	272
7457	273
2790	274
4015	275
783	276
373	277
2189	278
1288	279
4172	280
6379	281
5432	282
1660	283
1552	284
8861	285
1143	286
6450	287
1161	288
1249	289
8359	290
1212	291
5236	292
9463	293
8428	294
2365	295
1670	296
1148	297
1943	298
8972	299
8251	300
8970	301
223	302
3341	303
2873	304
4020	305
7088	306
1165	307
7035	308
2783	309
4960	310
2762	311
1567	312
6172	313
8631	314
8276	315
8699	316
8675	317
8797	318
1475	319
7354	320
9139	321
4054	322
5632	323
3935	324
4868	325
472	326
7856	327
7225	328
7469	329
2487	330
3817	331
9646	332
5851	333
4721	334
7450	335
4730	336
5613	337
7235	338
4364	339
762	340
6367	341
8207	342
1186	343
6970	344
5937	345
3852	346
962	347
2575	348
8203	349
9188	350
4826	351
137	352
4845	353
33	354
8963	355
6592	356
4411	357
227	358
5381	359
3748	360
4016	361
7880	362
180	363
191	364
5410	365
5669	366
3747	367
8531	368
251	369
97	370
7437	371
5940	372
8562	373
8580	374
3187	375
1745	376
8960	377
2136	378
5899	379
3546	380
5384	381
5395	382
8758	383
9254	384
9405	385
9226	386
562	387
2953	388
6448	389
988	390
4325	391
9001	392
2715	393
3778	394
2451	395
3940	396
3355	397
4155	398
2947	399
6284	400
6965	401
7912	402
5413	403
1277	404
9250	405
9256	406
2992	407
52	408
5516	409
2977	410
1195	411
7650	412
2525	413
1275	414
1471	415
3971	416
2102	417
6899	418
3402	419
2899	420
1229	421
4769	422
728	423
330	424
858	425
5462	426
4146	427
9446	428
207	429
1284	430
2074	431
1689	432
1654	433
883	434
6929	435
4023	436
8208	437
3023	438
1006	439
1630	440
9430	441
852	442
6002	443
7903	444
6736	445
4482	446
4593	447
8218	448
6399	449
7328	450
3223	451
3793	452
8628	453
6373	454
6629	455
2679	456
1964	457
3842	458
1555	459
1757	460
4795	461
1853	462
3382	463
6605	464
8578	465
3259	466
1928	467
8399	468
1721	469
831	470
8042	471
8651	472
6551	473
383	474
9195	475
2690	476
415	477
9645	478
8844	479
8783	480
2356	481
6442	482
1605	483
282	484
9514	485
3421	486
2514	487
9406	488
2983	489
4812	490
739	491
2236	492
8875	493
3994	494
2436	495
5465	496
4255	497
6598	498
1071	499
7209	500
908	501
2714	502
9362	503
6092	504
5629	505
3664	506
9141	507
9211	508
894	509
2279	510
5172	511
9312	512
915	513
3943	514
8164	515
2832	516
1944	517
5098	518
1609	519
4700	520
2503	521
4183	522
5604	523
2821	524
4903	525
466	526
7108	527
4673	528
6497	529
5690	530
5866	531
9570	532
4904	533
7777	534
867	535
2036	536
2914	537
8025	538
3469	539
9253	540
3507	541
8066	542
1307	543
727	544
550	545
7459	546
2173	547
336	548
4220	549
3712	550
9669	551
9190	552
2645	553
2157	554
835	555
8297	556
5932	557
3344	558
5272	559
6890	560
4094	561
1117	562
8588	563
148	564
1511	565
5496	566
8829	567
6580	568
1358	569
5424	570
7372	571
3887	572
372	573
2466	574
371	575
33	576
366	577
3519	578
8605	579
7651	580
4099	581
9269	582
8936	583
1115	584
3894	585
7538	586
5142	587
8524	588
595	589
7184	590
9120	591
5097	592
7188	593
9738	594
7177	595
3520	596
757	597
247	598
5765	599
8634	600
5938	601
2099	602
4609	603
8867	604
3280	605
1128	606
2545	607
8646	608
960	609
2428	610
9583	611
5586	612
2239	613
8747	614
617	615
4646	616
9629	617
9756	618
2549	619
8908	620
7654	621
3617	622
6810	623
9571	624
5678	625
5761	626
9754	627
3466	628
9319	629
4752	630
9313	631
3533	632
5461	633
2278	634
7347	635
1432	636
5072	637
1521	638
361	639
3595	640
1140	641
9388	642
6079	643
875	644
9085	645
107	646
7443	647
71	648
5798	649
7245	650
6433	651
9284	652
1631	653
8558	654
8028	655
2252	656
4434	657
6071	658
4526	659
4460	660
9017	661
7377	662
8236	663
5873	664
1131	665
4018	666
6649	667
572	668
2482	669
8417	670
5883	671
3351	672
4727	673
6763	674
8982	675
4681	676
75	677
8227	678
1324	679
1768	680
7987	681
3415	682
8426	683
2674	684
4305	685
7476	686
9317	687
7841	688
3430	689
1163	690
4296	691
7212	692
4918	693
9080	694
3612	695
5708	696
4174	697
1539	698
4833	699
664	700
9462	701
8969	702
8234	703
3102	704
3919	705
3282	706
2686	707
1673	708
82	709
2750	710
4416	711
307	712
6135	713
1412	714
166	715
9091	716
3394	717
7608	718
1810	719
3391	720
1749	721
9525	722
6975	723
3153	724
7623	725
585	726
4149	727
3505	728
5408	729
9603	730
4253	731
8434	732
7992	733
175	734
7675	735
1078	736
6083	737
8934	738
7398	739
6030	740
8771	741
6445	742
2203	743
6735	744
7896	745
5538	746
4033	747
3964	748
5807	749
7874	750
141	751
904	752
1472	753
2755	754
7419	755
761	756
8089	757
5244	758
7032	759
7302	760
890	761
3231	762
140	763
28	764
4476	765
2929	766
394	767
3986	768
7251	769
5696	770
6309	771
5299	772
9013	773
6979	774
3276	775
6427	776
2178	777
2552	778
7975	779
5275	780
8530	781
3946	782
365	783
4095	784
541	785
3718	786
9163	787
1303	788
1262	789
963	790
8030	791
5835	792
194	793
5557	794
2902	795
958	796
7367	797
3417	798
809	799
3846	800
3593	801
4767	802
1336	803
3354	804
2758	805
5724	806
1177	807
1638	808
1528	809
5026	810
173	811
5621	812
7961	813
7265	814
7371	815
2814	816
3078	817
613	818
6955	819
1685	820
2878	821
2016	822
7991	823
3598	824
1732	825
8781	826
1151	827
8862	828
6265	829
7159	830
8397	831
8929	832
1160	833
6489	834
5520	835
2261	836
4703	837
8223	838
5776	839
8846	840
5754	841
7394	842
6595	843
1997	844
2	845
4472	846
1192	847
3463	848
3662	849
6876	850
5438	851
7308	852
6712	853
4073	854
8673	855
2338	856
6446	857
6737	858
9772	859
862	860
2681	861
1649	862
3459	863
8348	864
3868	865
7414	866
2165	867
2746	868
1622	869
788	870
8731	871
5524	872
6170	873
5290	874
7255	875
3647	876
4110	877
5577	878
1004	879
1680	880
316	881
8791	882
2116	883
5065	884
3850	885
7451	886
7884	887
7291	888
4143	889
4891	890
4585	891
4801	892
7963	893
5409	894
5341	895
7473	896
25	897
4424	898
1283	899
7238	900
8508	901
7999	902
54	903
5365	904
7151	905
286	906
2097	907
177	908
4210	909
8131	910
2474	911
9614	912
31	913
308	914
8331	915
9769	916
4429	917
803	918
6741	919
8281	920
8667	921
3005	922
6122	923
1134	924
6699	925
3685	926
9278	927
6933	928
8733	929
5697	930
2495	931
24	932
83	933
8240	934
5625	935
8547	936
7166	937
1716	938
3960	939
8962	940
7260	941
5358	942
8460	943
4620	944
7010	945
776	946
4011	947
6567	948
4131	949
500	950
9468	951
23	952
7972	953
560	954
742	955
226	956
1950	957
2477	958
6104	959
6328	960
2937	961
9650	962
1790	963
7247	964
124	965
1553	966
4101	967
8364	968
2290	969
4463	970
3711	971
219	972
224	973
6815	974
2391	975
7415	976
4453	977
8478	978
378	979
8583	980
4970	981
753	982
1220	983
4821	984
5700	985
5006	986
3384	987
5240	988
3030	989
3766	990
8566	991
7813	992
3397	993
1046	994
7588	995
6562	996
1993	997
6785	998
7862	999
34	1000
8057	1001
7396	1002
1436	1003
6180	1004
7615	1005
3614	1006
3857	1007
4477	1008
9061	1009
7351	1010
7537	1011
5011	1012
4362	1013
3623	1014
7852	1015
9023	1016
9296	1017
7077	1018
9768	1019
8078	1020
2506	1021
3358	1022
7780	1023
6956	1024
7967	1025
4404	1026
5469	1027
682	1028
78	1029
7714	1030
4353	1031
3494	1032
5968	1033
8263	1034
4669	1035
4653	1036
5890	1037
8830	1038
4597	1039
5102	1040
6199	1041
2570	1042
9587	1043
1164	1044
3275	1045
1632	1046
2303	1047
5351	1048
287	1049
3065	1050
7046	1051
8179	1052
7614	1053
9598	1054
4292	1055
5936	1056
9673	1057
3522	1058
3875	1059
7054	1060
216	1061
3410	1062
1922	1063
5500	1064
3786	1065
459	1066
1	1067
2925	1068
9796	1069
5960	1070
6332	1071
395	1072
9443	1073
3588	1074
7973	1075
4024	1076
7018	1077
2801	1078
8253	1079
9471	1080
3745	1081
3149	1082
401	1083
3145	1084
8387	1085
2680	1086
2061	1087
9674	1088
87	1089
2321	1090
3984	1091
2811	1092
1155	1093
461	1094
9186	1095
6745	1096
6583	1097
7849	1098
4884	1099
2917	1100
8773	1101
8565	1102
7140	1103
8523	1104
6589	1105
8190	1106
8607	1107
7645	1108
9110	1109
1915	1110
119	1111
1218	1112
4272	1113
8107	1114
7526	1115
2989	1116
6153	1117
9782	1118
7706	1119
9237	1120
1045	1121
323	1122
1052	1123
4059	1124
8217	1125
9297	1126
2059	1127
8800	1128
8026	1129
6656	1130
9043	1131
2334	1132
4546	1133
7193	1134
9350	1135
2677	1136
8469	1137
42	1138
1080	1139
2150	1140
9193	1141
6420	1142
5032	1143
7453	1144
6017	1145
5195	1146
5210	1147
4408	1148
3207	1149
113	1150
295	1151
787	1152
6097	1153
5191	1154
8942	1155
775	1156
4851	1157
100	1158
2366	1159
5820	1160
2453	1161
6478	1162
4237	1163
3291	1164
437	1165
2540	1166
949	1167
5146	1168
9056	1169
8	1170
1079	1171
3625	1172
1031	1173
7710	1174
2721	1175
9489	1176
6638	1177
555	1178
4774	1179
6062	1180
1699	1181
5939	1182
8948	1183
7663	1184
5051	1185
5944	1186
5099	1187
7329	1188
7317	1189
7045	1190
6350	1191
2399	1192
7711	1193
1920	1194
8118	1195
6993	1196
7105	1197
6996	1198
306	1199
4063	1200
6314	1201
8682	1202
6657	1203
2613	1204
1101	1205
5779	1206
2040	1207
4820	1208
4402	1209
6333	1210
1062	1211
4948	1212
2557	1213
6995	1214
8622	1215
665	1216
580	1217
258	1218
256	1219
6108	1220
4052	1221
6531	1222
8288	1223
7332	1224
2504	1225
8784	1226
4254	1227
7511	1228
5327	1229
9376	1230
5396	1231
5583	1232
2139	1233
5013	1234
1979	1235
746	1236
9460	1237
2404	1238
1292	1239
178	1240
964	1241
4425	1242
4417	1243
6019	1244
2431	1245
8679	1246
7753	1247
3129	1248
5040	1249
1289	1250
2691	1251
2090	1252
5166	1253
9392	1254
9309	1255
1899	1256
2764	1257
5746	1258
9469	1259
4214	1260
4324	1261
3340	1262
2493	1263
6948	1264
4268	1265
7695	1266
674	1267
1786	1268
8356	1269
6113	1270
5136	1271
895	1272
277	1273
144	1274
2907	1275
9352	1276
7827	1277
3423	1278
49	1279
5339	1280
8782	1281
4928	1282
6732	1283
5075	1284
88	1285
3811	1286
35	1287
4334	1288
4032	1289
8170	1290
8710	1291
9144	1292
7094	1293
6548	1294
7227	1295
619	1296
6136	1297
4684	1298
6934	1299
9727	1300
6310	1301
340	1302
7508	1303
712	1304
1958	1305
568	1306
5320	1307
3640	1308
2389	1309
9677	1310
237	1311
1118	1312
6872	1313
7228	1314
4439	1315
6905	1316
6677	1317
3604	1318
9704	1319
348	1320
3211	1321
1546	1322
825	1323
6588	1324
8419	1325
176	1326
2479	1327
4558	1328
2476	1329
9132	1330
5284	1331
9532	1332
244	1333
5455	1334
3822	1335
1906	1336
7040	1337
1296	1338
6624	1339
3644	1340
5383	1341
5908	1342
6549	1343
6378	1344
3385	1345
1954	1346
1653	1347
5658	1348
358	1349
1904	1350
9131	1351
404	1352
2950	1353
456	1354
8857	1355
744	1356
785	1357
6863	1358
7423	1359
5827	1360
296	1361
8785	1362
4626	1363
7008	1364
1166	1365
7600	1366
4815	1367
4019	1368
9332	1369
322	1370
8306	1371
1907	1372
20	1373
3551	1374
8213	1375
6691	1376
6509	1377
1221	1378
3583	1379
4985	1380
884	1381
1268	1382
5267	1383
5815	1384
9450	1385
4998	1386
5846	1387
8128	1388
7004	1389
2060	1390
6235	1391
7819	1392
491	1393
5657	1394
4799	1395
2272	1396
2723	1397
4885	1398
6771	1399
4121	1400
1385	1401
376	1402
586	1403
5477	1404
7717	1405
8046	1406
4295	1407
3303	1408
7584	1409
3552	1410
4530	1411
504	1412
732	1413
9588	1414
2777	1415
4119	1416
3974	1417
9566	1418
3202	1419
2408	1420
8226	1421
1866	1422
4398	1423
2671	1424
5493	1425
9524	1426
9522	1427
2194	1428
1761	1429
2969	1430
9099	1431
5645	1432
5891	1433
8893	1434
8869	1435
44	1436
2484	1437
2843	1438
4164	1439
8532	1440
4123	1441
3245	1442
7249	1443
7513	1444
1783	1445
7551	1446
675	1447
5903	1448
3293	1449
7657	1450
7897	1451
8451	1452
2325	1453
3800	1454
5015	1455
1850	1456
90	1457
2924	1458
827	1459
6165	1460
691	1461
2107	1462
7833	1463
8775	1464
8708	1465
1526	1466
98	1467
8805	1468
6312	1469
4228	1470
1825	1471
7041	1472
9714	1473
7493	1474
8173	1475
1698	1476
2682	1477
2940	1478
8060	1479
8389	1480
3219	1481
5833	1482
9478	1483
7910	1484
9170	1485
7528	1486
2782	1487
3316	1488
8776	1489
9656	1490
8316	1491
7017	1492
5330	1493
3605	1494
2472	1495
4178	1496
2543	1497
1152	1498
7339	1499
9166	1500
6161	1501
916	1502
1628	1503
1129	1504
9750	1505
8642	1506
9597	1507
4217	1508
5748	1509
3258	1510
1331	1511
5805	1512
2245	1513
2584	1514
7067	1515
6716	1516
3724	1517
9605	1518
1874	1519
5870	1520
7165	1521
8921	1522
9741	1523
9258	1524
6182	1525
2587	1526
2771	1527
7404	1528
5502	1529
6317	1530
1415	1531
6316	1532
2738	1533
2440	1534
61	1535
8257	1536
2066	1537
3961	1538
2702	1539
7275	1540
4293	1541
1910	1542
2569	1543
5335	1544
109	1545
6616	1546
2145	1547
2257	1548
4706	1549
1707	1550
5397	1551
9344	1552
8938	1553
8941	1554
1803	1555
646	1556
1404	1557
1228	1558
8435	1559
6728	1560
4167	1561
42	1562
5564	1563
4787	1564
6786	1565
3314	1566
5699	1567
647	1568
1330	1569
7272	1570
2117	1571
451	1572
2784	1573
6901	1574
6696	1575
6496	1576
7253	1577
510	1578
6869	1579
6930	1580
5951	1581
3348	1582
8520	1583
7258	1584
2745	1585
300	1586
5514	1587
8186	1588
2775	1589
2951	1590
1325	1591
7563	1592
2737	1593
8420	1594
685	1595
596	1596
261	1597
997	1598
2654	1599
6653	1600
7587	1601
6774	1602
4548	1603
8283	1604
2208	1605
9434	1606
7990	1607
8287	1608
6476	1609
1223	1610
9222	1611
9078	1612
9396	1613
7607	1614
1887	1615
4502	1616
9420	1617
7095	1618
9248	1619
2887	1620
2496	1621
7056	1622
9304	1623
2956	1624
6319	1625
6823	1626
2928	1627
4634	1628
1231	1629
6841	1630
9209	1631
4564	1632
6787	1633
6362	1634
2884	1635
9426	1636
9380	1637
480	1638
1892	1639
2423	1640
9510	1641
4810	1642
2260	1643
356	1644
6388	1645
310	1646
120	1647
9657	1648
4586	1649
2533	1650
9155	1651
1891	1652
9271	1653
2693	1654
8285	1655
6578	1656
9435	1657
2885	1658
4621	1659
9397	1660
1851	1661
9290	1662
6778	1663
8873	1664
1867	1665
9543	1666
528	1667
7117	1668
1905	1669
6341	1670
6563	1671
7192	1672
2457	1673
1903	1674
4160	1675
3587	1676
5573	1677
4527	1678
6577	1679
9081	1680
4485	1681
9113	1682
6820	1683
4572	1684
494	1685
1242	1686
9536	1687
4576	1688
7089	1689
9505	1690
4483	1691
2912	1692
92	1693
92	1694
6194	1695
4592	1696
1271	1697
9234	1698
9229	1699
6622	1700
7050	1701
4860	1702
1987	1703
2921	1704
1506	1705
4303	1706
6793	1707
3424	1708
1270	1709
1879	1710
3389	1711
522	1712
1409	1713
1513	1714
5952	1715
6318	1716
8071	1717
7504	1718
1273	1719
9408	1720
514	1721
8587	1722
3416	1723
7628	1724
7240	1725
4283	1726
1828	1727
2465	1728
618	1729
7383	1730
7909	1731
9493	1732
2944	1733
5441	1734
5829	1735
2346	1736
5265	1737
7421	1738
2666	1739
2546	1740
5292	1741
1355	1742
1980	1743
1871	1744
1464	1745
9090	1746
3096	1747
1918	1748
2850	1749
1240	1750
6276	1751
8689	1752
7427	1753
876	1754
6627	1755
1406	1756
1925	1757
9595	1758
789	1759
5981	1760
8659	1761
8074	1762
193	1763
8828	1764
5340	1765
924	1766
6288	1767
2892	1768
697	1769
6976	1770
5572	1771
606	1772
9382	1773
4130	1774
4533	1775
748	1776
6036	1777
6757	1778
178	1779
3870	1780
5323	1781
8952	1782
8537	1783
7439	1784
8095	1785
2749	1786
9038	1787
5740	1788
4683	1789
758	1790
8119	1791
1427	1792
6874	1793
564	1794
6076	1795
4420	1796
6443	1797
8086	1798
4474	1799
8790	1800
211	1801
7170	1802
2967	1803
2664	1804
8194	1805
6917	1806
1002	1807
8526	1808
7373	1809
940	1810
3902	1811
7497	1812
9156	1813
2172	1814
6781	1815
1298	1816
2141	1817
6723	1818
1573	1819
942	1820
2151	1821
4264	1822
5950	1823
2915	1824
9046	1825
5489	1826
1232	1827
3905	1828
1356	1829
543	1830
250	1831
1188	1832
6184	1833
6149	1834
9658	1835
1947	1836
7732	1837
2264	1838
8327	1839
570	1840
2044	1841
9349	1842
2351	1843
1571	1844
7925	1845
3455	1846
4203	1847
6769	1848
3240	1849
9425	1850
5640	1851
1051	1852
6576	1853
5491	1854
8091	1855
1646	1856
7376	1857
9205	1858
9539	1859
9424	1860
2450	1861
5271	1862
6581	1863
2186	1864
2306	1865
9735	1866
8715	1867
3516	1868
5178	1869
4373	1870
5992	1871
637	1872
4381	1873
1074	1874
1703	1875
2175	1876
5004	1877
724	1878
5536	1879
4931	1880
9438	1881
8993	1882
2421	1883
4507	1884
8804	1885
186	1886
7104	1887
1543	1888
5256	1889
4186	1890
1159	1891
4966	1892
3885	1893
8198	1894
4792	1895
7366	1896
3506	1897
1842	1898
6126	1899
1794	1900
7791	1901
5566	1902
3586	1903
527	1904
4560	1905
4021	1906
3860	1907
4745	1908
5848	1909
4511	1910
5134	1911
3359	1912
8267	1913
9558	1914
5044	1915
4912	1916
9611	1917
3853	1918
2662	1919
1465	1920
1316	1921
410	1922
2461	1923
7123	1924
5922	1925
8454	1926
1524	1927
1678	1928
6964	1929
4789	1930
4378	1931
7913	1932
51	1933
1397	1934
4764	1935
9244	1936
5608	1937
3294	1938
1254	1939
1453	1940
3400	1941
4161	1942
1844	1943
9030	1944
102	1945
4578	1946
5901	1947
8977	1948
7863	1949
5731	1950
7805	1951
2763	1952
1755	1953
4869	1954
1868	1955
3266	1956
5200	1957
6635	1958
2052	1959
723	1960
3955	1961
9538	1962
8062	1963
5552	1964
7495	1965
7837	1966
4208	1967
4565	1968
7595	1969
9187	1970
2770	1971
839	1972
1189	1973
2610	1974
3439	1975
1183	1976
1889	1977
255	1978
7964	1979
3336	1980
6384	1981
8569	1982
7772	1983
9069	1984
5677	1985
2336	1986
8036	1987
3851	1988
5726	1989
4549	1990
5447	1991
7804	1992
8204	1993
632	1994
1410	1995
2632	1996
3927	1997
9231	1998
9794	1999
1037	2000
5718	2001
2281	2002
6315	2003
7379	2004
8004	2005
816	2006
6410	2007
3013	2008
4606	2009
9279	2010
4437	2011
2241	2012
6868	2013
8585	2014
6702	2015
1604	2016
6884	2017
2174	2018
1111	2019
6593	2020
1266	2021
526	2022
4010	2023
3515	2024
7489	2025
9601	2026
7888	2027
8512	2028
2698	2029
3776	2030
4392	2031
3164	2032
6837	2033
3568	2034
7793	2035
1420	2036
397	2037
1720	2038
6565	2039
8264	2040
2868	2041
9201	2042
6103	2043
1652	2044
38	2045
3489	2046
5055	2047
1728	2048
793	2049
4510	2050
3972	2051
6325	2052
5067	2053
7806	2054
6221	2055
1414	2056
6034	2057
2494	2058
7536	2059
5816	2060
5414	2061
7633	2062
9745	2063
853	2064
4017	2065
1484	2066
7718	2067
925	2068
8717	2069
214	2070
8339	2071
5402	2072
2191	2073
7726	2074
188	2075
2286	2076
9272	2077
8404	2078
8950	2079
2193	2080
3675	2081
2413	2082
4370	2083
1807	2084
8152	2085
8753	2086
81	2087
4943	2088
4732	2089
2411	2090
5415	2091
5920	2092
7162	2093
370	2094
34	2095
473	2096
3217	2097
4005	2098
7280	2099
4291	2100
9182	2101
5425	2102
8151	2103
2820	2104
8671	2105
3236	2106
1565	2107
7337	2108
8308	2109
2825	2110
3176	2111
8461	2112
4618	2113
1824	2114
7720	2115
5929	2116
2845	2117
8344	2118
5041	2119
9044	2120
9659	2121
5918	2122
14	2123
27	2124
5615	2125
795	2126
8954	2127
8714	2128
2033	2129
8160	2130
47	2131
9751	2132
1618	2133
2860	2134
2568	2135
2786	2136
22	2137
2612	2138
6743	2139
8860	2140
5672	2141
2387	2142
7183	2143
8639	2144
943	2145
2553	2146
28	2147
6110	2148
3021	2149
3108	2150
4169	2151
8010	2152
9084	2153
5152	2154
101	2155
9368	2156
225	2157
1040	2158
1817	2159
5371	2160
1556	2161
5133	2162
102	2163
7729	2164
5617	2165
1	2166
7944	2167
475	2168
3789	2169
485	2170
8843	2171
1839	2172
8728	2173
7785	2174
8856	2175
7522	2176
3490	2177
7864	2178
7022	2179
81	2180
2711	2181
4818	2182
1035	2183
1564	2184
2297	2185
8750	2186
3438	2187
8114	2188
9753	2189
86	2190
7264	2191
544	2192
534	2193
7667	2194
4584	2195
4487	2196
4987	2197
6904	2198
7682	2199
9567	2200
9154	2201
5997	2202
4330	2203
3668	2204
7801	2205
692	2206
2547	2207
592	2208
2104	2209
190	2210
1008	2211
1858	2212
5581	2213
8853	2214
8215	2215
6275	2216
8636	2217
1065	2218
5189	2219
6938	2220
5257	2221
5521	2222
3601	2223
3670	2224
2126	2225
4179	2226
5329	2227
9563	2228
8289	2229
7627	2230
2345	2231
2712	2232
1257	2233
9158	2234
2740	2235
4327	2236
574	2237
2997	2238
7659	2239
6896	2240
138	2241
6106	2242
4089	2243
5203	2244
9693	2245
3220	2246
8619	2247
5616	2248
6625	2249
4069	2250
418	2251
1374	2252
1986	2253
4898	2254
6811	2255
4590	2256
5226	2257
8206	2258
2051	2259
452	2260
4386	2261
4704	2262
3003	2263
9763	2264
6981	2265
9005	2266
1233	2267
5504	2268
8228	2269
8700	2270
5904	2271
6052	2272
424	2273
9740	2274
8807	2275
2761	2276
1022	2277
847	2278
4344	2279
6344	2280
7853	2281
7979	2282
3481	2283
9762	2284
8904	2285
5667	2286
1253	2287
3411	2288
342	2289
9167	2290
6095	2291
877	2292
1483	2293
6750	2294
3429	2295
6791	2296
905	2297
3810	2298
9777	2299
6473	2300
705	2301
4514	2302
1681	2303
8084	2304
4113	2305
8902	2306
123	2307
4765	2308
7271	2309
6118	2310
3556	2311
8933	2312
128	2313
4648	2314
9485	2315
8049	2316
6920	2317
3953	2318
1789	2319
5511	2320
2802	2321
8590	2322
3352	2323
8187	2324
4544	2325
209	2326
9384	2327
8930	2328
1082	2329
6204	2330
8486	2331
169	2332
5889	2333
1048	2334
524	2335
7776	2336
7217	2337
3812	2338
8247	2339
6831	2340
6011	2341
9029	2342
5325	2343
8788	2344
9695	2345
4271	2346
9644	2347
5546	2348
833	2349
8133	2350
1200	2351
4385	2352
4241	2353
6218	2354
3785	2355
8654	2356
139	2357
6875	2358
6977	2359
8832	2360
369	2361
3720	2362
9310	2363
1590	2364
8687	2365
7405	2366
4462	2367
159	2368
8765	2369
8318	2370
5544	2371
8475	2372
7283	2373
5404	2374
3550	2375
8660	2376
777	2377
7172	2378
467	2379
8716	2380
2851	2381
1173	2382
996	2383
6138	2384
5411	2385
7370	2386
2857	2387
8102	2388
4973	2389
1554	2390
4499	2391
4561	2392
5336	2393
95	2394
5369	2395
4181	2396
6387	2397
1144	2398
4159	2399
2022	2400
444	2401
893	2402
6114	2403
640	2404
6845	2405
4715	2406
4365	2407
4061	2408
9572	2409
8394	2410
9291	2411
842	2412
4946	2413
3775	2414
3966	2415
9259	2416
4449	2417
367	2418
2828	2419
5555	2420
6421	2421
8864	2422
8385	2423
8575	2424
3541	2425
7969	2426
749	2427
5570	2428
2842	2429
3821	2430
8350	2431
9429	2432
6614	2433
9353	2434
2277	2435
9171	2436
9075	2437
4823	2438
1250	2439
6773	2440
6525	2441
6794	2442
3	2443
7348	2444
5954	2445
8035	2446
2227	2447
9574	2448
4954	2449
439	2450
8358	2451
3924	2452
5721	2453
1502	2454
2383	2455
7345	2456
819	2457
6957	2458
2166	2459
8808	2460
288	2461
7180	2462
6200	2463
8139	2464
8739	2465
430	2466
8509	2467
4162	2468
9331	2469
9776	2470
253	2471
5313	2472
7164	2473
5769	2474
5605	2475
9031	2476
1057	2477
4522	2478
3057	2479
4895	2480
8324	2481
830	2482
8214	2483
8876	2484
264	2485
3937	2486
3524	2487
270	2488
4138	2489
6060	2490
5549	2491
106	2492
7560	2493
8455	2494
6212	2495
70	2496
4725	2497
8159	2498
32	2499
8854	2500
1360	2501
6142	2502
8015	2503
8772	2504
6776	2505
2866	2506
5760	2507
6621	2508
4816	2509
8153	2510
6505	2511
3172	2512
8824	2513
5692	2514
5485	2515
7998	2516
7636	2517
55	2518
9025	2519
608	2520
6402	2521
6339	2522
2444	2523
1326	2524
8734	2525
2772	2526
1185	2527
1860	2528
2419	2529
8463	2530
7325	2531
2799	2532
6266	2533
5676	2534
8906	2535
2695	2536
380	2537
326	2538
5337	2539
2776	2540
2735	2541
6252	2542
1748	2543
1532	2544
7267	2545
9280	2546
9729	2547
7817	2548
4506	2549
8150	2550
4393	2551
8104	2552
8224	2553
3115	2554
5497	2555
7358	2556
1837	2557
8496	2558
1788	2559
2341	2560
8360	2561
5661	2562
5174	2563
407	2564
5008	2565
3239	2566
8043	2567
3794	2568
7263	2569
5153	2570
971	2571
1586	2572
2470	2573
3196	2574
2538	2575
8144	2576
6526	2577
9124	2578
1884	2579
8704	2580
910	2581
7616	2582
4716	2583
8453	2584
5027	2585
7430	2586
9012	2587
381	2588
978	2589
8439	2590
3493	2591
1205	2592
7085	2593
1736	2594
8301	2595
7635	2596
8430	2597
654	2598
2311	2599
8945	2600
3472	2601
6968	2602
670	2603
8925	2604
5096	2605
2159	2606
7544	2607
4540	2608
9774	2609
2198	2610
114	2611
6888	2612
4894	2613
8009	2614
5162	2615
9168	2616
4705	2617
1647	2618
3690	2619
770	2620
1494	2621
3652	2622
9246	2623
4406	2624
2155	2625
1836	2626
7467	2627
2317	2628
941	2629
2371	2630
9569	2631
2807	2632
7662	2633
1001	2634
4876	2635
977	2636
8304	2637
5623	2638
7113	2639
9582	2640
379	2641
6458	2642
8082	2643
519	2644
3320	2645
5391	2646
3012	2647
1017	2648
3888	2649
1403	2650
393	2651
1640	2652
8006	2653
9413	2654
9114	2655
5212	2656
3268	2657
593	2658
6514	2659
4588	2660
355	2661
8252	2662
7701	2663
7702	2664
6798	2665
6880	2666
2975	2667
7859	2668
4290	2669
4702	2670
7518	2671
9718	2672
1831	2673
1206	2674
7155	2675
8195	2676
1549	2677
8743	2678
6183	2679
5790	2680
3771	2681
9292	2682
136	2683
5585	2684
9386	2685
3453	2686
18	2687
5781	2688
8842	2689
6466	2690
4517	2691
5456	2692
46	2693
5956	2694
6150	2695
7327	2696
9263	2697
5642	2698
6040	2699
8870	2700
6692	2701
2468	2702
3970	2703
9423	2704
2647	2705
3921	2706
8664	2707
547	2708
6522	2709
7438	2710
2270	2711
1598	2712
2352	2713
582	2714
2793	2715
1588	2716
100	2717
147	2718
5933	2719
1637	2720
5537	2721
2285	2722
7795	2723
6331	2724
420	2725
1608	2726
9784	2727
8884	2728
2961	2729
8063	2730
7828	2731
2795	2732
3558	2733
641	2734
3751	2735
1005	2736
9027	2737
2363	2738
6852	2739
8235	2740
9299	2741
4096	2742
104	2743
5205	2744
5423	2745
659	2746
2865	2747
8448	2748
6385	2749
6107	2750
3945	2751
6937	2752
8495	2753
9066	2754
4575	2755
8391	2756
2637	2757
5452	2758
5507	2759
2427	2760
4914	2761
26	2762
8076	2763
4383	2764
6848	2765
6909	2766
5959	2767
5479	2768
3473	2769
3725	2770
9561	2771
535	2772
5859	2773
6222	2774
7858	2775
7836	2776
3624	2777
9798	2778
4699	2779
2122	2780
6283	2781
2161	2782
2164	2783
5856	2784
6971	2785
5347	2786
3277	2787
4890	2788
717	2789
2130	2790
2800	2791
6049	2792
3470	2793
1662	2794
8780	2795
8814	2796
1063	2797
9464	2798
8275	2799
8937	2800
8338	2801
440	2802
7507	2803
5554	2804
4950	2805
7698	2806
3656	2807
317	2808
948	2809
2896	2810
3982	2811
3825	2812
5659	2813
1107	2814
1541	2815
4819	2816
105	2817
4938	2818
7132	2819
961	2820
91	2821
8405	2822
6157	2823
828	2824
1730	2825
1456	2826
4401	2827
46	2828
986	2829
389	2830
115	2831
2331	2832
918	2833
1304	2834
3234	2835
4841	2836
9266	2837
3755	2838
9243	2839
3607	2840
5818	2841
9294	2842
18	2843
3999	2844
3049	2845
2445	2846
5154	2847
57	2848
7402	2849
2375	2850
826	2851
2274	2852
5725	2853
5685	2854
6132	2855
4678	2856
4614	2857
9315	2858
3976	2859
6050	2860
8778	2861
9267	2862
14	2863
72	2864
4440	2865
8591	2866
3721	2867
25	2868
6112	2869
9791	2870
8735	2871
58	2872
7781	2873
2639	2874
3195	2875
871	2876
5880	2877
7422	2878
2201	2879
2232	2880
9685	2881
6120	2882
1734	2883
1	2884
4141	2885
7962	2886
412	2887
2824	2888
1332	2889
2909	2890
2169	2891
9088	2892
7482	2893
3050	2894
7410	2895
6401	2896
3707	2897
1545	2898
241	2899
1256	2900
6485	2901
2374	2902
1967	2903
6293	2904
3360	2905
7529	2906
3227	2907
6894	2908
7444	2909
7898	2910
3788	2911
4117	2912
6173	2913
1222	2914
9398	2915
1011	2916
7733	2917
2923	2918
2935	2919
9431	2920
4464	2921
3565	2922
3406	2923
8534	2924
5349	2925
311	2926
4298	2927
2779	2928
9517	2929
497	2930
5	2931
4120	2932
133	2933
9116	2934
972	2935
69	2936
4306	2937
9300	2938
2622	2939
37	2940
7281	2941
2424	2942
6416	2943
8174	2944
529	2945
6105	2946
2282	2947
1029	2948
5622	2949
3287	2950
9549	2951
6240	2952
6953	2953
7769	2954
7230	2955
2773	2956
2694	2957
8543	2958
1750	2959
6632	2960
5582	2961
7133	2962
3511	2963
9615	2964
3840	2965
3437	2966
8989	2967
9701	2968
901	2969
5533	2970
2574	2971
658	2972
5905	2973
8786	2974
6231	2975
7942	2976
6259	2977
5046	2978
4944	2979
2276	2980
4276	2981
3464	2982
4654	2983
3661	2984
5035	2985
4754	2986
8097	2987
7156	2988
6255	2989
7957	2990
4651	2991
7432	2992
9452	2993
4185	2994
9788	2995
3680	2996
3655	2997
6493	2998
4363	2999
951	3000
7807	3001
3569	3002
2480	3003
6472	3004
1317	3005
4187	3006
4744	3007
77	3008
6029	3009
5741	3010
2713	3011
2382	3012
183	3013
3133	3014
7213	3015
7924	3016
4574	3017
5975	3018
6209	3019
3232	3020
820	3021
3075	3022
313	3023
153	3024
7844	3025
9537	3026
6456	3027
9606	3028
7761	3029
3128	3030
9230	3031
5232	3032
4837	3033
4490	3034
3774	3035
8725	3036
1013	3037
40	3038
2849	3039
57	3040
5125	3041
707	3042
4728	3043
7971	3044
3693	3045
3620	3046
8895	3047
648	3048
6024	3049
6676	3050
4746	3051
3911	3052
7911	3053
7500	3054
6451	3055
6507	3056
1676	3057
8312	3058
7640	3059
4770	3060
5251	3061
489	3062
8242	3063
8641	3064
4793	3065
6847	3066
6032	3067
15	3068
4518	3069
4538	3070
6174	3071
8166	3072
2031	3073
1535	3074
3098	3075
8621	3076
4899	3077
182	3078
6242	3079
2898	3080
1093	3081
9321	3082
4553	3083
5705	3084
5879	3085
2089	3086
1435	3087
5025	3088
7154	3089
21	3090
8	3091
1466	3092
8314	3093
5923	3094
8438	3095
3252	3096
3773	3097
868	3098
631	3099
1538	3100
3597	3101
2091	3102
8313	3103
2432	3104
1711	3105
5831	3106
4523	3107
9104	3108
5291	3109
4963	3110
4165	3111
719	3112
9137	3113
5471	3114
8180	3115
8165	3116
6140	3117
3826	3118
2109	3119
6290	3120
2486	3121
7789	3122
9318	3123
9709	3124
185	3125
1067	3126
5417	3127
1227	3128
1194	3129
2636	3130
3369	3131
6895	3132
4394	3133
275	3134
2377	3135
113	3136
2741	3137
9225	3138
8459	3139
8738	3140
1902	3141
1687	3142
339	3143
4862	3144
4150	3145
3667	3146
3304	3147
3066	3148
5819	3149
6668	3150
4225	3151
3088	3152
3931	3153
1540	3154
3279	3155
6902	3156
35	3157
7868	3158
7169	3159
4662	3160
2456	3161
4808	3162
9732	3163
354	3164
6806	3165
9041	3166
1446	3167
3338	3168
9608	3169
8498	3170
5464	3171
3650	3172
6258	3173
7521	3174
7660	3175
4027	3176
425	3177
3862	3178
3298	3179
1491	3180
4118	3181
3859	3182
8105	3183
2368	3184
1533	3185
4687	3186
1666	3187
8491	3188
9743	3189
4218	3190
6201	3191
6179	3192
7149	3193
8351	3194
1820	3195
7970	3196
8932	3197
299	3198
281	3199
4498	3200
6535	3201
4633	3202
4961	3203
6349	3204
991	3205
5535	3206
6366	3207
5767	3208
1314	3209
4391	3210
7075	3211
4707	3212
5231	3213
483	3214
7424	3215
5169	3216
6440	3217
6116	3218
561	3219
7943	3220
2615	3221
587	3222
8482	3223
7546	3224
1706	3225
7847	3226
6903	3227
3110	3228
3374	3229
9760	3230
94	3231
5198	3232
6099	3233
5367	3234
7026	3235
6914	3236
5483	3237
2206	3238
8774	3239
2810	3240
987	3241
5448	3242
9073	3243
3502	3244
3509	3245
8068	3246
3933	3247
4924	3248
2901	3249
2037	3250
9456	3251
1059	3252
4748	3253
9534	3254
9519	3255
9032	3256
5671	3257
8806	3258
248	3259
1313	3260
7686	3261
2073	3262
8907	3263
2701	3264
9049	3265
7693	3266
4824	3267
297	3268
7873	3269
7501	3270
7955	3271
735	3272
2148	3273
5086	3274
9486	3275
1390	3276
607	3277
7480	3278
1130	3279
633	3280
694	3281
3543	3282
4323	3283
4569	3284
3398	3285
909	3286
6188	3287
9107	3288
4320	3289
5375	3290
5972	3291
9547	3292
232	3293
6541	3294
4637	3295
2111	3296
5429	3297
5796	3298
4190	3299
3904	3300
4917	3301
9559	3302
3570	3303
9612	3304
6128	3305
6396	3306
501	3307
8189	3308
9260	3309
1251	3310
3284	3311
7145	3312
5664	3313
4714	3314
3039	3315
7363	3316
8521	3317
1244	3318
5014	3319
3420	3320
5269	3321
8473	3322
3980	3323
5450	3324
7545	3325
8656	3326
84	3327
4231	3328
9739	3329
4785	3330
5926	3331
6056	3332
4872	3333
5949	3334
6780	3335
7333	3336
7882	3337
7044	3338
5663	3339
8951	3340
2818	3341
6340	3342
3770	3343
8286	3344
8342	3345
5686	3346
7610	3347
4043	3348
2242	3349
110	3350
1656	3351
7959	3352
6038	3353
8684	3354
4371	3355
9715	3356
5970	3357
6724	3358
1279	3359
3763	3360
5858	3361
8070	3362
3159	3363
5759	3364
4550	3365
3278	3366
4307	3367
7734	3368
5010	3369
7842	3370
9502	3371
2609	3372
1865	3373
416	3374
5896	3375
4257	3376
1505	3377
4537	3378
357	3379
2607	3380
301	3381
9086	3382
5791	3383
7492	3384
6559	3385
1924	3386
7297	3387
4426	3388
5366	3389
9506	3390
5332	3391
8883	3392
5372	3393
9185	3394
8201	3395
3542	3396
8341	3397
107	3398
3528	3399
1454	3400
1019	3401
8422	3402
4855	3403
5821	3404
3915	3405
6213	3406
6042	3407
6742	3408
4742	3409
3061	3410
5360	3411
7178	3412
1354	3413
8017	3414
6596	3415
4509	3416
4594	3417
273	3418
6085	3419
7721	3420
6008	3421
3203	3422
8793	3423
3047	3424
9648	3425
3031	3426
2804	3427
9542	3428
5630	3429
9427	3430
3819	3431
7435	3432
6946	3433
2766	3434
170	3435
3169	3436
6844	3437
8891	3438
2931	3439
6932	3440
417	3441
881	3442
2743	3443
9389	3444
4108	3445
7124	3446
2582	3447
4367	3448
7447	3449
6254	3450
1077	3451
9655	3452
4471	3453
7294	3454
2192	3455
5571	3456
8398	3457
7846	3458
272	3459
8146	3460
4674	3461
7917	3462
5982	3463
6818	3464
766	3465
5085	3466
3679	3467
8266	3468
7648	3469
6709	3470
8130	3471
8968	3472
53	3473
6574	3474
2230	3475
4239	3476
5111	3477
4285	3478
3132	3479
1418	3480
1595	3481
4067	3482
6280	3483
3051	3484
3107	3485
7232	3486
3349	3487
3855	3488
6515	3489
1072	3490
3121	3491
5180	3492
6371	3493
5525	3494
686	3495
3641	3496
44	3497
7179	3498
4794	3499
7375	3500
3225	3501
8347	3502
4647	3503
1633	3504
387	3505
2240	3506
9223	3507
147	3508
3109	3509
5596	3510
1087	3511
2110	3512
3296	3513
2443	3514
5494	3515
9325	3516
8999	3517
6303	3518
8045	3519
8955	3520
130	3521
7766	3522
8098	3523
6613	3524
154	3525
3393	3526
3878	3527
3615	3528
8849	3529
7083	3530
9797	3531
6967	3532
9556	3533
2143	3534
426	3535
649	3536
1537	3537
4686	3538
8291	3539
2617	3540
1157	3541
7554	3542
9749	3543
1086	3544
5702	3545
8155	3546
9635	3547
2146	3548
3183	3549
2501	3550
8031	3551
5163	3552
9221	3553
9059	3554
3147	3555
2716	3556
6	3557
9692	3558
969	3559
1551	3560
4205	3561
3004	3562
8581	3563
5045	3564
1672	3565
2583	3566
3736	3567
6674	3568
3645	3569
7575	3570
7751	3571
6749	3572
1999	3573
4926	3574
6281	3575
3649	3576
8047	3577
9453	3578
6093	3579
2910	3580
3073	3581
2739	3582
6944	3583
8418	3584
5270	3585
7655	3586
1448	3587
7579	3588
8831	3589
7549	3590
7531	3591
1695	3592
950	3593
2343	3594
5442	3595
3201	3596
7320	3597
7690	3598
6760	3599
9022	3600
125	3601
1818	3602
8625	3603
505	3604
8368	3605
4245	3606
7319	3607
1429	3608
8443	3609
4256	3610
8138	3611
3343	3612
8320	3613
9688	3614
9779	3615
5105	3616
9728	3617
4315	3618
3920	3619
5394	3620
5376	3621
1624	3622
3504	3623
3893	3624
3592	3625
5211	3626
7195	3627
2369	3628
8992	3629
5492	3630
1781	3631
4638	3632
9553	3633
5344	3634
2606	3635
9592	3636
7867	3637
1960	3638
236	3639
7269	3640
5548	3641
5598	3642
5832	3643
7494	3644
4854	3645
9245	3646
3621	3647
3768	3648
9247	3649
3256	3650
6612	3651
4418	3652
8539	3653
2188	3654
4279	3655
7082	3656
1125	3657
4329	3658
5273	3659
9624	3660
8143	3661
179	3662
337	3663
2620	3664
9630	3665
131	3666
7738	3667
1174	3668
1338	3669
604	3670
2131	3671
9020	3672
8051	3673
9643	3674
1830	3675
1742	3676
4	3677
8967	3678
3688	3679
6982	3680
7932	3681
6185	3682
624	3683
408	3684
3488	3685
254	3686
429	3687
8003	3688
4489	3689
3783	3690
6415	3691
1123	3692
319	3693
2092	3694
2838	3695
8162	3696
9672	3697
1744	3698
8115	3699
6534	3700
3951	3701
2361	3702
4135	3703
2678	3704
9343	3705
7770	3706
2105	3707
8901	3708
8594	3709
3461	3710
638	3711
2032	3712
3525	3713
3324	3714
6851	3715
6989	3716
9000	3717
810	3718
7205	3719
2653	3720
8271	3721
7070	3722
3250	3723
2508	3724
4536	3725
6609	3726
7261	3727
5752	3728
8712	3729
6037	3730
9063	3731
9533	3732
8516	3733
9298	3734
9115	3735
1827	3736
3243	3737
3630	3738
1931	3739
1070	3740
2018	3741
2855	3742
6714	3743
8132	3744
4232	3745
4209	3746
7748	3747
5825	3748
8436	3749
1801	3750
2978	3751
1180	3752
9515	3753
4259	3754
5419	3755
7076	3756
2577	3757
4930	3758
7641	3759
7336	3760
7000	3761
3443	3762
3167	3763
3580	3764
8317	3765
6862	3766
5283	3767
7111	3768
3041	3769
45	3770
8474	3771
1648	3772
4859	3773
5593	3774
2813	3775
601	3776
5346	3777
856	3778
16	3779
9145	3780
2990	3781
6817	3782
4688	3783
1658	3784
1096	3785
8088	3786
4262	3787
2590	3788
9196	3789
3440	3790
4949	3791
132	3792
4280	3793
1693	3794
903	3795
1012	3796
2548	3797
1766	3798
9433	3799
1280	3800
1629	3801
9033	3802
3118	3803
6800	3804
9270	3805
5732	3806
2096	3807
4665	3808
4601	3809
5063	3810
7597	3811
4310	3812
2077	3813
6434	3814
5073	3815
8279	3816
8	3817
208	3818
8589	3819
146	3820
5756	3821
4528	3822
3806	3823
1977	3824
7577	3825
3010	3826
63	3827
9169	3828
1243	3829
8490	3830
2809	3831
5451	3832
4415	3833
4798	3834
6591	3835
3871	3836
6568	3837
2176	3838
8034	3839
7708	3840
7747	3841
7086	3842
8826	3843
7533	3844
6397	3845
5242	3846
9358	3847
769	3848
9652	3849
4105	3850
4780	3851
5177	3852
5911	3853
5665	3854
6554	3855
9663	3856
9261	3857
9060	3858
74	3859
9287	3860
4559	3861
3545	3862
3491	3863
7740	3864
9364	3865
5175	3866
1197	3867
8518	3868
6854	3869
5876	3870
1441	3871
2237	3872
3881	3873
2943	3874
6208	3875
5301	3876
7342	3877
8923	3878
5558	3879
8839	3880
6141	3881
3762	3882
103	3883
7143	3884
8349	3885
7483	3886
3548	3887
2330	3888
5522	3889
4351	3890
8022	3891
9581	3892
5738	3893
8386	3894
6484	3895
759	3896
5147	3897
6207	3898
7820	3899
2129	3900
6277	3901
2158	3902
9357	3903
1802	3904
5758	3905
2987	3906
6756	3907
8799	3908
30	3909
6715	3910
6916	3911
5182	3912
3795	3913
9161	3914
180	3915
7931	3916
5512	3917
8533	3918
8943	3919
8668	3920
6414	3921
9232	3922
3554	3923
409	3924
1913	3925
9311	3926
6864	3927
3939	3928
8979	3929
643	3930
388	3931
202	3932
1559	3933
2596	3934
2160	3935
6226	3936
5108	3937
32	3938
9637	3939
5460	3940
3629	3941
1779	3942
7822	3943
3292	3944
780	3945
817	3946
4001	3947
392	3948
6380	3949
8328	3950
3381	3951
6148	3952
5882	3953
7824	3954
7573	3955
5744	3956
6523	3957
68	3958
8375	3959
2182	3960
1527	3961
3895	3962
2310	3963
7685	3964
5501	3965
8449	3966
6524	3967
5862	3968
3534	3969
4535	3970
7051	3971
8903	3972
4109	3973
4982	3974
7381	3975
1127	3976
9781	3977
4763	3978
612	3979
170	3980
689	3981
8825	3982
4685	3983
1482	3984
1342	3985
498	3986
7005	3987
2489	3988
6413	3989
4484	3990
5215	3991
8027	3992
3144	3993
1602	3994
7229	3995
5713	3996
5076	3997
249	3998
4316	3999
778	4000
490	4001
8080	4002
7921	4003
7603	4004
8657	4005
2985	4006
2088	4007
1497	4008
8503	4009
2933	4010
9381	4011
5168	4012
4759	4013
2513	4014
6393	4015
6377	4016
6962	4017
5986	4018
2123	4019
5888	4020
9654	4021
2700	4022
9257	4023
1486	4024
8663	4025
9342	4026
3818	4027
2062	4028
517	4029
4192	4030
7534	4031
7688	4032
2370	4033
2734	4034
5130	4035
1095	4036
3447	4037
5393	4038
9070	4039
5114	4040
6885	4041
198	4042
2199	4043
7919	4044
8176	4045
8233	4046
9531	4047
3728	4048
4227	4049
4496	4050
4617	4051
9394	4052
4557	4053
3697	4054
6822	4055
2665	4056
6005	4057
9125	4058
690	4059
2747	4060
2663	4061
5364	4062
2162	4063
591	4064
687	4065
5300	4066
7552	4067
1372	4068
7647	4069
5597	4070
2211	4071
755	4072
5711	4073
1176	4074
1457	4075
1373	4076
502	4077
6610	4078
1092	4079
3297	4080
7055	4081
3444	4082
4573	4083
79	4084
4671	4085
6731	4086
3141	4087
808	4088
3882	4089
3442	4090
3950	4091
1081	4092
2948	4093
6972	4094
8836	4095
3446	4096
187	4097
3594	4098
2522	4099
5087	4100
7604	4101
1310	4102
5319	4103
2676	4104
8432	4105
6471	4106
8282	4107
9218	4108
6358	4109
9633	4110
1109	4111
6376	4112
3315	4113
9106	4114
5774	4115
5472	4116
6423	4117
851	4118
8672	4119
189	4120
9216	4121
3084	4122
4814	4123
8270	4124
9323	4125
530	4126
3044	4127
7676	4128
1032	4129
2388	4130
792	4131
9518	4132
4056	4133
1203	4134
5863	4135
51	4136
6911	4137
7081	4138
8258	4139
3020	4140
6637	4141
1890	4142
5490	4143
7506	4144
1423	4145
9437	4146
7940	4147
7242	4148
7069	4149
9520	4150
8239	4151
7952	4152
4807	4153
9040	4154
7656	4155
234	4156
4014	4157
4229	4158
6958	4159
4772	4160
2398	4161
5772	4162
9792	4163
443	4164
3425	4165
7239	4166
3054	4167
2075	4168
90	4169
8756	4170
3938	4171
6463	4172
2900	4173
6495	4174
688	4175
6491	4176
5601	4177
2585	4178
5312	4179
896	4180
9127	4181
5841	4182
3482	4183
285	4184
1725	4185
5523	4186
3428	4187
4409	4188
6061	4189
9496	4190
9498	4191
2	4192
8014	4193
50	4194
708	4195
8990	4196
6342	4197
8685	4198
6988	4199
4641	4200
3709	4201
5547	4202
3566	4203
9509	4204
7555	4205
9121	4206
9660	4207
4861	4208
6519	4209
5562	4210
9395	4211
2932	4212
7564	4213
3849	4214
8209	4215
7096	4216
1739	4217
1912	4218
7417	4219
5220	4220
1847	4221
1168	4222
1669	4223
7620	4224
8995	4225
8072	4226
5481	4227
171	4228
1158	4229
995	4230
8959	4231
9758	4232
6730	4233
8888	4234
5763	4235
7532	4236
3866	4237
4882	4238
5064	4239
41	4240
9348	4241
3561	4242
1198	4243
3987	4244
5437	4245
8928	4246
1276	4247
6455	4248
2416	4249
431	4250
7892	4251
8483	4252
2847	4253
5354	4254
6628	4255
1274	4256
1091	4257
823	4258
936	4259
8540	4260
994	4261
2268	4262
800	4263
6101	4264
882	4265
4433	4266
5276	4267
8200	4268
9322	4269
3085	4270
9301	4271
7520	4272
7760	4273
4068	4274
5416	4275
80	4276
2426	4277
4389	4278
9786	4279
8845	4280
8729	4281
4065	4282
2672	4283
1731	4284
6429	4285
8599	4286
966	4287
1682	4288
6311	4289
7598	4290
6257	4291
9235	4292
8296	4293
9134	4294
4940	4295
2353	4296
3069	4297
2488	4298
8480	4299
111	4300
9707	4301
4953	4302
411	4303
7997	4304
6861	4305
4629	4306
7725	4307
1033	4308
5109	4309
7313	4310
83	4311
5736	4312
6304	4313
7602	4314
6752	4315
985	4316
9755	4317
4905	4318
3413	4319
7949	4320
9390	4321
9338	4322
2401	4323
5000	4324
6973	4325
7976	4326
7038	4327
7687	4328
629	4329
5149	4330
1536	4331
1028	4332
4163	4333
3531	4334
5012	4335
5418	4336
9544	4337
5135	4338
2916	4339
6236	4340
6143	4341
7737	4342
2195	4343
2528	4344
9419	4345
1635	4346
1855	4347
3962	4348
3273	4349
66	4350
7920	4351
2028	4352
3992	4353
4000	4354
125	4355
4554	4356
2216	4357
9181	4358
8260	4359
145	4360
2481	4361
478	4362
6300	4363
3877	4364
7401	4365
2417	4366
4339	4367
450	4368
5208	4369
7074	4370
181	4371
3750	4372
4622	4373
6353	4374
9183	4375
8809	4376
8890	4377
5359	4378
1743	4379
2273	4380
797	4381
2519	4382
1449	4383
2534	4384
5946	4385
9210	4386
7270	4387
1613	4388
3230	4389
7141	4390
403	4391
3148	4392
4580	4393
8108	4394
4848	4395
8376	4396
4333	4397
6147	4398
953	4399
5527	4400
4369	4401
8440	4402
6893	4403
5948	4404
3631	4405
9575	4406
8787	4407
4598	4408
8693	4409
7481	4410
7454	4411
2976	4412
1846	4413
1570	4414
3326	4415
3318	4416
5243	4417
3760	4418
7736	4419
5466	4420
29	4421
2831	4422
2839	4423
1792	4424
773	4425
3929	4426
5626	4427
8652	4428
7821	4429
1496	4430
4616	4431
683	4432
6690	4433
9192	4434
2769	4435
1043	4436
5422	4437
9329	4438
3539	4439
5225	4440
1939	4441
6096	4442
7301	4443
2927	4444
5649	4445
257	4446
5532	4447
9555	4448
7540	4449
3746	4450
9051	4451
2913	4452
4661	4453
7865	4454
1411	4455
1430	4456
3000	4457
9214	4458
5964	4459
8944	4460
200	4461
1327	4462
2869	4463
7498	4464
265	4465
4779	4466
4465	4467
1319	4468
1214	4469
3759	4470
6043	4471
4999	4472
7907	4473
3325	4474
8256	4475
9584	4476
2409	4477
1258	4478
4479	4479
3896	4480
174	4481
4607	4482
1550	4483
8792	4484
8371	4485
1933	4486
7137	4487
5317	4488
6819	4489
4733	4490
7922	4491
9172	4492
5927	4493
4004	4494
7743	4495
8577	4496
8467	4497
8116	4498
8406	4499
1956	4500
8154	4501
2449	4502
1607	4503
3576	4504
807	4505
6486	4506
2974	4507
3208	4508
7570	4509
99	4510
7674	4511
2757	4512
1204	4513
4551	4514
4388	4515
889	4516
3431	4517
5473	4518
6633	4519
465	4520
5188	4521
7130	4522
7161	4523
7516	4524
3958	4525
7403	4526
2364	4527
5405	4528
4587	4529
291	4530
7965	4531
1641	4532
8623	4533
644	4534
7266	4535
7519	4536
9402	4537
2725	4538
6171	4539
5196	4540
4074	4541
8110	4542
8579	4543
2452	4544
3909	4545
1795	4546
2816	4547
1245	4548
6755	4549
9189	4550
278	4551
8259	4552
2076	4553
2655	4554
4031	4555
8122	4556
8135	4557
8310	4558
1248	4559
8248	4560
5794	4561
3014	4562
6253	4563
3408	4564
6177	4565
7173	4566
3701	4567
7262	4568
957	4569
2196	4570
5241	4571
3523	4572
9586	4573
5698	4574
1684	4575
3696	4576
1544	4577
8300	4578
6686	4579
482	4580
4170	4581
8911	4582
4967	4583
6299	4584
5031	4585
8225	4586
4615	4587
5433	4588
5127	4589
9097	4590
8887	4591
8976	4592
2229	4593
6307	4594
8723	4595
7395	4596
8833	4597
9153	4598
7387	4599
5980	4600
5687	4601
5865	4602
1068	4603
3269	4604
7378	4605
5837	4606
8770	4607
8377	4608
7298	4609
898	4610
4007	4611
4443	4612
9487	4613
160	4614
8741	4615
1592	4616
2333	4617
8277	4618
1778	4619
8848	4620
821	4621
4036	4622
3779	4623
2791	4624
4623	4625
4249	4626
4223	4627
8011	4628
7411	4629
2511	4630
9239	4631
952	4632
6382	4633
6607	4634
3564	4635
2068	4636
8519	4637
8706	4638
233	4639
5239	4640
4969	4641
8479	4642
4881	4643
4866	4644
9208	4645
7722	4646
9668	4647
2580	4648
1992	4649
2567	4650
2581	4651
2592	4652
1990	4653
1975	4654
2576	4655
1995	4656
1380	4657
1382	4658
576	4659
2561	4660
1359	4661
2563	4662
1377	4663
1971	4664
2000	4665
1392	4666
1361	4667
577	4668
2597	4669
583	4670
2001	4671
2589	4672
1368	4673
1388	4674
1985	4675
2572	4676
1983	4677
578	4678
2595	4679
2594	4680
2013	4681
588	4682
2565	4683
7047	4684
9288	4685
9067	4686
3091	4687
2029	4688
9554	4689
2400	4690
6409	4691
4512	4692
1579	4693
2733	4694
1968	4695
2603	4696
1508	4697
6694	4698
3380	4699
4497	4700
8985	4701
1225	4702
3105	4703
1306	4704
8744	4705
8564	4706
7106	4707
1772	4708
7136	4709
3824	4710
1600	4711
7730	4712
3465	4713
2202	4714
1426	4715
782	4716
9220	4717
2598	4718
1209	4719
2439	4720
6571	4721
5864	4722
27	4723
6059	4724
5853	4725
3965	4726
4659	4727
7471	4728
7606	4729
4047	4730
2471	4731
9521	4732
173	4733
2402	4734
5245	4735
7566	4736
8691	4737
8093	4738
2010	4739
8661	4740
6438	4741
2397	4742
8658	4743
7118	4744
3952	4745
8220	4746
7759	4747
2726	4748
6308	4749
4971	4750
7445	4751
3575	4752
4521	4753
2841	4754
2020	4755
5400	4756
9359	4757
3095	4758
2081	4759
73	4760
477	4761
188	4762
7138	4763
8470	4764
2359	4765
1309	4766
4053	4767
6164	4768
4494	4769
5875	4770
4322	4771
1236	4772
9087	4773
1196	4774
9722	4775
9	4776
4452	4777
2846	4778
96	4779
4346	4780
4357	4781
6419	4782
8278	4783
3178	4784
9589	4785
6400	4786
1425	4787
7293	4788
3833	4789
3356	4790
2065	4791
4749	4792
3244	4793
8643	4794
2385	4795
6354	4796
7160	4797
8556	4798
2808	4799
15	4800
3845	4801
8210	4802
684	4803
921	4804
6010	4805
1893	4806
7839	4807
8140	4808
1885	4809
3475	4810
6631	4811
7446	4812
5777	4813
2350	4814
4236	4815
9407	4816
7115	4817
5258	4818
4419	4819
5050	4820
7542	4821
1525	4822
6726	4823
6644	4824
1894	4825
9021	4826
4676	4827
3449	4828
7053	4829
75	4830
8319	4831
5164	4832
2554	4833
3486	4834
1797	4835
8272	4836
9620	4837
2646	4838
4989	4839
7986	4840
3797	4841
8640	4842
772	4843
3209	4844
402	4845
722	4846
3764	4847
7876	4848
5773	4849
4524	4850
1103	4851
6082	4852
2395	4853
4743	4854
8295	4855
1156	4856
3544	4857
4751	4858
5600	4859
1900	4860
680	4861
5603	4862
1477	4863
8978	4864
3503	4865
5971	4866
1908	4867
1650	4868
9766	4869
6246	4870
9481	4871
4288	4872
1050	4873
2767	4874
8527	4875
914	4876
8012	4877
4920	4878
5660	4879
2149	4880
1383	4881
6898	4882
9251	4883
4644	4884
2904	4885
5775	4886
8458	4887
5217	4888
1694	4889
6766	4890
263	4891
7823	4892
41	4893
8472	4894
6063	4895
5345	4896
6889	4897
9047	4898
5963	4899
9048	4900
6239	4901
2256	4902
460	4903
2709	4904
7938	4905
3682	4906
3932	4907
5373	4908
5259	4909
2434	4910
5977	4911
1135	4912
7425	4913
3981	4914
6359	4915
2394	4916
8048	4917
9191	4918
1217	4919
5247	4920
7765	4921
1422	4922
6887	4923
97	4924
3311	4925
8896	4926
4639	4927
8789	4928
4332	4929
4922	4930
2238	4931
7889	4932
3809	4933
6542	4934
3600	4935
3988	4936
5171	4937
7316	4938
5310	4939
386	4940
7838	4941
3801	4942
9015	4943
6068	4944
4804	4945
7306	4946
4057	4947
7815	4948
8504	4949
1108	4950
6687	4951
695	4952
2867	4953
1007	4954
1845	4955
993	4956
3671	4957
6233	4958
2247	4959
9165	4960
9351	4961
8694	4962
8414	4963
6133	4964
1179	4965
6695	4966
2069	4967
4008	4968
4132	4969
1120	4970
5753	4971
9327	4972
5694	4973
179	4974
4267	4975
7068	4976
2949	4977
6853	4978
5715	4979
2026	4980
4193	4981
5551	4982
109	4983
6069	4984
3886	4985
6321	4986
4233	4987
4672	4988
938	4989
1822	4990
3899	4991
3310	4992
1027	4993
3018	4994
3168	4995
493	4996
556	4997
197	4998
983	4999
8040	5000
5484	5001
351	5002
9062	5003
441	5004
2730	5005
2478	5006
5302	5007
9136	5008
5058	5009
4224	5010
1746	5011
4909	5012
1286	5013
3221	5014
661	5015
5745	5016
2626	5017
1674	5018
6468	5019
9752	5020
9477	5021
8216	5022
4796	5023
2280	5024
4822	5025
9596	5026
7918	5027
2085	5028
3634	5029
5155	5030
436	5031
8900	5032
5898	5033
1951	5034
105	5035
597	5036
2939	5037
8624	5038
1431	5039
5474	5040
2447	5041
6467	5042
2300	5043
2605	5044
8421	5045
7208	5046
3253	5047
4566	5048
6639	5049
4087	5050
175	5051
126	5052
8598	5053
1259	5054
9233	5055
1341	5056
4313	5057
4495	5058
5806	5059
96	5060
4962	5061
9535	5062
8541	5063
8465	5064
4221	5065
3206	5066
4571	5067
59	5068
1901	5069
5750	5070
635	5071
3677	5072
3249	5073
7796	5074
5446	5075
4879	5076
7512	5077
2960	5078
4	5079
1780	5080
9236	5081
8638	5082
3285	5083
4029	5084
4956	5085
7393	5086
4906	5087
3538	5088
5675	5089
7250	5090
3134	5091
1599	5092
801	5093
8345	5094
6849	5095
8759	5096
7697	5097
3017	5098
8796	5099
8949	5100
6127	5101
8617	5102
4913	5103
5823	5104
3165	5105
5139	5106
8163	5107
4197	5108
8567	5109
8720	5110
7829	5111
8336	5112
926	5113
8525	5114
9045	5115
6027	5116
6655	5117
8648	5118
3390	5119
1978	5120
700	5121
2283	5122
302	5123
7340	5124
8576	5125
2101	5126
8988	5127
5435	5128
6682	5129
3070	5130
221	5131
8120	5132
5788	5133
7016	5134
7541	5135
7321	5136
1558	5137
1961	5138
1305	5139
4335	5140
74	5141
7007	5142
8612	5143
1121	5144
7020	5145
2862	5146
9667	5147
6364	5148
7359	5149
6244	5150
331	5151
7797	5152
5057	5153
3864	5154
7704	5155
2520	5156
5958	5157
9302	5158
9274	5159
6825	5160
3579	5161
4347	5162
5019	5163
5434	5164
8975	5165
47	5166
6154	5167
396	5168
4473	5169
9497	5170
5915	5171
1133	5172
321	5173
3024	5174
8742	5175
6072	5176
931	5177
7334	5178
8171	5179
8653	5180
9421	5181
1344	5182
6762	5183
3898	5184
3450	5185
4382	5186
145	5187
2648	5188
6789	5189
9128	5190
4055	5191
7167	5192
6544	5193
4829	5194
143	5195
4103	5196
5123	5197
9540	5198
3606	5199
9491	5200
5953	5201
3571	5202
5193	5203
4077	5204
6960	5205
31	5206
1350	5207
1346	5208
5945	5209
5631	5210
5190	5211
2509	5212
5588	5213
6828	5214
1401	5215
7013	5216
845	5217
3328	5218
9277	5219
4709	5220
4058	5221
5602	5222
7153	5223
7937	5224
8293	5225
3015	5226
8177	5227
6197	5228
345	5229
4619	5230
4337	5231
3577	5232
9494	5233
5080	5234
9109	5235
2087	5236
398	5237
1945	5238
4516	5239
9640	5240
4104	5241
6961	5242
4720	5243
7630	5244
3312	5245
1723	5246
9560	5247
2121	5248
1722	5249
2463	5250
1089	5251
2288	5252
8254	5253
4265	5254
4979	5255
1510	5256
2852	5257
8023	5258
6575	5259
6398	5260
240	5261
7745	5262
2114	5263
7927	5264
3271	5265
9621	5266
8142	5267
1675	5268
899	5269
4226	5270
6080	5271
2768	5272
8629	5273
4457	5274
7224	5275
929	5276
5353	5277
848	5278
9410	5279
3025	5280
1504	5281
6721	5282
8698	5283
1881	5284
1957	5285
6645	5286
7578	5287
3452	5288
4151	5289
204	5290
6012	5291
3573	5292
615	5293
6859	5294
9100	5295
4175	5296
82	5297
3372	5298
118	5299
3636	5300
7119	5301
9474	5302
667	5303
9757	5304
1709	5305
1857	5306
294	5307
3185	5308
9412	5309
784	5310
2025	5311
448	5312
6426	5313
1566	5314
8390	5315
20	5316
9065	5317
3918	5318
4781	5319
4034	5320
6412	5321
2614	5322
5974	5323
3306	5324
9105	5325
5784	5326
589	5327
213	5328
9484	5329
6279	5330
5468	5331
84	5332
7778	5333
4972	5334
228	5335
7	5336
4309	5337
9207	5338
5852	5339
324	5340
6094	5341
2412	5342
5563	5343
12	5344
56	5345
3942	5346
9219	5347
4964	5348
663	5349
9122	5350
9639	5351
5069	5352
7312	5353
2307	5354
6941	5355
771	5356
7384	5357
2132	5358
5969	5359
887	5360
2083	5361
3703	5362
5934	5363
8647	5364
50	5365
1708	5366
6447	5367
2812	5368
7894	5369
6954	5370
3717	5371
4689	5372
8290	5373
3729	5374
4250	5375
3521	5376
8965	5377
8106	5378
709	5379
3867	5380
9178	5381
3735	5382
185	5383
5764	5384
5651	5385
511	5386
6672	5387
8666	5388
2526	5389
3458	5390
171	5391
8222	5392
628	5393
4282	5394
7163	5395
2407	5396
7463	5397
76	5398
9316	5399
3181	5400
5296	5401
8087	5402
3738	5403
9072	5404
907	5405
1398	5406
6860	5407
5985	5408
9119	5409
1627	5410
9623	5411
8996	5412
8396	5413
866	5414
9759	5415
6422	5416
1090	5417
2886	5418
1300	5419
4127	5420
8620	5421
8609	5422
1770	5423
3235	5424
1569	5425
1507	5426
2308	5427
4873	5428
9194	5429
1124	5430
2054	5431
2499	5432
6809	5433
1625	5434
860	5435
980	5436
8563	5437
4134	5438
2788	5439
5998	5440
6799	5441
652	5442
2710	5443
2535	5444
6238	5445
2106	5446
8827	5447
6081	5448
7426	5449
5999	5450
3007	5451
5141	5452
1315	5453
7719	5454
4451	5455
8961	5456
954	5457
7878	5458
8626	5459
6858	5460
3749	5461
8485	5462
3215	5463
8886	5464
1443	5465
1308	5466
5197	5467
4927	5468
917	5469
6608	5470
6813	5471
3022	5472
5054	5473
1320	5474
1765	5475
6642	5476
6251	5477
6214	5478
7811	5479
7771	5480
6452	5481
5584	5482
5158	5483
3083	5484
2530	5485
3080	5486
6643	5487
5223	5488
7009	5489
7201	5490
333	5491
8892	5492
4877	5493
3726	5494
3804	5495
6689	5496
1363	5497
1055	5498
2972	5499
1949	5500
2292	5501
8882	5502
9671	5503
6925	5504
1926	5505
6020	5506
5614	5507
872	5508
1683	5509
669	5510
6336	5511
2805	5512
6705	5513
2891	5514
955	5515
6031	5516
2294	5517
6469	5518
1972	5519
7637	5520
8499	5521
5467	5522
6594	5523
8561	5524
3791	5525
3099	5526
7989	5527
1364	5528
4977	5529
7477	5530
3572	5531
8515	5532
1187	5533
1210	5534
2863	5535
2405	5536
6365	5537
7335	5538
151	5539
9726	5540
6671	5541
5628	5542
5222	5543
2536	5544
3540	5545
1519	5546
4701	5547
186	5548
5994	5549
6543	5550
6243	5551
7629	5552
5857	5553
6035	5554
2086	5555
4195	5556
9203	5557
7599	5558
6693	5559
9631	5560
3643	5561
6237	5562
6814	5563
7953	5564
2393	5565
4984	5566
734	5567
8779	5568
1434	5569
2438	5570
462	5571
8384	5572
6064	5573
4263	5574
5342	5575
2039	5576
1278	5577
4915	5578
3460	5579
8889	5580
7848	5581
922	5582
9564	5583
5009	5584
5809	5585
8229	5586
5311	5587
515	5588
6260	5589
6647	5590
2966	5591
6906	5592
4965	5593
2871	5594
157	5595
6560	5596
3281	5597
5893	5598
1301	5599
6980	5600
6839	5601
4844	5602
4976	5603
1322	5604
3189	5605
3823	5606
6733	5607
3063	5608
8379	5609
9007	5610
9613	5611
3474	5612
8546	5613
9112	5614
6345	5615
6368	5616
5440	5617
3399	5618
3916	5619
7006	5620
1852	5621
9206	5622
2305	5623
8367	5624
1936	5625
2638	5626
1293	5627
5733	5628
1938	5629
5592	5630
352	5631
5148	5632
6166	5633
2295	5634
5421	5635
9068	5636
5204	5637
6369	5638
6557	5639
2643	5640
2881	5641
4642	5642
1076	5643
5279	5644
9585	5645
2328	5646
8819	5647
6121	5648
7100	5649
9476	5650
5618	5651
5707	5652
6070	5653
5800	5654
7548	5655
2362	5656
9694	5657
8141	5658
7219	5659
8395	5660
662	5661
7309	5662
8447	5663
6521	5664
9626	5665
1281	5666
8859	5667
5322	5668
9771	5669
3139	5670
72	5671
9457	5672
4680	5673
4112	5674
8670	5675
5730	5676
9378	5677
1582	5678
3730	5679
1038	5680
2623	5681
2998	5682
8330	5683
2410	5684
8538	5685
7915	5686
8551	5687
2631	5688
8352	5689
2218	5690
3009	5691
3156	5692
8795	5693
9670	5694
565	5695
7231	5696
2100	5697
7256	5698
2688	5699
4026	5700
3742	5701
3780	5702
5910	5703
9337	5704
7715	5705
3371	5706
9607	5707
9789	5708
3218	5709
3698	5710
6048	5711
5328	5712
7341	5713
8850	5714
8751	5715
5407	5716
8820	5717
2287	5718
6556	5719
5704	5720
21	5721
2008	5722
4936	5723
7585	5724
5847	5725
7525	5726
947	5727
1877	5728
8315	5729
6606	5730
7895	5731
5575	5732
3135	5733
230	5734
6014	5735
3975	5736
5254	5737
2219	5738
8481	5739
849	5740
13	5741
8188	5742
5281	5743
9731	5744
4988	5745
2103	5746
5789	5747
6792	5748
7099	5749
422	5750
9479	5751
4888	5752
17	5753
7290	5754
7605	5755
4773	5756
4436	5757
552	5758
6457	5759
9492	5760
7644	5761
6003	5762
6664	5763
4664	5764
3483	5765
5755	5766
1520	5767
7594	5768
2046	5769
4994	5770
9092	5771
799	5772
9336	5773
8763	5774
8052	5775
9691	5776
5729	5777
3816	5778
6550	5779
4693	5780
6227	5781
3422	5782
2309	5783
6462	5784
2437	5785
743	5786
7580	5787
7978	5788
5145	5789
8185	5790
8736	5791
4698	5792
874	5793
374	5794
2354	5795
7950	5796
5480	5797
262	5798
116	5799
5221	5800
4543	5801
3633	5802
2490	5803
4211	5804
2836	5805
9734	5806
2630	5807
6597	5808
798	5809
553	5810
7175	5811
8633	5812
8365	5813
7478	5814
7408	5815
3596	5816
1576	5817
2908	5818
8964	5819
1585	5820
668	5821
2235	5822
3973	5823
7851	5824
7509	5825
9074	5826
4776	5827
6287	5828
4003	5829
4753	5830
3248	5831
7754	5832
8669	5833
8410	5834
2367	5835
9467	5836
822	5837
4682	5838
7689	5839
4761	5840
7559	5841
1659	5842
8425	5843
3119	5844
6215	5845
8877	5846
8457	5847
2355	5848
8019	5849
2882	5850
5624	5851
8974	5852
455	5853
2293	5854
9215	5855
6028	5856
6717	5857
7681	5858
5246	5859
7860	5860
7116	5861
3526	5862
865	5863
6220	5864
9565	5865
1479	5866
8813	5867
2529	5868
9138	5869
7114	5870
1476	5871
2190	5872
359	5873
6775	5874
19	5875
4827	5876
8181	5877
203	5878
4712	5879
8245	5880
5176	5881
5170	5882
2518	5883
2704	5884
8202	5885
9775	5886
829	5887
9339	5888
8413	5889
5110	5890
5541	5891
3616	5892
4775	5893
3186	5894
4921	5895
7750	5896
1760	5897
6604	5898
6924	5899
1339	5900
2125	5901
6178	5902
162	5903
2542	5904
5747	5905
9530	5906
5689	5907
1371	5908
7832	5909
4079	5910
9268	5911
6305	5912
5822	5913
141	5914
7243	5915
7671	5916
7221	5917
9326	5918
1512	5919
2996	5920
9511	5921
6195	5922
6940	5923
6216	5924
2134	5925
5607	5926
2556	5927
1285	5928
1147	5929
7465	5930
8193	5931
1407	5932
479	5933
6026	5934
1838	5935
3512	5936
3357	5937
4599	5938
5515	5939
6383	5940
8898	5941
8777	5942
8905	5943
837	5944
8243	5945
1713	5946
9787	5947
3212	5948
1814	5949
3844	5950
6016	5951
6223	5952
3805	5953
9365	5954
4839	5955
4568	5956
2372	5957
8427	5958
9730	5959
1859	5960
8382	5961
2848	5962
3727	5963
7692	5964
2057	5965
2019	5966
3254	5967
6264	5968
5219	5969
5260	5970
6641	5971
4270	5972
6640	5973
3090	5974
399	5975
4611	5976
5620	5977
1812	5978
8103	5979
539	5980
8840	5981
146	5982
9501	5983
2269	5984
9703	5985
4986	5986
4957	5987
3829	5988
6286	5989
9197	5990
5712	5991
5529	5992
8001	5993
6444	5994
184	5995
956	5996
2329	5997
920	5998
1181	5999
7079	6000
215	6001
7314	6002
4199	6003
756	6004
149	6005
29	6006
5294	6007
8471	6008
7326	6009
5991	6010
2223	6011
142	6012
7061	6013
2968	6014
3387	6015
1696	6016
4731	6017
3967	6018
8946	6019
4790	6020
8403	6021
4897	6022
2030	6023
8852	6024
4260	6025
6518	6026
2034	6027
6517	6028
7908	6029
1854	6030
2094	6031
5	6032
6460	6033
5539	6034
6053	6035
3052	6036
4832	6037
6921	6038
3241	6039
970	6040
939	6041
6273	6042
7065	6043
4501	6044
5277	6045
9545	6046
6555	6047
8147	6048
9576	6049
6710	6050
4675	6051
6465	6052
5266	6053
3949	6054
1705	6055
5693	6056
8986	6057
2183	6058
8645	6059
9557	6060
806	6061
4739	6062
5186	6063
1343	6064
6706	6065
3112	6066
8536	6067
4836	6068
6411	6069
4667	6070
67	6071
3094	6072
1345	6073
2425	6074
6660	6075
7039	6076
218	6077
6603	6078
5828	6079
4503	6080
2386	6081
3660	6082
8582	6083
159	6084
463	6085
9306	6086
9174	6087
23	6088
5356	6089
6727	6090
4842	6091
2168	6092
7278	6093
7703	6094
1517	6095
8024	6096
7276	6097
5648	6098
2180	6099
6722	6100
5902	6101
3737	6102
7279	6103
7622	6104
4125	6105
1085	6106
5714	6107
8157	6108
3802	6109
5132	6110
9308	6111
794	6112
5403	6113
9675	6114
5722	6115
7139	6116
4500	6117
3079	6118
6739	6119
5137	6120
7259	6121
8311	6122
312	6123
7757	6124
4379	6125
3815	6126
7901	6127
4666	6128
9004	6129
1581	6130
1458	6131
3350	6132
9723	6133
3828	6134
129	6135
7244	6136
2127	6137
5234	6138
266	6139
1442	6140
5264	6141
4202	6142
6492	6143
6662	6144
1405	6145
5843	6146
3692	6147
5261	6148
6232	6149
6935	6150
2078	6151
6952	6152
3124	6153
212	6154
681	6155
6470	6156
7834	6157
5001	6158
5038	6159
3666	6160
3914	6161
6475	6162
9618	6163
5048	6164
5184	6165
1395	6166
9064	6167
567	6168
4911	6169
5288	6170
9361	6171
303	6172
4145	6173
4627	6174
7569	6175
702	6176
521	6177
421	6178
2930	6179
3302	6180
6765	6181
3409	6182
2435	6183
2903	6184
5498	6185
6835	6186
5556	6187
3043	6188
9175	6189
5488	6190
864	6191
7625	6192
3708	6193
6654	6194
4788	6195
679	6196
9697	6197
8754	6198
7812	6199
3555	6200
5826	6201
832	6202
9177	6203
2722	6204
3171	6205
8323	6206
1942	6207
6718	6208
7220	6209
3969	6210
2687	6211
210	6212
3166	6213
8221	6214
2464	6215
122	6216
438	6217
6	6218
1030	6219
3856	6220
6193	6221
8083	6222
8262	6223
2284	6224
2080	6225
2253	6226
1934	6227
990	6228
4196	6229
8822	6230
2005	6231
9552	6232
2566	6233
7694	6234
6430	6235
1018	6236
8363	6237
3892	6238
4713	6239
2756	6240
625	6241
6234	6242
4817	6243
4874	6244
7011	6245
786	6246
2042	6247
6404	6248
5510	6249
1393	6250
1366	6251
8802	6252
5160	6253
6881	6254
8718	6255
8299	6256
2571	6257
9720	6258
6538	6259
2586	6260
7749	6261
2759	6262
3270	6263
878	6264
9314	6265
3638	6266
4632	6267
1870	6268
1862	6269
5213	6270
9403	6271
6573	6272
5987	6273
2858	6274
4843	6275
2004	6276
2897	6277
9071	6278
8573	6279
4635	6280
1863	6281
1864	6282
9625	6283
3100	6284
5824	6285
106	6286
6322	6287
8514	6288
9454	6289
5482	6290
1058	6291
8038	6292
8178	6293
4556	6294
2113	6295
4811	6296
9140	6297
1740	6298
6160	6299
8649	6300
7196	6301
5925	6302
1421	6303
811	6304
7168	6305
5654	6306
6066	6307
1499	6308
3836	6309
5874	6310
5913	6311
7084	6312
6586	6313
3238	6314
4958	6315
134	6316
5710	6317
7475	6318
6175	6319
7014	6320
4093	6321
6834	6322
6163	6323
7241	6324
8604	6325
8456	6326
5377	6327
1623	6328
119	6329
5233	6330
8069	6331
3263	6332
4234	6333
2248	6334
1941	6335
9255	6336
6289	6337
9160	6338
347	6339
2719	6340
1994	6341
3002	6342
3584	6343
3190	6344
4152	6345
1145	6346
2340	6347
5061	6348
3337	6349
8692	6350
9417	6351
9627	6352
7066	6353
6829	6354
2500	6355
2827	6356
6764	6357
1880	6358
9617	6359
3832	6360
5508	6361
3900	6362
1965	6363
6406	6364
9200	6365
9152	6366
7643	6367
9034	6368
1026	6369
726	6370
7767	6371
3684	6372
8502	6373
5238	6374
4400	6375
2635	6376
4269	6377
164	6378
7935	6379
1645	6380
8909	6381
1883	6382
5121	6383
3045	6384
2326	6385
678	6386
7977	6387
7611	6388
6487	6389
315	6390
6759	6391
3714	6392
124	6393
1966	6394
9482	6395
5877	6396
1840	6397
9383	6398
62	6399
3547	6400
7731	6401
5682	6402
1190	6403
7672	6404
5348	6405
9594	6406
2957	6407
3261	6408
274	6409
9135	6410
7397	6411
8055	6412
2316	6413
2344	6414
8726	6415
2870	6416
4907	6417
7981	6418
6169	6419
1347	6420
6498	6421
7029	6422
9711	6423
6348	6424
3386	6425
7352	6426
7496	6427
1834	6428
9159	6429
8522	6430
8374	6431
4407	6432
8041	6433
4412	6434
8570	6435
8592	6436
5683	6437
6335	6438
3150	6439
6067	6440
3557	6441
6224	6442
4834	6443
1677	6444
271	6445
5766	6446
155	6447
6796	6448
2696	6449
9018	6450
8373	6451
152	6452
5389	6453
4595	6454
99	6455
1584	6456
5691	6457
8112	6458
5907	6459
19	6460
6477	6461
1419	6462
4870	6463
9148	6464
1702	6465
3761	6466
4037	6467
88	6468
5129	6469
7893	6470
8841	6471
6441	6472
7254	6473
3941	6474
6673	6475
9289	6476
5505	6477
1611	6478
6405	6479
2045	6480
4376	6481
2798	6482
7407	6483
150	6484
150	6485
4366	6486
4070	6487
6439	6488
7093	6489
3495	6490
2736	6491
8466	6492
4044	6493
6866	6494
4531	6495
2249	6496
6499	6497
9682	6498
7191	6499
4051	6500
557	6501
3367	6502
1796	6503
6740	6504
9541	6505
5161	6506
2934	6507
8121	6508
5201	6509
3874	6510
3683	6511
2971	6512
8415	6513
3179	6514
4916	6515
1020	6516
7462	6517
3676	6518
8880	6519
5785	6520
4541	6521
6688	6522
8815	6523
7996	6524
5942	6525
6435	6526
9602	6527
805	6528
5362	6529
7723	6530
1041	6531
4124	6532
3790	6533
2251	6534
8148	6535
5229	6536
5003	6537
5662	6538
7019	6539
1207	6540
5295	6541
3876	6542
8433	6543
69	6544
5770	6545
3837	6546
3807	6547
78	6548
9609	6549
5151	6550
2541	6551
8924	6552
1138	6553
1777	6554
1988	6555
7060	6556
2785	6557
8392	6558
9224	6559
1776	6560
3154	6561
4115	6562
3435	6563
5263	6564
1808	6565
5427	6566
639	6567
1015	6568
5931	6569
8452	6570
2830	6571
841	6572
7589	6573
7	6574
5113	6575
144	6576
449	6577
7057	6578
5509	6579
3993	6580
7285	6581
7024	6582
3772	6583
9527	6584
3033	6585
4849	6586
5567	6587
7043	6588
6527	6589
80	6590
5906	6591
1264	6592
3204	6593
573	6594
2124	6595
6808	6596
1785	6597
1691	6598
8510	6599
660	6600
5646	6601
6969	6602
9262	6603
9418	6604
1053	6605
7773	6606
3848	6607
7800	6608
298	6609
5338	6610
4129	6611
4539	6612
3608	6613
8557	6614
4240	6615
7064	6616
4758	6617
4755	6618
6338	6619
4194	6620
8871	6621
4002	6622
8380	6623
8568	6624
2234	6625
4048	6626
3	6627
2378	6628
5248	6629
7619	6630
7799	6631
6129	6632
5957	6633
3117	6634
5653	6635
3048	6636
2616	6637
7282	6638
1224	6639
2214	6640
5059	6641
1727	6642
5082	6643
3553	6644
5179	6645
8732	6646
1594	6647
8863	6648
1909	6649
4066	6650
1178	6651
4078	6652
4555	6653
1287	6654
5892	6655
2754	6656
6703	6657
4035	6658
8803	6659
1897	6660
363	6661
9573	6662
2962	6663
9712	6664
5506	6665
6501	6666
3700	6667
9647	6668
5553	6669
2098	6670
7601	6671
9500	6672
1692	6673
177	6674
7709	6675
4041	6676
7073	6677
1514	6678
6326	6679
8868	6680
8325	6681
4006	6682
5984	6683
634	6684
1799	6685
9451	6686
1500	6687
693	6688
139	6689
2874	6690
103	6691
2724	6692
1621	6693
8441	6694
8897	6695
7741	6696
8866	6697
2697	6698
4200	6699
7485	6700
3247	6701
9076	6702
8230	6703
1841	6704
774	6705
205	6706
7699	6707
2179	6708
7567	6709
3854	6710
5808	6711
1531	6712
2531	6713
2973	6714
7945	6715
4139	6716
5894	6717
4009	6718
651	6719
536	6720
3582	6721
5668	6722
2152	6723
8020	6724
6230	6725
6424	6726
2492	6727
1219	6728
3681	6729
3451	6730
2823	6731
3756	6732
1815	6733
8145	6734
279	6735
220	6736
3332	6737
442	6738
1075	6739
7216	6740
8241	6741
3753	6742
1643	6743
6403	6744
9699	6745
1149	6746
3205	6747
610	6748
3954	6749
114	6750
127	6751
1914	6752
8161	6753
7783	6754
8761	6755
3334	6756
4493	6757
1953	6758
2835	6759
7974	6760
3370	6761
5021	6762
2806	6763
7218	6764
976	6765
5560	6766
3081	6767
6579	6768
5989	6769
9096	6770
8182	6771
4525	6772
129	6773
3963	6774
9415	6775
165	6776
9690	6777
673	6778
8265	6779
5751	6780
9098	6781
1455	6782
8707	6783
8484	6784
4091	6785
2041	6786
6334	6787
122	6788
3027	6789
9320	6790
3487	6791
3947	6792
243	6793
1657	6794
8574	6795
7461	6796
8762	6797
935	6798
650	6799
3782	6800
8372	6801
5307	6802
5308	6803
5799	6804
6454	6805
3346	6806
8334	6807
1060	6808
8369	6809
4447	6810
4092	6811
3863	6812
8632	6813
6711	6814
474	6815
6102	6816
7845	6817
7985	6818
892	6819
2342	6820
5727	6821
8111	6822
5845	6823
9293	6824
5817	6825
4050	6826
3529	6827
495	6828
6951	6829
7739	6830
6838	6831
5830	6832
3739	6833
1596	6834
3267	6835
5209	6836
1991	6837
5855	6838
8292	6839
5042	6840
4287	6841
1137	6842
6836	6843
3246	6844
3723	6845
1381	6846
6617	6847
8740	6848
6516	6849
3180	6850
5594	6851
1329	6852
1084	6853
6181	6854
1462	6855
6091	6856
2056	6857
7790	6858
3651	6859
2128	6860
9133	6861
7187	6862
627	6863
3331	6864
4679	6865
4600	6866
9385	6867
9202	6868
36	6869
5207	6870
5430	6871
9721	6872
5304	6873
38	6874
4581	6875
1923	6876
4878	6877
8353	6878
4853	6879
5680	6880
4828	6881
1136	6882
5350	6883
6375	6884
1146	6885
512	6886
9516	6887
6206	6888
9057	6889
7	6890
7632	6891
5309	6892
3865	6893
6754	6894
5083	6895
3500	6896
594	6897
9716	6898
3454	6899
3956	6900
4591	6901
9628	6902
6015	6903
5811	6904
3562	6905
781	6906
1485	6907
7665	6908
6707	6909
5463	6910
3903	6911
1399	6912
10	6913
7758	6914
2667	6915
5445	6916
4405	6917
5801	6918
5900	6919
4244	6920
666	6921
4341	6922
7775	6923
1110	6924
729	6925
2267	6926
5638	6927
2564	6928
7222	6929
4251	6930
7968	6931
93	6932
7787	6933
7661	6934
1294	6935
3120	6936
9447	6937
2119	6938
9409	6939
4277	6940
182	6941
3744	6942
8326	6943
4445	6944
2324	6945
1751	6946
8393	6947
2642	6948
7273	6949
1105	6950
5056	6951
7428	6952
2926	6953
8073	6954
975	6955
9340	6956
3769	6957
3834	6958
4880	6959
4176	6960
3618	6961
304	6962
2497	6963
3611	6964
9399	6965
4456	6966
764	6967
2314	6968
2315	6969
2271	6970
6009	6971
73	6972
6272	6973
8616	6974
8711	6975
6073	6976
4645	6977
8273	6978
1735	6979
3122	6980
967	6981
7502	6982
433	6983
8655	6984
5780	6985
9770	6986
4694	6987
6850	6988
9129	6989
8920	6990
861	6991
1895	6992
6843	6993
4738	6994
8039	6995
8702	6996
343	6997
2920	6998
9619	6999
1290	7000
5289	7001
740	7002
7346	7003
8029	7004
8402	7005
9157	7006
9490	7007
2414	7008
3288	7009
4934	7010
6701	7011
5540	7012
5101	7013
1973	7014
2657	7015
5545	7016
1615	7017
1919	7018
9252	7019
2717	7020
5034	7021
4567	7022
9733	7023
4663	7024
8769	7025
8834	7026
6425	7027
7386	7028
1439	7029
5914	7030
3732	7031
2244	7032
1402	7033
1009	7034
6985	7035
10	7036
8801	7037
4933	7038
9765	7039
8511	7040
1911	7041
2429	7042
8424	7043
9130	7044
4428	7045
3146	7046
1349	7047
8912	7048
9698	7049
4128	7050
2728	7051
4377	7052
8129	7053
4583	7054
2067	7055
4802	7056
5576	7057
5579	7058
7505	7059
5565	7060
1518	7061
6926	7062
259	7063
1724	7064
2448	7065
7994	7066
4696	7067
7125	7068
2302	7069
5495	7070
4783	7071
5475	7072
2473	7073
1998	7074
1930	7075
520	7076
1806	7077
9710	7078
6124	7079
9499	7080
6623	7081
5550	7082
5921	7083
7930	7084
9445	7085
3654	7086
7330	7087
6669	7088
1297	7089
5352	7090
525	7091
152	7092
5762	7093
5611	7094
6134	7095
8835	7096
5993	7097
4532	7098
7027	7099
9747	7100
2673	7101
1655	7102
8158	7103
5053	7104
6584	7105
6481	7106
7683	7107
5793	7108
5385	7109
928	7110
4778	7111
2634	7112
7182	7113
5387	7114
5287	7115
7639	7116
9095	7117
8059	7118
4624	7119
4838	7120
8044	7121
9680	7122
3127	7123
3890	7124
4978	7125
4893	7126
3635	7127
3363	7128
4432	7129
7171	7130
9162	7131
3602	7132
6247	7133
1191	7134
314	7135
4850	7136
9488	7137
3404	7138
8092	7139
3396	7140
1714	7141
5990	7142
4045	7143
4945	7144
3016	7145
3339	7146
6131	7147
3827	7148
3838	7149
6618	7150
8878	7151
9324	7152
4951	7153
9442	7154
2347	7155
3008	7156
3426	7157
5735	7158
8528	7159
8602	7160
5719	7161
8847	7162
7364	7163
3478	7164
2872	7165
9039	7166
4480	7167
1738	7168
158	7169
3741	7170
2658	7171
4864	7172
696	7173
2624	7174
6744	7175
5386	7176
8559	7177
5115	7178
9761	7179
4352	7180
9702	7181
7591	7182
5043	7183
166	7184
4328	7185
2876	7186
5390	7187
9661	7188
8156	7189
1896	7190
5206	7191
9079	7192
3639	7193
8926	7194
486	7195
8894	7196
8416	7197
9282	7198
9604	7199
6330	7200
3501	7201
1099	7202
1580	7203
7288	7204
2049	7205
6700	7206
3648	7207
5280	7208
3114	7209
3383	7210
8007	7211
7448	7212
3361	7213
26	7214
9507	7215
8307	7216
7338	7217
8966	7218
8125	7219
3843	7220
7624	7221
622	7222
201	7223
3255	7224
5315	7225
4317	7226
6636	7227
4350	7228
7939	7229
2204	7230
2573	7231
7581	7232
7530	7233
1112	7234
4081	7235
2002	7236
1391	7237
1387	7238
1394	7239
2009	7240
2015	7241
1981	7242
1370	7243
8064	7244
1969	7245
2014	7246
1974	7247
9632	7248
2602	7249
1352	7250
5144	7251
1357	7252
2551	7253
3200	7254
9238	7255
1379	7256
2006	7257
579	7258
1984	7259
2559	7260
1353	7261
1375	7262
8817	7263
2599	7264
3628	7265
3265	7266
2579	7267
1389	7268
2555	7269
1362	7270
2003	7271
2593	7272
2017	7273
1989	7274
4488	7275
7746	7276
4534	7277
56	7278
468	7279
1501	7280
9681	7281
1351	7282
9683	7283
8586	7284
7295	7285
2012	7286
8794	7287
4896	7288
2601	7289
9473	7290
1843	7291
581	7292
8899	7293
1386	7294
1976	7295
2578	7296
1378	7297
7558	7298
3157	7299
8879	7300
1835	7301
187	7302
4608	7303
5355	7304
8705	7305
2600	7306
6117	7307
8101	7308
9483	7309
3327	7310
1700	7311
1023	7312
1509	7313
3137	7314
3907	7315
7037	7316
5881	7317
7649	7318
8332	7319
5967	7320
1952	7321
9577	7322
334	7323
3530	7324
4342	7325
3001	7326
5439	7327
9147	7328
531	7329
9053	7330
390	7331
2422	7332
7204	7333
2877	7334
3719	7335
60	7336
5587	7337
1299	7338
621	7339
492	7340
2970	7341
252	7342
2379	7343
6167	7344
5612	7345
9042	7346
6561	7347
3251	7348
8127	7349
4697	7350
8075	7351
2539	7352
48	7353
6619	7354
2893	7355
518	7356
2289	7357
7310	7358
6601	7359
3365	7360
5194	7361
7857	7362
6483	7363
9736	7364
6539	7365
4454	7366
3170	7367
9393	7368
4604	7369
3710	7370
7768	7371
7592	7372
6270	7373
2660	7374
9773	7375
8981	7376
714	7377
7712	7378
6602	7379
4258	7380
6039	7381
7612	7382
611	7383
1100	7384
3897	7385
919	7386
6615	7387
2922	7388
6537	7389
6611	7390
111	7391
2640	7392
1113	7393
7365	7394
9436	7395
9622	7396
9035	7397
4643	7398
4784	7399
4740	7400
7825	7401
2826	7402
1073	7403
1668	7404
7678	7405
9305	7406
1636	7407
6145	7408
6158	7409
2171	7410
5935	7411
6488	7412
2861	7413
1898	7414
2650	7415
6816	7416
843	7417
760	7418
7197	7419
3861	7420
4625	7421
2591	7422
779	7423
590	7424
4852	7425
930	7426
6245	7427
6428	7428
2751	7429
6256	7430
7052	7431
6546	7432
7049	7433
737	7434
4086	7435
3289	7436
6407	7437
161	7438
3026	7439
5255	7440
642	7441
3468	7442
2752	7443
2619	7444
6479	7445
4421	7446
3028	7447
464	7448
812	7449
3301	7450
7315	7451
6753	7452
7058	7453
4803	7454
5428	7455
7292	7456
2319	7457
7150	7458
2263	7459
2611	7460
4304	7461
9363	7462
8971	7463
5919	7464
8872	7465
944	7466
2390	7467
2833	7468
7684	7469
3224	7470
9523	7471
9748	7472
2266	7473
9700	7474
8613	7475
6191	7476
9686	7477
117	7478
2296	7479
8918	7480
9422	7481
1515	7482
1199	7483
5274	7484
9179	7485
6520	7486
3672	7487
2381	7488
1856	7489
6389	7490
6777	7491
8755	7492
5795	7493
5861	7494
6	7495
3272	7496
5742	7497
5580	7498
5285	7499
9580	7500
153	7501
91	7502
6758	7503
7418	7504
9176	7505
6474	7506
718	7507
4466	7508
5156	7509
9240	7510
9283	7511
813	7512
3627	7513
5955	7514
8008	7515
2082	7516
135	7517
13	7518
2641	7519
2322	7520
3642	7521
7433	7522
676	7523
148	7524
3260	7525
7158	7526
6327	7527
2819	7528
710	7529
7728	7530
2732	7531
8650	7532
2007	7533
3622	7534
9334	7535
1119	7536
7063	7537
1557	7538
7980	7539
9330	7540
6572	7541
1417	7542
6337	7543
3498	7544
4294	7545
7596	7546
5030	7547
1365	7548
7092	7549
2705	7550
6536	7551
3813	7552
6370	7553
3891	7554
4692	7555
9590	7556
8085	7557
9578	7558
7324	7559
3295	7560
2946	7561
2984	7562
2318	7563
1593	7564
503	7565
2512	7566
5214	7567
447	7568
1661	7569
6294	7570
7466	7571
4766	7572
7840	7573
715	7574
959	7575
6343	7576
4650	7577
9428	7578
7902	7579
3830	7580
4658	7581
3997	7582
3161	7583
6263	7584
2024	7585
2840	7586
9058	7587
7030	7588
9642	7589
5343	7590
7572	7591
3192	7592
413	7593
128	7594
1697	7595
3560	7596
4137	7597
6390	7598
1049	7599
7810	7600
6065	7601
7666	7602
992	7603
108	7604
3513	7605
2184	7606
4840	7607
8919	7608
886	7609
8680	7610
4	7611
3581	7612
3603	7613
2765	7614
7299	7615
2023	7616
112	7617
9228	7618
2618	7619
5634	7620
2047	7621
9082	7622
3497	7623
181	7624
6241	7625
196	7626
523	7627
4266	7628
1726	7629
6566	7630
1216	7631
2837	7632
1269	7633
933	7634
3462	7635
8915	7636
6324	7637
8939	7638
2265	7639
3702	7640
1044	7641
4191	7642
4983	7643
5716	7644
9717	7645
157	7646
1597	7647
61	7648
2147	7649
1487	7650
7023	7651
2259	7652
6510	7653
7574	7654
6187	7655
4504	7656
8149	7657
1260	7658
5	7659
2313	7660
4171	7661
7048	7662
5666	7663
6205	7664
1715	7665
4513	7666
8513	7667
3214	7668
260	7669
5499	7670
89	7671
6437	7672
4136	7673
8973	7674
6900	7675
8749	7676
3998	7677
6846	7678
1153	7679
6513	7680
1154	7681
7449	7682
3492	7683
1384	7684
912	7685
9367	7686
6125	7687
8998	7688
9706	7689
844	7690
2880	7691
1066	7692
7586	7693
3307	7694
6877	7695
5988	7696
3071	7697
4695	7698
3040	7699
246	7700
2115	7701
2781	7702
3657	7703
3699	7704
745	7705
8874	7706
341	7707
8445	7708
7642	7709
5836	7710
5868	7711
9746	7712
1970	7713
8745	7714
1634	7715
9372	7716
391	7717
1562	7718
6361	7719
132	7720
1764	7721
8407	7722
5478	7723
6374	7724
1762	7725
8703	7726
1547	7727
6659	7728
11	7729
2312	7730
8681	7731
6196	7732
2544	7733
9146	7734
7103	7735
4126	7736
5420	7737
1603	7738
7186	7739
6018	7740
476	7741
768	7742
9273	7743
488	7744
701	7745
725	7746
9461	7747
40	7748
7951	7749
3733	7750
7517	7751
2822	7752
6045	7753
5860	7754
4871	7755
2628	7756
9503	7757
116	7758
4374	7759
3912	7760
7304	7761
406	7762
6558	7763
1	7764
2778	7765
9684	7766
8727	7767
7362	7768
1679	7769
6713	7770
4390	7771
6115	7772
4114	7773
2323	7774
6768	7775
7626	7776
445	7777
2433	7778
4857	7779
6963	7780
3996	7781
3210	7782
12	7783
2964	7784
6950	7785
79	7786
8721	7787
6867	7788
9050	7789
6939	7790
1106	7791
1752	7792
9118	7793
6089	7794
6879	7795
4974	7796
704	7797
1094	7798
8983	7799
5518	7800
6151	7801
6734	7802
7621	7803
151	7804
4941	7805
7091	7806
22	7807
8550	7808
1010	7809
4281	7810
156	7811
6883	7812
1241	7813
7392	7814
332	7815
923	7816
1619	7817
5591	7818
7126	7819
2629	7820
53	7821
1560	7822
2140	7823
6363	7824
7134	7825
8094	7826
160	7827
815	7828
2225	7829
2760	7830
2163	7831
55	7832
6291	7833
6285	7834
3983	7835
623	7836
532	7837
1337	7838
6417	7839
9217	7840
4519	7841
405	7842
6347	7843
616	7844
4831	7845
2349	7846
7072	7847
8593	7848
9475	7849
6807	7850
135	7851
3716	7852
7499	7853
1587	7854
863	7855
309	7856
484	7857
432	7858
6123	7859
7127	7860
671	7861
3689	7862
8061	7863
1712	7864
4579	7865
4929	7866
6320	7867
5803	7868
2298	7869
9101	7870
1000	7871
7954	7872
6013	7873
9173	7874
507	7875
6882	7876
3510	7877
7277	7878
4806	7879
9356	7880
9375	7881
5140	7882
8811	7883
4959	7884
8767	7885
2220	7886
2505	7887
857	7888
3376	7889
172	7890
64	7891
2532	7892
1400	7893
4980	7894
6248	7895
4582	7896
4012	7897
7472	7898
2829	7899
8337	7900
2108	7901
6512	7902
2200	7903
499	7904
1886	7905
8858	7906
3687	7907
2291	7908
4735	7909
8362	7910
2384	7911
9164	7912
4360	7913
6840	7914
4403	7915
626	7916
5202	7917
7634	7918
2675	7919
7409	7920
8255	7921
454	7922
7491	7923
3858	7924
3300	7925
2633	7926
9465	7927
3514	7928
5768	7929
1116	7930
1516	7931
8232	7932
130	7933
3174	7934
8244	7935
7547	7936
470	7937
5286	7938
2994	7939
8354	7940
9281	7941
6297	7942
9528	7943
1667	7944
4996	7945
9123	7946
1272	7947
7107	7948
4596	7949
6991	7950
2222	7951
8268	7952
2498	7953
2093	7954
1701	7955
4049	7956
8444	7957
8357	7958
7399	7959
3665	7960
6751	7961
7877	7962
6418	7963
3757	7964
2301	7965
3563	7966
423	7967
2562	7968
9414	7969
2521	7970
1948	7971
747	7972
4602	7973
8555	7974
9401	7975
2965	7976
2339	7977
5966	7978
4286	7979
6490	7980
7360	7981
5930	7982
59	7983
5157	7984
2469	7985
8957	7986
9508	7987
155	7988
1583	7989
4399	7990
8997	7991
9285	7992
7361	7993
7664	7994
6075	7995
98	7996
8724	7997
5842	7998
5252	7999
509	8000
7557	8001
8184	8002
8464	8003
2224	8004
1804	8005
5749	8006
3011	8007
3072	8008
7289	8009
2780	8010
1642	8011
2420	8012
4273	8013
9374	8014
4387	8015
5199	8016
7307	8017
3518	8018
7755	8019
3419	8020
167	8021
5094	8022
7883	8023
6999	8024
1069	8025
5578	8026
2360	8027
5453	8028
4072	8029
293	8030
4968	8031
6729	8032
4274	8033
3457	8034
2720	8035
8411	8036
3089	8037
6821	8038
2727	8039
283	8040
5293	8041
8812	8042
9377	8043
400	8044
6646	8045
3674	8046
3792	8047
8322	8048
3233	8049
7147	8050
4422	8051
1235	8052
7458	8053
7078	8054
1097	8055
508	8056
8274	8057
2209	8058
8677	8059
4206	8060
4813	8061
8572	8062
85	8063
5224	8064
8549	8065
7543	8066
7583	8067
5812	8068
5739	8069
559	8070
1793	8071
554	8072
2071	8073
1102	8074
4858	8075
1784	8076
8553	8077
4723	8078
1591	8079
8462	8080
750	8081
7120	8082
2376	8083
5305	8084
8958	8085
4925	8086
2515	8087
1861	8088
4039	8089
9055	8090
5643	8091
5709	8092
3062	8093
2043	8094
1753	8095
8381	8096
17	8097
2941	8098
172	8099
2792	8100
551	8101
8597	8102
2952	8103
7001	8104
2064	8105
4321	8106
1460	8107
2213	8108
36	8109
3908	8110
4455	8111
5720	8112
7420	8113
1665	8114
730	8115
836	8116
5126	8117
6306	8118
110	8119
3934	8120
7412	8121
7380	8122
2991	8123
5590	8124
4198	8125
4889	8126
5854	8127
5912	8128
1819	8129
1175	8130
1982	8131
8542	8132
7933	8133
1150	8134
4300	8135
3991	8136
7680	8137
3977	8138
6532	8139
9199	8140
7121	8141
133	8142
3841	8143
4847	8144
2430	8145
3068	8146
4762	8147
3375	8148
3060	8149
3395	8150
2942	8151
6936	8152
9103	8153
1787	8154
4278	8155
2327	8156
9764	8157
168	8158
7135	8159
6504	8160
7390	8161
9379	8162
7303	8163
7215	8164
3237	8165
6856	8166
1568	8167
8303	8168
8096	8169
6708	8170
1937	8171
8099	8172
3242	8173
4729	8174
9360	8175
7982	8176
2879	8177
7090	8178
1396	8179
6783	8180
7062	8181
3433	8182
3814	8183
5089	8184
3213	8185
6992	8186
2959	8187
1530	8188
1878	8189
6827	8190
385	8191
3113	8192
9276	8193
9495	8194
238	8195
4331	8196
344	8197
8931	8198
1014	8199
1201	8200
3798	8201
7890	8202
3767	8203
8053	8204
636	8205
9416	8206
245	8207
2035	8208
566	8209
7875	8210
888	8211
9440	8212
4142	8213
2718	8214
1083	8215
4797	8216
1617	8217
8991	8218
3262	8219
3329	8220
2659	8221
8065	8222
7763	8223
548	8224
9689	8225
2875	8226
2560	8227
7735	8228
5117	8229
1773	8230
6681	8231
3585	8232
7788	8233
4677	8234
8686	8235
3330	8236
76	8237
2120	8238
2919	8239
8250	8240
2177	8241
2156	8242
6355	8243
5183	8244
3574	8245
5218	8246
2550	8247
4863	8248
4865	8249
4747	8250
5181	8251
6748	8252
4636	8253
5124	8254
3136	8255
2205	8256
9790	8257
4782	8258
1962	8259
6268	8260
8768	8261
8980	8262
6797	8263
3784	8264
563	8265
5674	8266
1470	8267
7916	8268
6994	8269
7887	8270
6000	8271
5928	8272
1169	8273
4243	8274
3035	8275
4184	8276
7305	8277
9636	8278
9526	8279
8018	8280
7226	8281
58	8282
7562	8283
6459	8284
1626	8285
4348	8286
6788	8287
1445	8288
9546	8289
703	8290
7284	8291
8191	8292
8688	8293
1213	8294
8079	8295
6025	8296
1036	8297
8637	8298
8205	8299
7855	8300
6648	8301
8136	8302
6892	8303
4414	8304
3883	8305
6156	8306
6552	8307
7490	8308
4655	8309
5165	8310
6217	8311
838	8312
1798	8313
2644	8314
8172	8315
3059	8316
9026	8317
1114	8318
87	8319
8737	8320
7673	8321
8054	8322
6432	8323
4435	8324
1034	8325
7036	8326
6098	8327
7097	8328
8137	8329
1021	8330
126	8331
8175	8332
108	8333
5071	8334
3037	8335
7881	8336
496	8337
7098	8338
6111	8339
8423	8340
7199	8341
9599	8342
1809	8343
9638	8344
6395	8345
364	8346
2995	8347
1088	8348
7031	8349
5723	8350
3388	8351
8596	8352
7190	8353
4413	8354
1170	8355
8497	8356
653	8357
6910	8358
6087	8359
3364	8360
3055	8361
6790	8362
39	8363
8505	8364
5406	8365
6506	8366
2212	8367
8529	8368
7357	8369
5378	8370
5633	8371
2980	8372
3704	8373
7452	8374
6225	8375
5039	8376
5703	8377
4547	8378
8212	8379
1450	8380
5965	8381
2027	8382
4717	8383
4458	8384
5652	8385
134	8386
4025	8387
8760	8388
6666	8389
3286	8390
5814	8391
5886	8392
2275	8393
4613	8394
1141	8395
353	8396
4846	8397
9002	8398
9019	8399
8757	8400
4062	8401
4990	8402
6198	8403
1767	8404
4235	8405
5088	8406
7984	8407
289	8408
3441	8409
6540	8410
2979	8411
1821	8412
70	8413
1311	8414
5884	8415
120	8416
571	8417
3188	8418
8517	8419
6661	8420
6186	8421
4028	8422
6871	8423
8269	8424
3691	8425
9150	8426
1523	8427
3467	8428
3283	8429
8615	8430
2058	8431
538	8432
328	8433
9783	8434
5728	8435
4563	8436
5066	8437
5561	8438
1098	8439
1312	8440
8683	8441
7744	8442
1318	8443
6974	8444
6770	8445
7252	8446
2853	8447
4284	8448
9676	8449
982	8450
4612	8451
8388	8452
5112	8453
142	8454
3173	8455
4734	8456
7742	8457
1688	8458
9355	8459
5334	8460
45	8461
3731	8462
3308	8463
2475	8464
6928	8465
2890	8466
2233	8467
2137	8468
9548	8469
7906	8470
1791	8471
195	8472
3532	8473
6746	8474
3	8475
8821	8476
3535	8477
8987	8478
9347	8479
9780	8480
9550	8481
4481	8482
3323	8483
9093	8484
1126	8485
716	8486
4423	8487
9184	8488
2651	8489
8366	8490
902	8491
1473	8492
375	8493
9077	8494
7349	8495
546	8496
2231	8497
305	8498
3985	8499
1829	8500
9003	8501
5734	8502
9345	8503
2945	8504
7484	8505
741	8506
7593	8507
4867	8508
9366	8509
2684	8510
8606	8511
1474	8512
6323	8513
167	8514
3936	8515
7355	8516
1202	8517
506	8518
131	8519
6826	8520
2070	8521
6599	8522
7936	8523
9369	8524
9275	8525
5476	8526
3499	8527
7926	8528
8280	8529
101	8530
6891	8531
1589	8532
655	8533
4314	8534
481	8535
6719	8536
8953	8537
1771	8538
1756	8539
8885	8540
8249	8541
9149	8542
2358	8543
7059	8544
814	8545
183	8546
8033	8547
9391	8548
9295	8549
5530	8550
1833	8551
6912	8552
2744	8553
946	8554
5641	8555
1704	8556
1493	8557
2689	8558
6747	8559
3106	8560
5673	8561
4630	8562
721	8563
6202	8564
8584	8565
8246	8566
4122	8567
6386	8568
2084	8569
9513	8570
3053	8571
2844	8572
71	8573
1811	8574
7368	8575
1369	8576
9198	8577
3305	8578
7087	8579
1452	8580
4410	8581
4552	8582
2708	8583
4098	8584
7322	8585
3706	8586
1848	8587
6582	8588
7353	8589
3093	8590
2981	8591
5298	8592
7928	8593
979	8594
6001	8595
5606	8596
698	8597
7470	8598
1413	8599
8468	8600
458	8601
5850	8602
8400	8603
3777	8604
190	8605
149	8606
4100	8607
9264	8608
5104	8609
1226	8610
3182	8611
5005	8612
5650	8613
3163	8614
720	8615
2707	8616
2905	8617
5185	8618
9006	8619
7609	8620
6159	8621
4603	8622
5022	8623
117	8624
6801	8625
5024	8626
7406	8627
7287	8628
630	8629
3067	8630
6162	8631
9404	8632
8168	8633
3734	8634
5976	8635
2142	8636
7523	8637
1162	8638
138	8639
6784	8640
7652	8641
1488	8642
2537	8643
8305	8644
5128	8645
7960	8646
5885	8647
8697	8648
8914	8649
6023	8650
9371	8651
5227	8652
9705	8653
1651	8654
4997	8655
6680	8656
9724	8657
6074	8658
6269	8659
7131	8660
7590	8661
7436	8662
7385	8663
5091	8664
5743	8665
9634	8666
1741	8667
4230	8668
1132	8669
9151	8670
9089	8671
8701	8672
8600	8673
2787	8674
7203	8675
8100	8676
191	8677
2483	8678
2095	8679
5838	8680
154	8681
1916	8682
3130	8683
1469	8684
3686	8685
4469	8686
2895	8687
5090	8688
7561	8689
8329	8690
2889	8691
2011	8692
5398	8693
5792	8694
6704	8695
3743	8696
7274	8697
3663	8698
1334	8699
2144	8700
24	8701
1104	8702
549	8703
1139	8704
4076	8705
6997	8706
3479	8707
6983	8708
3175	8709
4640	8710
1869	8711
6842	8712
8662	8713
6804	8714
8571	8715
5357	8716
8378	8717
162	8718
2348	8719
6313	8720
7144	8721
7582	8722
2982	8723
4981	8724
7110	8725
1542	8726
7343	8727
2185	8728
4605	8729
1875	8730
3979	8731
1763	8732
3152	8733
4461	8734
1003	8735
5679	8736
7831	8737
9666	8738
7207	8739
3125	8740
6679	8741
4157	8742
5526	8743
2963	8744
2507	8745
5068	8746
5084	8747
2588	8748
5543	8749
3944	8750
7983	8751
3036	8752
2053	8753
796	8754
869	8755
2258	8756
6296	8757
8674	8758
9568	8759
9591	8760
6897	8761
9	8762
3029	8763
1056	8764
7966	8765
1612	8766
4760	8767
7431	8768
7618	8769
9142	8770
1575	8771
2625	8772
8123	8773
6878	8774
900	8775
7550	8776
86	8777
4628	8778
1247	8779
434	8780
60	8781
8548	8782
1644	8783
6292	8784
8709	8785
2683	8786
5074	8787
9037	8788
2510	8789
3353	8790
2170	8791
3959	8792
8601	8793
7691	8794
3476	8795
5167	8796
1480	8797
9662	8798
414	8799
765	8800
5595	8801
2373	8802
5534	8803
6802	8804
6261	8805
1211	8806
4656	8807
7784	8808
4326	8809
5216	8810
7021	8811
127	8812
3536	8813
3290	8814
5081	8815
9010	8816
6663	8817
8489	8818
7416	8819
5070	8820
7816	8821
8361	8822
1996	8823
2668	8824
1574	8825
4900	8826
7369	8827
5382	8828
9551	8829
9346	8830
8446	8831
189	8832
7905	8833
1769	8834
3077	8835
6886	8836
3978	8837
542	8838
3673	8839
5979	8840
3637	8841
2918	8842
1376	8843
9373	8844
3335	8845
6570	8846
3477	8847
5120	8848
1823	8849
8627	8850
4935	8851
4173	8852
4649	8853
121	8854
8611	8855
3333	8856
8199	8857
9713	8858
8695	8859
9400	8860
4040	8861
6408	8862
3695	8863
3184	8864
5487	8865
3808	8866
3319	8867
4768	8868
4446	8869
9008	8870
8552	8871
8544	8872
4444	8873
487	8874
3626	8875
6943	8876
4856	8877
2731	8878
4297	8879
2442	8880
4652	8881
4657	8882
65	8883
6262	8884
6725	8885
2226	8886
834	8887
2380	8888
8211	8889
5095	8890
6652	8891
6511	8892
9241	8893
7677	8894
1444	8895
8058	8896
6357	8897
2815	8898
5078	8899
3799	8900
3142	8901
338	8902
8488	8903
3752	8904
6431	8905
8294	8906
4380	8907
7885	8908
1935	8909
6564	8910
1440	8911
5757	8912
5443	8913
7843	8914
2517	8915
4111	8916
2774	8917
3527	8918
3436	8919
1348	8920
8816	8921
9204	8922
4835	8923
8851	8924
8261	8925
4311	8926
6857	8927
6152	8928
4088	8929
4777	8930
9785	8931
222	8932
9579	8933
5610	8934
4022	8935
335	8936
2685	8937
7814	8938
329	8939
7871	8940
5412	8941
121	8942
6529	8943
66	8944
7109	8945
1601	8946
1335	8947
3056	8948
8335	8949
4213	8950
1489	8951
7033	8952
6919	8953
8333	8954
9725	8955
5943	8956
7638	8957
1208	8958
4082	8959
5278	8960
804	8961
8117	8962
7042	8963
4301	8964
77	8965
998	8966
6192	8967
1265	8968
600	8969
9649	8970
840	8971
5706	8972
3910	8973
4756	8974
1167	8975
6356	8976
7181	8977
5331	8978
2854	8979
6146	8980
1295	8981
8818	8982
1782	8983
8113	8984
5916	8985
7835	8986
2254	8987
184	8988
6007	8989
2262	8990
5639	8991
5609	8992
6130	8993
2491	8994
9504	8995
1572	8996
8238	8997
6782	8998
3880	8999
2936	9000
2692	9001
7388	9002
5444	9003
8298	9004
8881	9005
5909	9006
1267	9007
4467	9008
2392	9009
1428	9010
3847	9011
6267	9012
4975	9013
268	9014
6908	9015
8545	9016
8401	9017
1747	9018
575	9019
3781	9020
6658	9021
1616	9022
1302	9023
3599	9024
6966	9025
7850	9026
3126	9027
7946	9028
3765	9029
9102	9030
2797	9031
9265	9032
7142	9033
5380	9034
1876	9035
4384	9036
9213	9037
9793	9038
1690	9039
2753	9040
192	9041
9335	9042
231	9043
6590	9044
2485	9045
4219	9046
733	9047
6391	9048
2153	9049
4442	9050
513	9051
891	9052
4505	9053
6346	9054
384	9055
4212	9056
5834	9057
7792	9058
1946	9059
165	9060
846	9061
8748	9062
5737	9063
5695	9064
7400	9065
5363	9066
62	9067
174	9068
2455	9069
3074	9070
934	9071
7653	9072
8927	9073
5037	9074
349	9075
4741	9076
2112	9077
3873	9078
4800	9079
7934	9080
2215	9081
8000	9082
5917	9083
2608	9084
9678	9085
8002	9086
1774	9087
242	9088
1717	9089
11	9090
3678	9091
2527	9092
4589	9093
7956	9094
192	9095
1614	9096
3957	9097
5431	9098
7122	9099
4397	9100
7003	9101
2670	9102
4354	9103
3787	9104
5426	9105
123	9106
8408	9107
1620	9108
1548	9109
870	9110
118	9111
1563	9112
325	9113
4468	9114
4133	9115
229	9116
974	9117
1754	9118
1917	9119
4299	9120
8284	9121
4932	9122
428	9123
9212	9124
4726	9125
4475	9126
8752	9127
6351	9128
7344	9129
5647	9130
9341	9131
6249	9132
4902	9133
9459	9134
8477	9135
5159	9136
6620	9137
1061	9138
5049	9139
3006	9140
8340	9141
446	9142
8437	9143
8134	9144
7234	9145
738	9146
1800	9147
3567	9148
4252	9149
545	9150
235	9151
2154	9152
9328	9153
7025	9154
5374	9155
1498	9156
2118	9157
855	9158
645	9159
6553	9160
4991	9161
4431	9162
6761	9163
752	9164
2079	9165
973	9166
350	9167
1282	9168
4955	9169
8109	9170
2055	9171
1492	9172
7764	9173
7129	9174
3412	9175
5636	9176
4691	9177
4275	9178
1039	9179
5644	9180
8630	9181
7468	9182
5627	9183
999	9184
2167	9185
427	9186
8309	9187
2337	9188
2250	9189
7146	9190
6533	9191
937	9192
4993	9193
7869	9194
5849	9195
5436	9196
3257	9197
3322	9198
5138	9199
54	9200
6302	9201
7826	9202
5173	9203
2135	9204
7268	9205
1578	9206
4708	9207
8501	9208
6824	9209
5150	9210
1522	9211
3591	9212
7211	9213
8535	9214
3610	9215
4952	9216
2217	9217
7080	9218
4937	9219
6189	9220
1882	9221
2954	9222
3414	9223
981	9224
9014	9225
1184	9226
9024	9227
4097	9228
5635	9229
9108	9230
8037	9231
9616	9232
5589	9233
4570	9234
6812	9235
5787	9236
7514	9237
790	9238
6210	9239
3869	9240
7331	9241
3432	9242
8056	9243
7382	9244
1171	9245
7830	9246
2817	9247
9512	9248
6155	9249
5771	9250
4923	9251
3705	9252
5574	9253
3392	9254
7440	9255
516	9256
6090	9257
9449	9258
1408	9259
6119	9260
1246	9261
879	9262
1921	9263
8196	9264
4302	9265
1054	9266
8560	9267
4372	9268
3922	9269
4222	9270
5018	9271
1758	9272
4750	9273
6803	9274
9795	9275
989	9276
2958	9277
1230	9278
217	9279
7899	9280
6978	9281
9458	9282
8355	9283
7257	9284
8431	9285
2911	9286
2335	9287
4887	9288
2988	9289
3835	9290
8077	9291
3619	9292
5513	9293
4116	9294
6922	9295
4610	9296
85	9297
4919	9298
3658	9299
1534	9300
9094	9301
382	9302
435	9303
3803	9304
4883	9305
2864	9306
8183	9307
7995	9308
706	9309
1929	9310
3058	9311
8492	9312
7886	9313
3758	9314
2796	9315
6352	9316
2207	9317
3143	9318
3274	9319
5844	9320
164	9321
9778	9322
1367	9323
9016	9324
8050	9325
2197	9326
6720	9327
1263	9328
2955	9329
8916	9330
1664	9331
7112	9332
1291	9333
5282	9334
4478	9335
5228	9336
7571	9337
763	9338
7707	9339
6041	9340
9126	9341
318	9342
2454	9343
8506	9344
4757	9345
1671	9346
7870	9347
5599	9348
7128	9349
4438	9350
1529	9351
4319	9352
4107	9353
3948	9354
1024	9355
2794	9356
1639	9357
8719	9358
9679	9359
2403	9360
5961	9361
7576	9362
2357	9363
4102	9364
533	9365
8766	9366
1042	9367
1	9368
569	9369
5637	9370
7296	9371
6109	9372
7460	9373
6436	9374
6772	9375
802	9376
8696	9377
5887	9378
2999	9379
984	9380
1805	9381
5361	9382
8603	9383
713	9384
1424	9385
1016	9386
4992	9387
68	9388
7474	9389
5797	9390
5379	9391
4718	9392
8865	9393
6139	9394
4156	9395
4148	9396
4075	9397
2699	9398
9036	9399
6004	9400
8370	9401
2906	9402
3193	9403
9742	9404
9480	9405
7724	9406
5399	9407
6545	9408
2502	9409
6986	9410
7879	9411
8507	9412
3197	9413
9744	9414
7669	9415
8346	9416
850	9417
5783	9418
3019	9419
1481	9420
3445	9421
5077	9422
8618	9423
1215	9424
8595	9425
6913	9426
7488	9427
7716	9428
1438	9429
968	9430
5871	9431
5106	9432
7914	9433
2138	9434
9333	9435
1182	9436
1172	9437
3713	9438
4470	9439
8021	9440
4080	9441
4577	9442
8321	9443
8935	9444
4660	9445
4359	9446
3032	9447
767	9448
3076	9449
2181	9450
1490	9451
1888	9452
9052	9453
859	9454
8500	9455
8409	9456
5253	9457
5118	9458
1064	9459
6078	9460
7318	9461
8922	9462
6502	9463
346	9464
620	9465
6088	9466
4886	9467
5459	9468
537	9469
3549	9470
4038	9471
7535	9472
7174	9473
4064	9474
3427	9475
2441	9476
1333	9477
8676	9478
4085	9479
2703	9480
7487	9481
602	9482
4791	9483
9448	9484
8690	9485
327	9486
5100	9487
2986	9488
9439	9489
453	9490
4216	9491
176	9492
206	9493
1451	9494
43	9495
7565	9496
7568	9497
6683	9498
3379	9499
284	9500
7904	9501
609	9502
2993	9503
5839	9504
965	9505
7774	9506
9665	9507
4942	9508
3508	9509
4719	9510
873	9511
6528	9512
5093	9513
7486	9514
8837	9515
2243	9516
6907	9517
5036	9518
368	9519
4177	9520
7374	9521
9387	9522
2460	9523
8476	9524
5187	9525
5303	9526
8713	9527
2320	9528
3101	9529
5786	9530
7794	9531
3222	9532
7071	9533
8231	9534
2299	9535
614	9536
7556	9537
1610	9538
292	9539
7756	9540
5370	9541
885	9542
9083	9543
4737	9544
89	9545
9719	9546
7515	9547
6381	9548
37	9549
9242	9550
2789	9551
8494	9552
3480	9553
6931	9554
6949	9555
8090	9556
7993	9557
677	9558
8722	9559
8197	9560
9708	9561
6984	9562
3694	9563
5670	9564
2446	9565
3140	9566
1849	9567
7456	9568
8383	9569
104	9570
791	9571
6923	9572
2894	9573
2467	9574
112	9575
603	9576
818	9577
8016	9578
4910	9579
5457	9580
7524	9581
699	9582
6329	9583
7713	9584
5897	9585
8855	9586
5116	9587
7866	9588
377	9589
9610	9590
6360	9591
1142	9592
2406	9593
2304	9594
5973	9595
7679	9596
2228	9597
3345	9598
8810	9599
4308	9600
4908	9601
5107	9602
1710	9603
4030	9604
4825	9605
8614	9606
8823	9607
4106	9608
2187	9609
7311	9610
5701	9611
5131	9612
9227	9613
2246	9614
280	9615
9600	9616
3884	9617
4901	9618
6449	9619
3226	9620
5119	9621
8635	9622
5519	9623
5318	9624
897	9625
9737	9626
1025	9627
4450	9628
9562	9629
158	9630
5681	9631
5103	9632
4060	9633
3968	9634
2221	9635
5568	9636
8487	9637
3198	9638
9028	9639
9466	9640
6600	9641
4441	9642
8678	9643
6855	9644
9432	9645
7479	9646
2621	9647
2	9648
7102	9649
5230	9650
7391	9651
1737	9652
9529	9653
4340	9654
7152	9655
9641	9656
8994	9657
6392	9658
4289	9659
1237	9660
5314	9661
9441	9662
6176	9663
3456	9664
6587	9665
6250	9666
6667	9667
911	9668
9009	9669
9767	9670
3309	9671
6634	9672
1321	9673
1047	9674
7782	9675
4492	9676
7002	9677
8838	9678
3321	9679
52	9680
469	9681
3484	9682
5143	9683
137	9684
5321	9685
140	9686
7157	9687
3669	9688
7752	9689
7248	9690
9653	9691
3228	9692
8124	9693
3559	9694
7947	9695
7194	9696
1437	9697
3889	9698
320	9699
43	9700
3715	9701
156	9702
1686	9703
5092	9704
932	9705
1561	9706
8610	9707
4013	9708
4084	9709
5458	9710
39	9711
5619	9712
1238	9713
9054	9714
3517	9715
2418	9716
6190	9717
6295	9718
5470	9719
9249	9720
143	9721
3177	9722
1873	9723
5878	9724
2859	9725
4046	9726
6047	9727
751	9728
290	9729
6665	9730
1459	9731
4892	9732
4520	9733
7808	9734
5192	9735
7198	9736
3820	9737
2558	9738
3191	9739
5306	9740
4242	9741
7900	9742
1733	9743
3046	9744
8302	9745
7762	9746
3754	9747
8126	9748
5996	9749
9143	9750
5368	9751
2706	9752
8169	9753
7148	9754
457	9755
5656	9756
6795	9757
4318	9758
2888	9759
3368	9760
1775	9761
3722	9762
7503	9763
5802	9764
584	9765
269	9766
6630	9767
8005	9768
4248	9769
3313	9770
2396	9771
7670	9772
267	9773
48	9774
4448	9775
67	9776
4042	9777
6547	9778
7300	9779
5782	9780
5983	9781
4144	9782
8493	9783
5655	9784
6211	9785
1872	9786
6530	9787
7696	9788
2604	9789
8219	9790
9180	9791
4670	9792
9011	9793
1328	9794
4312	9795
6873	9796
1816	9797
168	9798
1323	9799
4207	9800
7854	9801
2332	9802
115	9803
1495	9804
5249	9805
1729	9806
30	9807
65	9808
605	9809
7553	9810
6833	9811
7455	9812
8067	9813
64	9814
1252	9815
9472	9816
2415	9817
558	9818
927	9819
3131	9820
7350	9821
93	9822
5962	9823
7948	9824
5684	9825
4247	9826
5392	9827
7923	9828
7189	9829
1759	9830
6990	9831
2656	9832
4508	9833
5333	9834
880	9835
9307	9836
6077	9837
2050	9838
1963	9839
169	9840
163	9841
9455	9842
5924	9843
1261	9844
6057	9845
2856	9846
754	9847
8412	9848
8940	9849
7539	9850
3796	9851
2938	9852
6168	9853
5559	9854
2883	9855
6086	9856
360	9857
9651	9858
3471	9859
4631	9860
7861	9861
6678	9862
7356	9863
6203	9864
7941	9865
2462	9866
362	9867
7034	9868
3229	9869
163	9870
3485	9871
2748	9872
7510	9873
7988	9874
7802	9875
7779	9876
7176	9877
3216	9878
2459	9879
2803	9880
4939	9881
6137	9882
9664	9883
8343	9884
5717	9885
3160	9886
3378	9887
6767	9888
6738	9889
3299	9890
6282	9891
7700	9892
8644	9893
4545	9894
3317	9895
5326	9896
6998	9897
6915	9898
1447	9899
1193	9900
3831	9901
7286	9902
4368	9903
4147	9904
3930	9905
6271	9906
6461	9907
2834	9908
5872	9909
2021	9910
854	9911
9370	9912
1577	9913
3740	9914
6651	9915
7705	9916
7185	9917
3995	9918
4515	9919
4668	9920
9286	9921
6779	9922
3839	9923
5947	9924
6832	9925
5007	9926
3042	9927
2524	9928
7389	9929
1719	9930
7323	9931
1959	9932
1503	9933
7413	9934
824	9935
95	9936
3589	9937
6144	9938
3151	9939
7872	9940
4090	9941
4542	9942
5840	9943
4430	9944
3264	9945
94	9946
4995	9947
4875	9948
1927	9949
5895	9950
736	9951
2133	9952
6947	9953
1234	9954
419	9955
8956	9956
9354	9957
8032	9958
540	9959
9303	9960
8013	9961
9696	9962
2063	9963
7631	9964
6084	9965
9444	9966
5778	9967
7929	9968
9470	9969
6870	9970
9111	9971
5995	9972
5401	9973
6675	9974
7891	9975
161	9976
3578	9977
5941	9978
5454	9979
8554	9980
4809	9981
239	9982
6046	9983
6372	9984
2048	9985
4083	9986
4071	9987
1340	9988
2210	9989
3448	9990
1255	9991
906	9992
4529	9993
136	9994
4830	9995
4711	9996
9117	9997
7668	9998
7786	9999
3989	10000
