122	572	3	15.44
104	2570	5	31.46
1886	2613	3	49.67
640	8207	3	53.41
104	703	8	35.58
3014	291	3	38.33
12	2093	3	5.5
151	174	3	9.09
141	1202	5	43.02
247	282	3	21.72
1025	120	6	43.36
4556	12	4	16.62
1243	12	4	5.64
183	527	3	22.48
177	108	11	21.06
12	670	10	20.52
182	802	4	35.96
204	996	3	28.34
195	1023	14	186.29
114	150	9	15.27
116	4515	5	53.02
802	14	4	4.94
194	166	4	19.55
102	203	72	406.55
104	3590	3	16.94
459	107	5	15.32
4083	152	3	32.44
5257	14	4	24.33
1655	102	5	22.18
102	456	10	31.67
2	13	19	30.84
433	103	38	262.01
817	101	4	7.44
339	1510	3	35.04
138	392	5	30.45
107	2960	3	17.47
169	105	21	53.52
241	141	14	99.48
4099	3370	3	57.43
4301	14	3	11.71
516	182	6	53.45
147	292	7	45.98
109	5257	4	37.15
102	1168	6	25.08
101	542	12	38.54
137	175	3	7.63
102	1347	7	34.35
101	439	9	19.1
116	1122	5	32.54
2576	16	4	30.95
101	2261	3	9.25
140	1350	7	68.65
101	2157	3	9.25
104	586	8	32.42
104	383	11	40.34
101	948	3	4.82
635	12	6	5.91
120	2194	3	21.67
112	1360	8	62.34
872	101	3	4.31
101	1761	3	7.95
5103	12	3	11.76
1193	331	4	47.23
1612	12	6	16.44
3153	101	4	19.55
489	12	8	7.77
103	240	5	3.94
149	297	12	93.93
2573	152	4	41.15
102	2356	7	47.46
198	808	3	26.24
109	137	103	520.66
12	310	11	8.08
12	159	149	508.91
120	1924	5	41.32
102	834	3	6.22
756	12	22	104.7
1474	12	4	6.71
103	359	5	7.85
126	452	8	55.14
103	411	4	5.61
144	1297	8	81.75
111	4465	5	50.14
2757	12	3	7.12
101	735	6	14.34
103	1332	3	9.31
1051	1528	7	115.25
155	181	6	28.54
221	102	6	4.59
152	446	14	129.92
155	130	5	12.32
6813	118	3	32.49
5192	1753	4	79.91
4180	1458	4	73.28
236	6575	3	46.17
126	1250	3	20.97
1908	14	3	6.72
104	233	12	32.13
5676	324	3	44.26
346	202	15	161.19
1374	12	4	6.14
101	4663	3	13.7
578	128	4	24.02
1124	881	7	107.48
115	114	16	11.55
129	119	20	59.04
421	12	11	13.83
4678	103	4	26.25
1854	4799	3	55.76
331	14	8	7.02
104	3692	3	16.94
622	4271	3	46.46
4128	14	5	30.41
956	14	4	6.24
121	123	7	9.92
101	1658	5	18
218	223	5	36.58
113	207	3	4.42
113	148	37	158.28
125	887	4	27.17
104	1206	3	10.12
103	3019	4	21.77
102	2339	5	27.72
543	589	6	74.89
2060	447	5	72.66
112	5980	4	40.68
104	434	3	4.51
110	319	3	5.36
104	486	5	13.11
1511	12	10	40.09
104	537	4	9.84
13	262	3	9.95
1378	104	3	10.95
2061	14	4	12.45
131	922	3	19.83
119	283	7	31.52
102	4076	5	38.17
220	104	5	5.13
102	1330	5	20.32
107	249	10	29.95
137	265	3	12.56
156	282	7	47.33
993	12	6	10.36
385	101	7	9.59
134	105	56	160.14
3772	119	3	26.15
1024	12	5	7.42
3000	12	3	7.12
1200	12	4	5.18
755	101	8	24.66
108	390	4	9.09
4883	6333	3	67.98
162	175	4	16.67
580	323	4	41.25
112	2330	3	19.99
117	156	11	28.91
117	111	13	5.7
111	1522	3	16.17
1469	102	3	9.3
104	2071	4	21.35
371	14	52	316.54
1829	494	8	125.57
101	1607	3	7.42
238	132	5	22.91
559	114	7	38.05
255	12	29	56.73
2236	12	3	5.5
140	5273	3	33.2
122	344	5	25.26
224	12	14	7.02
773	14	4	4.66
159	184	5	23.74
287	1799	6	80.71
169	399	6	47.2
102	3819	4	25.58
8	1545	3	22
1236	104	4	16.5
2	264	3	6.16
4511	12	3	9.67
102	482	8	22.88
2157	12	5	15.05
188	108	9	16.45
2667	2	8	81
209	110	16	62.36
126	816	3	18.49
986	16	3	15.09
102	4901	3	18.45
2693	14	7	42.58
117	287	3	7.99
1411	14	4	8.56
242	4208	3	39.58
5360	102	3	18.45
820	14	4	5.23
113	1985	3	18.41
58	101	5	7.18
122	291	5	23.3
5601	12	3	11.76
102	1559	5	22.18
7371	103	3	23.41
101	151	22	11.77
184	132	3	7.84
658	614	27	510.45
128	536	6	40.47
101	3074	4	17.7
159	111	13	33.06
681	102	5	13.28
112	3375	5	45.46
104	745	4	12.21
7409	3521	3	64.16
539	102	6	15.36
108	140	9	4.65
121	2534	4	35.69
104	1891	3	13.16
102	288	9	17.95
2980	2202	6	119.44
105	4041	3	19.07
101	1526	5	17.05
873	2603	3	44.67
179	105	21	58.52
325	110	3	5.53
129	106	33	63.22
3817	12	5	26.86
1970	107	6	40.53
995	14	4	6.24
2109	14	4	12.45
668	13	4	23.66
402	104	5	11.18
102	692	16	86.18
136	162	3	6.37
155	148	23	144.53
102	1896	3	11
112	3677	5	45.46
235	1372	7	88.49
122	2153	4	34.59
2238	103	3	12.19
115	240	6	20.03
110	136	14	17.13
101	2183	4	15.03
1433	237	3	32.13
104	2857	3	15.73
1959	14	5	17.04
692	116	9	61.28
104	4774	4	33.56
271	102	5	4.74
119	235	3	7.22
253	14	11	9.03
101	970	5	12.88
1988	14	3	6.72
3330	125	3	27.34
3619	3262	6	136.63
104	3996	3	18.5
2028	171	3	30.38
113	130	25	67.31
3669	12	3	8.22
109	101	374	775.54
1006	450	3	34.65
140	495	17	162.07
406	12	20	47.14
3559	12	4	14.13
2629	12	4	10.96
102	1040	3	7.35
102	888	6	21.35
113	181	21	91.65
126	204	6	25.72
837	12	9	20.41
2744	931	3	46.01
3092	118	3	22.97
109	142	24	52.99
12	367	52	279.47
171	107	12	22.97
13	9	5	4.02
317	14	11	14.24
2957	125	3	26.1
2359	6400	3	61.89
8517	107	3	26.94
110	123	14	11.01
119	147	5	6.31
5056	885	3	50.75
101	921	12	54.8
2010	1181	3	44.82
1092	103	3	8.13
6019	12	3	11.76
804	12	12	34.17
104	2694	7	58.73
116	3748	3	25.1
419	1083	3	34.46
221	296	3	21.18
2310	14	4	13.63
2731	16	5	44.15
104	251	32	158.69
6697	1980	3	60.26
182	14	34	55.63
4629	14	5	30.41
1436	16	3	17.56
112	3065	3	21
119	1274	5	35.77
3403	126	6	71.88
102	783	7	25.89
102	843	8	32.86
2418	132	4	37.84
715	12	7	9.99
205	149	3	11.79
1067	115	3	15.85
105	1260	9	57.23
111	1468	10	86.32
111	1620	4	24.94
2881	14	3	9.08
1564	102	4	15.62
7	161	3	7.54
102	200	14	24.17
4221	14	3	11.71
2848	14	3	9.08
13	8597	3	34.62
107	384	12	53.05
120	132	25	88.54
1190	12	12	47.03
115	660	5	26.55
180	124	3	6.37
104	1093	12	80.26
102	6191	3	22.9
268	12	14	12.17
107	5182	3	22.47
118	490	5	24.6
368	102	4	4.47
101	356	9	15.32
201	513	3	23.74
103	738	4	10.08
200	1948	4	45.47
120	4164	3	26.36
1458	102	3	9.3
1545	9	4	31.58
324	815	4	44.23
116	2155	5	40.7
361	234	6	55.01
141	110	24	55.25
1972	12	6	19.33
108	555	3	7.62
198	120	7	23.89
650	101	4	5.75
1279	12	11	42.25
143	293	15	118.4
116	4013	4	37.42
102	1724	4	16.43
200	110	7	14.08
130	124	35	171.01
720	103	4	10.08
171	104	7	4.61
586	1376	6	87.05
724	423	4	45.36
110	184	5	5.75
102	2372	3	12.54
2545	14	3	8.15
101	5651	3	15.86
7555	2089	3	61.02
855	1252	3	40.24
1783	14	3	6.14
3775	14	3	11.71
2414	125	4	36.46
111	3591	4	32.5
102	901	15	92.28
515	644	27	484.51
167	110	8	12.07
417	131	3	14.67
2439	4245	5	105.1
102	698	13	63.81
113	369	11	58.89
121	151	4	6.24
135	231	6	29.74
3995	12	4	16.62
411	101	10	21.54
102	4493	3	16.26
115	1590	3	18.14
102	4597	3	16.26
102	2575	4	19.62
193	345	3	20.4
104	7605	3	25.17
116	1495	4	26.45
603	148	4	28.53
1294	242	3	31.31
104	6404	3	25.17
1465	171	6	65.82
382	142	3	15.1
758	819	22	430.05
102	1918	6	32.53
4675	3111	3	57.43
242	141	3	11.84
155	105	37	109.39
2914	12	3	7.12
5169	416	3	45.8
118	605	11	79.99
587	966	4	50.94
5267	12	3	11.76
3434	12	3	8.22
1584	12	4	7.34
101	2968	3	11
3808	6384	3	65.75
122	453	6	36.17
2118	14	4	12.45
101	244	57	275.91
1212	14	3	4.08
131	137	6	13.22
2083	14	3	7.38
104	5446	3	20.7
113	882	9	63.13
3459	554	5	82.21
3154	125	3	27.34
1	39	6	65.63
102	3141	5	32.81
12	985	13	46.98
122	3915	3	28.47
141	101	24	8.88
157	373	52	702.99
140	1086	3	21.9
103	679	3	5.55
275	14	8	4.69
134	130	4	5.26
102	591	4	7.9
1366	8	3	20.96
5703	1612	3	54.48
107	1476	4	20.08
1004	499	3	35.27
646	104	4	11.32
7895	107	3	26.94
776	12	5	4.97
102	6130	3	18.45
105	163	9	8.79
2622	12	3	6.23
685	110	3	9.83
385	115	7	33.3
107	233	6	11.58
174	101	29	47.42
133	406	3	14.59
513	606	3	32.16
105	210	6	8.14
928	14	7	17.95
964	137	3	20.88
6763	14	3	18.25
220	118	4	10.6
145	123	4	5.93
1888	14	3	6.72
853	111	3	12.81
1415	105	3	11.5
209	101	10	8.03
695	108	3	8.98
755	115	3	13.68
838	110	3	11.05
2	505	3	9.97
589	566	5	60.56
102	6226	3	22.9
1555	12	9	35.27
8494	598	3	52.76
7	7	68	554.06
115	1950	3	19.4
2301	14	4	13.63
414	104	3	4.29
557	127	11	90.07
108	257	12	41.89
1243	125	4	30.19
12	701	6	6.96
127	2058	3	24.52
101	5052	3	15.86
107	2844	3	17.47
111	113	153	649.31
105	517	3	6
1369	104	3	10.95
1066	14	4	7.05
4042	14	3	11.71
1522	12	4	6.71
101	260	53	267.22
665	658	27	525
803	238	3	28.38
107	434	5	14.63
109	3412	3	19.6
104	2453	3	14.73
118	314	5	19.91
3968	12	3	9.67
382	101	13	32.66
311	215	14	146.8
170	605	8	76.83
104	249	6	9.36
467	233	3	24.83
2890	14	4	15.06
101	648	18	85.97
102	1903	6	32.53
231	104	6	8.59
554	118	5	26.35
126	421	5	28.69
129	2963	7	84.95
5536	104	3	20.7
153	200	5	23.81
121	111	20	35.05
101	1996	4	14.01
101	2099	4	15.03
199	282	9	78.6
1887	1800	4	66.45
144	2655	7	83.6
12	385	18	35.13
109	110	32	10.82
300	149	4	22.26
109	155	22	57.25
1966	12	4	8.87
107	3242	3	18.69
4483	12	3	9.67
1230	6240	3	57.46
176	120	4	7.28
6559	6397	3	72.48
364	168	4	27.22
130	139	5	9.61
511	279	8	88.73
253	111	14	66.08
120	876	3	16
886	12	7	12.84
105	825	9	47.85
207	120	5	15.48
554	107	8	35.88
514	142	5	34.03
5049	14	3	13.85
116	141	70	393.01
1637	2039	7	131.41
109	1305	5	27.54
12	1595	3	3.89
1266	12	6	13.31
104	6298	3	25.17
115	124	9	8.66
146	141	21	112.46
130	513	3	15.8
123	152	8	22.48
1801	14	3	6.14
565	14	10	23.23
102	1694	3	10.37
112	5971	3	26.02
767	114	3	12.94
109	115	47	75.37
127	1281	3	20.99
12	398	42	186.49
2924	12	3	7.12
195	111	7	16.94
153	456	4	26.04
1634	14	3	5.63
113	145	66	357.69
218	184	12	99.16
113	212	4	7.98
420	255	3	24.73
105	1412	6	32.6
117	244	8	32.81
118	3958	5	54.17
12	1079	5	7.95
3346	14	3	10.22
333	1505	3	34.93
105	3704	3	17.51
248	101	27	80.43
103	649	3	5.36
102	1269	3	8.42
4426	224	4	56.07
1837	238	3	33.96
104	2223	3	13.89
128	162	7	23.41
6978	14	3	18.25
107	5151	3	22.47
1351	112	3	16.1
197	232	8	63.14
4527	2063	4	76.96
220	159	6	35.7
1664	263	3	33.88
913	14	5	9.39
159	123	4	7.78
128	417	8	53.75
261	14	13	15.98
107	413	12	55.21
101	269	7	5.78
107	564	4	12.44
101	186	14	11.04
647	108	3	8.55
126	1826	7	69.47
12	3394	4	14.13
4702	136	3	30.33
106	836	3	9.22
380	105	5	11.46
102	304	9	19.18
250	715	4	39.77
880	14	4	5.54
111	1511	4	24.18
1343	14	3	4.78
233	14	12	9.76
7	177	3	8.75
116	2608	5	42.47
5873	14	3	13.85
1067	101	3	5.41
361	429	3	27.4
139	1073	3	21.9
108	114	31	19.3
1756	12	4	8.05
1129	103	3	8.13
108	1386	3	12.76
133	227	3	10.47
6531	101	3	20.29
187	101	43	119.29
1785	12	7	23.74
213	2264	5	63.22
159	136	6	19.33
1250	14	3	4.41
184	107	63	363.25
107	579	3	7.69
101	123	56	50.7
101	290	9	11.8
123	613	6	40.53
202	14	15	12.34
1491	116	5	35.78
4665	14	3	11.71
101	424	5	5.19
102	1284	12	76.75
119	701	4	21.68
188	1463	12	166.29
112	3663	5	45.46
1246	103	3	8.88
3720	484	4	60.9
104	7116	3	25.17
16	122	13	19.05
16	170	5	8.38
1533	12	8	26.35
549	12	14	32.9
3384	1	6	80.77
117	143	5	4.14
817	110	4	17.11
1164	14	5	11.61
2578	104	4	22.59
101	1196	4	9.89
204	294	4	29.66
312	2054	9	146.29
102	2369	7	47.46
924	116	3	15.07
12	351	16	25.68
2506	14	5	20.12
113	105	112	250.33
113	300	12	61.12
167	115	7	15.39
143	105	19	23.84
119	190	4	8.58
101	937	3	4.56
104	2890	4	24.09
196	4695	4	53.42
307	120	7	33.71
2716	101	7	47.35
6483	13	3	34.62
110	111	46	58.89
682	118	23	227.04
5354	9	4	46.81
6596	6613	3	72.48
104	384	6	14.76
217	16	101	1070.45
1488	377	10	152.55
294	1776	3	35.09
526	107	3	7.19
12	1580	5	11.54
106	160	12	16.34
103	1116	4	13.19
106	108	186	424.61
136	129	4	5.46
5959	12	4	21.48
135	108	11	6.45
6963	8263	3	72.48
102	4544	3	16.26
377	14	7	5.9
962	12	6	10.36
102	2424	3	12.54
320	105	4	6.48
102	4546	4	25.58
102	4598	3	16.26
693	101	11	39.01
205	773	4	38.36
341	12	13	15.21
12	174	106	335.02
430	162	27	312.73
102	781	11	52.69
102	6960	3	22.9
103	374	52	406.36
1403	14	6	18.16
101	812	3	3.86
1765	14	3	6.14
148	152	3	6.53
101	676	4	5.99
6148	440	3	50.71
332	111	4	11.85
164	455	5	38.44
1922	12	3	4.88
4896	12	3	11.76
2149	12	4	9.82
3600	475	6	102.82
101	4376	3	13.7
107	8324	3	26.94
110	115	38	51.65
101	931	3	4.56
1502	102	3	9.3
461	501	38	703.59
105	4626	3	19.07
102	1723	5	23.28
7370	107	3	26.94
2441	14	3	8.15
285	792	3	29.91
12	4012	3	9.67
511	1460	3	37.61
105	3299	4	26.75
894	178	3	25.26
167	111	9	19.98
3261	3492	3	55.84
2027	12	5	13.7
176	132	3	7.03
102	4409	3	16.26
6028	1706	3	55.09
245	120	15	86.57
1598	12	4	7.34
104	5702	3	20.7
134	131	22	98.33
107	1400	5	26.86
1033	102	4	12.09
3915	2383	3	55.16
1198	14	3	4.08
734	104	3	7.49
420	16	38	361.47
120	451	4	18
12	1703	10	47.15
104	1027	3	9.4
1059	182	4	38.65
2819	214	3	35.79
102	6027	3	18.45
598	263	4	39.39
112	1734	5	35.77
122	274	3	10.64
870	101	4	7.78
1567	12	3	3.89
1272	119	3	17.95
128	5180	3	31.5
119	771	3	14.95
107	197	9	17.91
242	725	5	52.29
4043	1193	3	50.3
7250	12	3	16.11
470	185	9	86.83
131	136	18	74.91
156	516	4	28
151	107	16	26.31
102	3775	4	25.58
105	349	3	3.98
112	2617	8	81.39
916	14	4	5.88
2604	12	4	10.96
365	12	24	60.03
125	304	3	11.75
192	101	39	105.27
138	114	14	29.01
427	12	7	4.06
101	1488	3	6.94
2259	112	4	28.38
4751	2700	3	58.42
101	1592	4	12.33
107	1205	5	25.28
122	1302	15	176.29
1109	125	6	49.31
719	104	20	143.03
131	123	13	38.32
138	3698	3	29.35
237	180	3	16.47
107	435	3	6.08
101	3016	4	17.7
159	101	17	8.19
120	284	14	84.95
2056	101	3	9.25
1647	12	4	7.34
527	117	5	24.99
1197	5545	3	52.53
4025	14	3	11.71
943	499	3	34.92
107	232	15	55.04
101	395	12	29.18
147	257	3	13.39
122	1454	4	30.93
154	113	7	9.45
3376	14	6	36.5
102	2666	5	27.72
108	407	7	24.49
3510	12	3	8.22
239	108	5	8.37
104	6105	3	20.7
195	115	6	15.44
103	188	11	13.09
1038	12	7	15.09
102	989	14	85.23
1148	8	16	189.45
2470	14	3	8.15
608	14	6	8.82
132	111	8	6.21
4064	763	4	67.7
161	4064	4	49.53
513	102	4	6.66
101	4423	4	22.12
102	5676	3	18.45
479	410	7	80.6
103	1620	3	10.28
5708	12	3	11.76
102	1708	6	30.87
139	6089	3	33.2
190	120	3	5.15
136	160	7	24.76
164	541	3	21.15
106	195	9	15.96
103	1153	4	13.71
4085	12	3	9.67
2344	4742	4	83.24
1980	12	3	4.88
481	136	4	23.76
869	12	10	26.2
7818	12	3	16.11
764	102	3	5.75
1816	102	3	10.37
109	1120	3	12.29
117	1647	4	27.53
157	8141	3	39.93
107	4387	3	20.26
105	1029	7	36.33
109	408	3	6.4
12	133	45	7.83
1464	14	3	5.18
129	164	5	14.89
133	2112	3	25.27
2607	102	3	12.54
135	129	5	8.33
103	527	5	11.53
499	103	3	3.85
612	103	4	8.71
101	2100	4	15.03
2710	2724	7	157.25
1786	14	3	6.14
104	472	4	8.64
107	2539	4	24.93
125	3655	3	27.34
6008	102	4	30.54
3076	12	4	12.35
980	12	5	6.93
307	132	4	19.38
107	746	7	33.64
323	12	10	6.93
3891	101	4	22.12
1251	12	4	5.64
148	541	3	18.8
511	324	3	27.95
1902	1024	3	44.04
161	350	54	750.04
103	258	10	20.61
214	108	5	7.27
3858	101	3	13.7
724	1152	3	38.69
251	609	5	50.76
467	1124	4	49.78
844	102	7	26.59
102	2353	3	12.54
972	1088	15	282.22
104	1445	3	11.43
1630	102	3	9.81
1280	104	3	10.52
116	214	9	35.34
104	5863	3	20.7
2907	12	3	7.12
102	751	14	73.1
2704	101	3	11
112	7570	3	30.51
203	12	15	6.06
107	865	3	10.12
3785	101	5	33.82
3017	282	4	53.99
102	2084	9	68.72
104	294	4	5.17
127	263	5	23.67
196	277	3	18.94
110	508	4	12.9
102	3221	3	14.72
107	4382	3	20.26
675	102	3	5.13
101	337	7	8.53
2069	102	3	11.71
523	111	3	9.87
4336	104	4	28.58
107	488	3	6.6
224	112	4	8.57
274	103	8	14.81
1333	103	4	14.87
614	12	27	130.79
108	199	7	11.54
1124	1130	3	40.79
102	3044	3	13.52
105	1209	3	10.66
117	422	3	10.4
107	1124	3	11.42
541	747	3	33.84
166	113	4	4.07
107	1176	5	25.28
114	102	94	114.52
3634	1868	5	96.42
125	591	3	16.08
103	770	3	6.18
611	133	3	17.32
4612	912	3	48.84
319	325	12	136.57
116	1086	14	132.78
108	376	5	13.23
781	12	6	8.22
117	169	5	9.07
903	131	3	19.83
105	192	21	65.26
2258	126	3	24.49
116	1675	3	19
108	1299	3	12.32
133	452	3	15.26
226	389	5	43.83
385	111	3	7.9
101	524	9	22.25
102	1185	11	64.34
760	629	3	35.11
164	4529	3	34.66
1267	14	3	4.41
146	857	4	31.21
3786	12	5	26.86
1802	12	9	38.19
1413	2041	6	106.06
413	12	8	5.59
101	425	7	11.07
103	601	3	5
118	7404	3	32.49
118	1193	4	25.44
839	12	5	5.67
1771	12	5	12.54
2557	12	3	6.23
1366	12	4	6.14
134	147	7	20.54
8	435	3	13.9
3269	14	4	16.89
1271	125	3	20.69
8	232	16	105.22
102	3135	5	32.81
1147	14	4	7.51
109	2174	3	16.52
179	131	3	7.39
101	1391	9	42.97
595	12	9	14.1
1519	12	4	6.71
101	1494	3	6.94
802	110	8	45.87
3878	105	3	19.07
122	511	4	21.77
672	12	6	6.59
102	1539	7	37.37
7149	7639	3	72.48
566	12	6	5.01
102	1487	12	84.63
104	641	5	16.37
127	6763	3	35.94
120	148	21	82.88
128	397	4	20.51
111	205	13	51.81
140	1977	4	36.83
116	3884	3	25.1
175	292	6	43.87
536	182	3	22.62
609	102	3	4.6
123	156	10	34.13
440	171	24	278.5
367	103	52	406.36
1016	12	4	4.39
2887	1323	3	48.37
152	1220	10	111.71
2347	12	6	23.51
4349	103	3	16.76
270	110	5	11.84
163	117	4	5.24
101	1963	4	14.01
102	828	5	15.35
392	423	16	211.72
102	724	14	73.1
1711	14	4	10.59
771	330	3	30.79
105	5351	4	34.33
4899	263	3	42.87
113	248	6	18.69
381	162	6	45.06
370	240	3	23.34
232	12	12	4.65
117	723	4	20.94
3111	12	6	32.23
2002	12	3	4.88
110	155	14	26.61
5909	12	3	11.76
111	2254	5	37.83
435	182	7	62.05
119	133	14	33.54
236	237	7	58.93
307	175	4	26.37
108	478	7	26.8
491	1567	3	37.83
102	2869	5	29.89
605	394	18	265.54
955	12	5	6.93
2	218	11	43
1909	12	3	4.88
6514	110	3	28.23
571	101	4	4.88
122	141	11	32.47
118	364	6	27.99
4161	3584	3	57.43
137	120	9	16.96
657	114	3	12.01
102	1167	6	25.08
278	202	4	28.93
928	127	3	19.12
2122	116	4	30.1
16	16	53	151.94
1780	14	3	6.14
1407	2887	3	48.37
105	178	6	4.28
383	113	3	8.31
1375	14	3	4.78
120	145	53	306.52
698	14	6	10.36
187	111	8	19.77
149	3479	3	30.69
5637	12	3	11.76
594	126	6	41.54
101	229	44	172.55
779	1046	3	38.45
112	640	13	93.83
4859	317	4	64.8
4673	12	3	9.67
104	1908	4	20.28
12	669	5	4.09
138	140	3	4.23
113	2208	6	49.67
108	292	22	114.86
5572	107	3	22.47
2201	107	3	15.62
4736	14	3	13.85
103	494	3	3.85
2614	272	3	36.87
102	2612	3	12.54
621	12	6	5.91
12	106	2194	10555.1
1733	12	4	8.05
3803	105	5	42.91
1339	103	3	9.31
703	282	6	67.43
12	1582	3	3.89
12	7643	3	16.11
123	303	4	17.34
1742	111	3	17.3
155	118	4	4.12
2112	14	3	7.38
107	6831	3	26.94
107	824	3	9.85
102	1858	8	51.16
2713	2272	7	147.71
106	552	4	11.37
3558	12	3	8.22
101	2218	4	15.03
1822	12	3	4.35
110	101	350	722.1
103	3668	3	15.21
104	382	9	29.26
1081	1686	11	215.09
1489	12	8	26.35
674	484	3	32.5
112	2888	4	31.16
739	12	7	10.49
109	136	48	158.62
102	1022	7	29.88
905	168	7	71.35
103	308	6	9.52
1891	5554	3	55.76
3083	14	7	42.58
586	272	5	51.85
2960	125	5	51.06
4639	107	3	20.26
149	261	5	28.5
126	227	3	9.75
167	136	9	39.29
195	101	35	89.77
596	110	4	14.3
101	1657	6	24.36
113	206	4	7.73
2531	12	3	6.23
5362	12	3	11.76
593	128	15	137.48
106	567	5	16.72
1391	12	5	9.88
143	147	4	8.93
2278	103	3	12.19
4408	12	3	9.67
110	259	3	4.1
110	142	24	55.6
795	1556	12	224.79
104	232	5	5.83
118	2568	3	21.95
1505	993	3	41.86
2046	14	3	7.38
2991	118	3	22.97
181	168	3	12.14
136	121	4	4.16
236	6574	3	46.17
130	407	3	14.36
102	1886	6	32.53
2428	12	3	6.23
2051	131	6	61.93
517	185	5	42.81
123	143	4	5.01
107	1064	5	24.58
101	707	17	82.09
464	7476	3	51.01
127	3892	4	42.93
104	3793	3	18.5
135	314	3	13.08
679	12	5	4.09
1675	12	4	8.05
195	557	4	34.02
486	115	3	10.77
125	843	4	26.76
218	477	12	134.15
12	325	11	9.1
2535	104	7	52.74
5717	102	3	18.45
101	1608	4	12.33
104	3285	3	16.94
112	623	3	11.54
192	115	4	7.16
1183	12	7	16.94
358	103	4	4.73
12	838	6	8.7
315	141	16	131.57
205	117	4	9.38
159	115	6	9.72
2128	12	5	15.05
1707	102	3	10.37
1578	14	12	73
131	156	5	12.87
103	1677	3	10.84
104	2590	4	22.59
103	1781	6	31.86
5299	107	3	22.47
2039	16	7	64.01
107	164	6	4.44
790	14	7	15.88
3216	12	3	8.22
115	874	4	21.79
105	195	11	21.74
1015	110	3	12.29
3498	3155	3	55.84
3185	12	6	32.23
162	120	5	9.38
1781	3722	6	121.48
492	103	7	19.58
2712	102	4	21.11
102	492	22	117.03
248	111	4	8.93
107	1520	5	27.77
2407	361	4	54.88
101	1300	3	6.11
112	940	3	13.81
375	102	4	4.47
118	1294	6	44.9
105	403	17	84.43
3089	12	4	12.35
1548	101	5	18
133	141	32	178.21
159	110	7	7.13
281	338	56	951.85
101	152	19	7.23
101	321	8	10.58
185	984	19	274.6
102	1456	3	9.3
101	255	40	160
184	133	3	7.87
581	107	23	171.55
102	228	10	16.38
101	1481	7	29.82
107	1192	3	11.79
114	116	19	19.24
325	111	3	7.11
2308	191	4	46.86
936	12	6	9.77
6272	2685	3	62.92
712	103	3	5.75
102	2984	5	29.89
383	1348	3	35.11
108	258	5	9.37
304	2445	3	37.68
16	1226	3	16.61
656	366	3	30.48
118	4145	3	25.78
132	1881	3	24.49
3313	609	3	44.65
474	1234	4	50.93
570	14	6	8.16
973	104	6	27.04
1669	14	3	5.63
174	111	4	4.06
112	1835	7	59.03
108	1283	3	12.32
2018	12	6	19.33
1899	5775	3	55.76
1087	12	4	4.77
347	114	3	8.21
145	229	8	49.04
1135	12	4	5.18
126	3369	3	27.62
666	673	27	533.63
14	2	92	16.78
984	1	15	182.98
815	146	6	51.72
435	215	3	23.69
363	128	3	13.18
671	185	3	24.22
101	969	6	17.78
887	103	4	11.45
3922	102	3	16.26
110	187	8	15.51
532	111	5	21.83
104	563	32	268.77
120	942	5	32.77
110	137	14	18.32
104	488	3	5.11
914	273	3	30.55
102	3442	3	14.72
485	21	38	450.6
140	1122	3	21.9
139	270	3	12.93
1220	14	6	17.19
102	2217	3	11.71
101	3579	3	12.18
946	638	10	154.72
1576	12	4	7.34
560	254	16	205.89
103	333	7	14.2
7109	12	3	16.11
101	1784	3	7.95
108	2188	3	15.74
391	12	10	9.32
12	3080	5	18.76
121	101	47	30.08
102	691	14	70.1
139	591	3	18.09
104	1581	3	11.95
1429	111	5	32.93
112	5731	4	40.68
104	235	11	27.64
181	123	3	6.31
687	1041	7	102.29
106	192	8	12.05
753	243	3	28.24
111	4652	4	35.12
1872	12	3	4.88
131	735	3	18.42
363	589	5	55.18
123	186	6	20.84
445	762	4	46.1
454	271	7	73.29
1609	146	7	74.1
418	12	9	8.09
3635	12	5	21.59
1880	14	3	6.72
105	2134	6	40.12
5737	125	3	31.15
104	2950	5	33.63
3818	2201	3	54.29
152	6152	3	39.16
411	111	3	8.35
189	107	6	7
1774	12	3	4.35
854	12	5	5.67
6486	101	3	20.29
543	238	3	26.09
1552	108	5	28.97
129	147	3	4.11
12	119	184	208.09
102	2310	3	12.54
149	121	6	13.24
573	105	32	274.96
107	5432	4	35.93
102	4228	3	16.26
5781	3302	4	86.69
109	319	4	8.72
111	3657	3	21.8
195	137	3	9.17
101	922	6	17.11
107	641	9	46.12
101	1074	3	5.41
112	1234	4	23.42
106	370	3	4.56
102	3593	4	22.99
12	1249	6	13.31
104	401	3	4.09
1	2	16	47.99
587	2578	4	59.4
230	108	8	19.69
102	1301	3	8.42
1029	12	7	15.09
1302	104	3	10.52
180	173	4	18.75
757	772	3	36.31
102	6088	4	30.54
117	275	3	7.76
4874	272	3	42.95
223	104	36	176.29
117	200	5	12.57
1560	14	3	5.63
1706	14	3	6.14
650	14	7	13.14
9	12	105	87.8
264	108	6	14
4646	751	3	47.4
109	2625	3	17.37
102	6716	3	22.9
1341	12	4	6.14
3727	106	4	27.43
1989	12	3	4.88
2	2708	3	20.85
7472	933	3	55.57
8	1444	5	41.82
112	3211	3	22.23
187	184	3	13.84
111	189	8	20.06
111	139	32	109.03
122	391	5	26.42
1481	126	11	120.73
131	276	4	18.3
1958	12	3	4.88
495	101	6	9.64
478	112	3	9.66
105	104	133	139.12
1815	102	3	10.37
3468	107	5	39.53
105	248	12	35.82
230	105	10	24.84
1365	12	7	19.18
3809	101	3	13.7
3302	967	4	67.14
264	105	10	28.99
173	224	4	22.84
3844	101	4	22.12
2249	12	3	5.5
102	391	40	256.1
125	344	3	12.53
120	1354	6	47.12
104	1792	10	77.24
745	14	4	4.4
116	7149	3	31.81
806	118	3	14.86
102	4748	3	18.45
4183	14	3	11.71
116	801	22	225.47
6575	105	3	25.75
114	190	4	6.28
114	132	8	7.45
104	2499	7	52.74
398	101	11	24.84
16	2713	7	73.53
175	675	6	55.59
152	2299	6	69.4
3324	12	3	8.22
131	138	17	72.17
372	112	52	530.97
512	102	4	6.66
2227	139	3	26.26
104	774	20	146.39
3866	113	3	23.83
105	351	3	3.98
2612	279	3	36.95
101	602	8	20.84
136	148	3	4.78
155	102	18	16.67
1149	102	3	8.04
8223	104	3	25.17
106	180	17	43.95
155	297	3	15.34
102	3189	5	32.81
104	314	5	8.92
196	106	7	9.62
948	103	4	12.27
1539	12	3	3.89
107	3511	4	28.33
204	500	3	23.94
109	578	3	8.51
1079	14	4	7.05
1507	133	5	43.91
8560	116	3	31.81
111	1809	3	17.3
426	12	7	4.06
158	136	3	5.76
139	114	8	9.38
6565	2200	3	61.02
669	110	5	21.59
104	464	5	12.64
110	114	52	86.5
107	842	5	21.71
119	210	6	20.46
143	296	3	13.62
5326	5972	3	63.48
130	123	6	9.25
1939	14	3	6.72
944	14	4	6.24
2211	102	3	11.71
12	1210	5	8.53
3110	14	3	10.22
886	14	5	8.93
110	198	10	26.1
513	104	4	9.21
373	111	52	523.4
2200	14	9	54.75
5956	102	4	30.54
107	4590	3	20.26
105	652	3	7.37
1419	700	3	39.84
101	1026	3	5.11
101	7245	3	20.29
119	247	4	12.24
123	528	7	47.29
345	165	8	65.28
103	136	17	7.38
4746	103	3	18.95
2368	101	3	10.05
1547	3792	5	99.38
112	413	4	13.86
113	192	8	21.77
2387	146	3	28.13
5434	12	3	11.76
469	609	4	44.78
287	323	16	189.3
102	4244	3	16.26
112	4971	3	26.02
12	135	83	76.06
12	193	28	27.05
102	2529	3	12.54
161	121	3	4.7
2855	12	4	12.35
126	422	5	28.69
486	12	8	7.77
263	103	5	5.23
1030	157	3	23.75
106	131	33	65.95
1853	108	3	15.01
101	649	7	17.31
1568	12	4	7.34
144	1112	3	22.58
116	5831	3	27.32
123	126	15	44.8
889	1814	4	59.46
2102	14	9	54.75
2695	16	3	21.98
101	140	31	20.63
2442	14	3	8.15
101	316	6	5.16
102	1392	11	69.58
2714	2340	5	96.72
708	14	5	7.01
552	307	3	28.27
111	115	143	635.21
1673	1	11	148.33
111	185	4	5.13
139	1659	3	24.23
1066	12	6	11.71
2930	12	3	7.12
5757	12	3	11.76
1541	126	5	43.62
637	6663	3	53.41
2959	12	3	7.12
807	103	3	6.41
102	6433	3	22.9
101	1590	3	7.42
168	5202	3	37.1
2773	14	3	9.08
188	248	3	17.31
511	1910	4	55.53
437	377	4	39.53
7476	1681	3	59.58
3484	112	4	33.07
198	129	3	8.51
108	509	4	11.47
4441	202	5	74.73
982	105	7	35.41
497	1195	14	233.01
599	3155	3	44.45
1888	12	3	4.88
4930	12	3	11.76
111	438	3	8.85
102	4117	3	16.26
105	146	10	5.78
169	195	3	13.25
12	1718	9	38.19
216	110	7	16.6
1150	104	4	15.93
825	102	6	20.74
131	545	4	24.65
107	178	6	5.88
987	3061	3	46.34
102	1317	4	14.23
102	1241	8	40.66
174	166	4	17.26
1766	14	3	6.14
108	276	5	10.28
108	201	6	9.18
2003	12	3	4.88
233	12	14	7.94
2198	12	3	5.5
1084	3038	5	86.71
1575	125	7	66.95
1310	727	3	39.58
2	381	3	8.15
114	104	49	39.59
126	886	5	36.91
633	125	9	71.22
777	102	4	9.8
114	299	6	22.25
102	1371	6	27.04
101	339	6	5.9
102	1438	11	72.92
101	189	10	4.12
124	3498	6	70.7
122	492	3	14.4
600	125	4	24.11
200	889	4	38.5
133	201	27	205.34
389	106	5	12.22
8054	103	3	23.41
152	944	10	104.53
261	12	17	19.22
4485	12	3	9.67
104	624	15	86.16
169	149	5	19.49
159	375	3	17.58
120	491	10	66.18
1191	12	5	8.53
1863	101	3	8.56
2381	12	3	6.23
249	3473	3	38.2
5507	7544	3	67.98
101	390	5	4.28
101	593	6	11.85
6052	107	3	22.47
629	14	6	9.18
118	444	10	62.05
112	1638	3	17.13
2	21	8	5.67
101	1365	4	10.99
138	560	3	17.67
105	3191	3	17.51
109	113	75	159.39
109	285	3	4.39
104	1313	14	117.5
140	543	3	17.7
252	2233	6	81.95
16	695	3	13.14
110	205	5	8.29
132	182	5	17.64
16	779	3	13.9
156	2523	5	55.73
401	152	4	24.82
1549	12	3	3.89
394	2634	3	39.32
119	121	6	3.93
107	744	3	9.09
156	806	3	22
102	1695	3	10.37
101	1035	6	18.5
3528	1024	4	67.63
1086	101	3	5.41
106	147	24	49.53
148	114	8	12.05
111	2460	7	64.2
2185	14	3	7.38
1743	547	3	39.48
12	210	18	12.53
2152	14	7	33.24
1301	14	6	17.19
102	4526	3	16.26
1772	12	3	4.35
101	1976	3	8.56
458	105	5	13.5
107	5707	3	22.47
152	1222	6	58.23
663	664	27	533.63
117	982	4	23.31
1436	12	4	6.71
4077	1	3	33.62
121	198	6	22.42
126	524	4	22.95
101	627	16	69.24
278	981	17	260.23
307	370	4	36.36
5522	14	3	13.85
2243	14	3	7.38
1113	144	4	32.67
332	113	14	79.62
136	130	32	168.76
1862	12	10	53.71
6377	6323	3	72.48
3019	103	3	14.01
507	110	24	178.42
115	269	3	7.25
115	336	3	8.7
104	342	14	55.79
5579	1639	4	79.06
128	771	3	18.01
521	1144	3	36.39
132	126	4	4.63
104	387	4	6.94
101	988	3	4.82
123	410	6	34.75
2161	5505	4	81.97
2386	102	3	12.54
3978	14	3	11.71
107	1937	4	22.6
2994	14	3	9.08
101	1749	5	19.07
167	113	30	141.28
108	1052	13	96.2
1696	12	3	4.35
2868	12	5	18.76
104	1292	4	16.5
109	199	6	9.65
141	732	8	69.34
5269	12	3	11.76
144	640	6	47.78
1052	12	5	7.42
2420	14	8	48.66
2646	107	3	16.47
269	152	5	29.04
687	1373	9	145.03
145	140	3	5.06
3210	368	5	77.36
3681	9	4	39.19
202	12	14	4.52
3898	131	3	29.94
1085	12	4	4.77
3997	12	3	9.67
156	132	6	17.47
107	149	21	43.58
136	635	4	26.25
495	114	3	10.2
120	253	9	42.92
206	104	5	4.52
2726	118	3	22.97
2657	14	3	8.15
1731	171	4	41.38
687	1117	7	103.31
557	112	3	10.78
7	218	4	17.9
127	3164	4	40.31
1285	12	5	9.17
102	215	7	6.65
3046	12	3	7.12
102	141	50	104.51
479	136	3	15.89
116	7595	3	31.81
118	4507	3	25.78
104	278	8	18.84
104	6387	3	25.17
253	442	5	47.02
101	618	13	49.15
536	171	4	31.22
6371	123	3	35.19
106	248	9	23.29
277	111	5	14.72
735	102	3	5.53
107	3527	4	28.33
3186	12	3	8.22
163	120	8	22.26
123	3936	4	41.93
102	2253	3	11.71
101	3439	3	12.18
102	2357	5	27.72
149	165	14	82.32
2098	12	5	15.05
752	103	3	6.18
158	151	4	12.15
359	103	11	33.43
8204	101	3	20.29
6045	107	3	22.47
102	1020	7	29.88
118	1818	4	28.97
112	6706	3	30.51
103	111	45	11.49
489	14	7	9
1432	107	6	36.11
130	111	13	18.6
108	1752	4	21.83
2127	12	7	28.35
785	103	4	10.73
7686	4077	3	65.75
127	566	3	16.18
1641	12	3	3.89
101	539	8	18.81
1791	594	5	73.14
584	249	4	38.25
104	1045	8	42.7
104	893	5	19.38
101	2850	3	11
105	118	29	18.03
835	104	8	38.71
2045	14	3	7.38
1281	107	4	18.78
2013	14	3	6.72
3448	288	3	39.48
264	119	7	30.93
102	511	26	154.08
680	12	16	51
344	484	3	27.95
102	578	4	7.67
116	4309	5	53.02
1424	12	4	6.71
6470	7261	3	72.48
125	227	4	14.84
166	136	5	16.06
102	204	17	38.95
469	595	3	31.46
136	3192	3	28.75
334	102	4	3.93
108	123	23	28.04
1197	844	10	166.02
922	102	4	11.23
2143	14	9	54.75
206	107	4	4
111	259	18	96.71
152	898	6	54
106	671	6	24.45
101	114	110	90.9
1763	12	7	23.74
102	1424	10	62.44
773	12	9	18.7
1821	12	3	4.35
793	202	5	50.66
144	3435	4	43.55
116	2037	7	64.73
943	182	3	26.32
101	198	17	22.39
102	7700	3	22.9
4107	14	3	11.71
104	4438	3	18.5
224	14	13	11.06
906	14	6	13.43
1940	102	6	32.53
112	805	6	34.84
114	159	6	8.5
114	107	48	57.46
104	3239	4	25.98
102	4972	3	18.45
111	1575	3	16.71
108	136	26	49.97
530	110	12	68.41
104	2074	6	38.98
564	703	3	33.97
116	1021	12	104.48
6630	999	3	55.9
101	6091	3	15.86
121	2221	3	23.64
5450	128	3	31.5
1734	12	3	4.35
117	307	7	31.37
101	1215	3	5.75
2082	14	3	7.38
209	113	3	4.51
126	736	4	26.02
1200	14	3	4.08
993	14	6	14.07
118	383	3	10.1
500	1094	3	35.65
1981	125	4	34.1
147	187	5	21.39
174	113	4	4.5
147	137	13	56.16
1295	114	3	15.91
102	6096	3	18.45
347	110	22	134.86
3851	271	3	40.72
301	807	5	56.52
2497	12	4	10.96
1561	12	3	3.89
104	1050	4	14.91
3379	12	3	8.22
1155	12	5	8.53
3903	2044	3	54.29
152	3097	3	30.85
185	165	4	18.67
441	795	4	46.47
102	1690	3	10.37
104	365	8	23.51
12	1345	7	19.18
2211	116	3	20.41
2443	14	3	8.15
101	8574	3	20.29
102	3565	3	14.72
115	542	4	17.75
1625	14	3	5.63
158	111	7	9.98
683	102	5	13.28
12	462	14	26.37
537	102	4	7.24
111	1626	6	43.62
1126	12	4	4.77
127	4093	3	29.22
436	101	10	23.28
102	919	7	28.12
331	12	14	17.3
3068	12	3	7.12
121	124	6	7.31
12	150	69	82.16
12	209	65	213.69
421	14	6	4.97
108	697	3	8.98
102	4635	4	25.58
104	178	10	13.07
4505	12	3	9.67
236	6576	3	46.17
102	1944	7	41.36
133	2424	4	37.88
4794	108	3	22.59
12	533	6	4.25
102	4177	3	16.26
2054	16	9	94.55
124	164	3	5.32
1988	12	3	4.88
239	105	7	13.17
126	305	3	12.1
249	454	4	35.69
113	129	10	11.22
392	126	16	129.48
113	195	6	13.67
102	1711	6	30.87
2242	12	4	9.82
119	108	33	38.98
143	129	4	6.23
1594	103	3	10.28
119	160	4	5.36
110	139	22	47.22
112	3989	3	23.8
3819	2268	5	103.32
105	837	3	8.74
115	356	3	8.91
6555	6602	3	72.48
111	681	7	39.57
133	724	3	18.46
106	265	10	30.56
122	989	4	27.46
4819	108	3	22.59
101	660	5	9.13
102	2019	3	11
102	1899	4	17.34
391	101	5	4.42
117	4330	3	25.33
103	530	6	15.93
276	110	3	4.55
104	3822	5	41.95
121	12	70	22.65
1833	450	3	38.65
12	277	24	44.05
336	107	3	4.74
3385	14	4	16.89
114	118	13	8.56
6323	16	3	31.5
102	3106	6	45.81
3499	12	4	14.13
768	215	7	77.27
699	12	5	4.36
102	5922	3	18.45
3274	3495	3	55.84
7600	1	3	40.35
201	14	11	4.24
102	1454	8	43.98
501	433	38	690.01
4004	14	4	19.42
118	251	12	61.84
6190	16	3	31.5
1257	14	4	8.01
101	510	4	3.99
107	296	3	3.96
1881	14	4	11.46
6764	1145	3	57.03
267	2199	3	35.91
329	348	52	903.87
1411	12	4	6.14
6397	4771	3	67.98
111	477	14	89.05
253	2395	3	36.08
1808	12	7	23.74
16	153	14	38.56
1863	115	3	19.4
104	923	15	103.56
2551	12	3	6.23
101	6144	3	15.86
102	2773	4	21.11
116	1040	3	15.74
1773	12	3	4.35
2	313	3	7.09
2	210	8	25.51
1115	107	3	11.42
118	1172	7	54
919	14	4	5.88
117	273	27	193.29
2204	102	3	11.71
223	162	5	29.04
487	110	4	12.49
403	105	3	4.54
535	996	3	35.43
102	587	6	16.46
2964	101	5	25.58
134	192	3	8.37
1143	119	9	76.77
102	452	5	9.16
3469	443	4	60.08
102	6594	3	22.9
1472	12	6	15.27
7983	510	3	51.65
1943	14	3	6.72
132	650	3	17.72
151	102	13	5.53
456	152	4	25.92
1046	14	7	19.6
120	343	4	15.71
103	1709	3	10.84
107	387	5	13.23
6102	6408	3	67.98
101	240	30	93.32
451	120	5	24.78
131	199	3	8.77
953	753	3	37.82
1434	108	6	36.36
101	157	54	117.33
4608	2473	3	55.16
505	105	11	50.11
103	948	3	7.49
107	1157	3	11.79
102	274	10	21.09
1343	125	3	21.15
3408	118	3	24.2
5681	102	3	18.45
502	111	4	14.99
102	710	6	18.61
715	14	5	7.01
320	108	6	16.33
182	12	27	19.75
102	2563	6	36.9
108	675	3	8.76
12	179	161	829.41
519	705	4	46.9
118	5228	4	43.33
221	120	5	16.2
104	326	4	5.98
4057	1875	5	101.82
104	149	11	7.02
175	306	5	35.28
363	182	7	58.9
102	1812	4	16.43
128	2486	3	25.43
101	1072	4	9.4
1521	112	4	24.75
2172	12	4	9.82
317	12	15	19.02
1897	12	5	13.7
110	124	12	7.46
116	482	3	11.01
176	129	3	6.77
12	58	14	31.06
935	12	5	6.48
139	124	10	28.18
711	103	4	9.78
245	117	4	11.16
158	128	4	8.45
113	178	5	8.02
112	570	5	23.45
126	152	15	63.66
3847	5199	3	61.25
113	160	20	70.53
4493	12	3	9.67
102	967	4	11.65
254	12	16	14.03
474	1756	3	38.28
1960	12	6	19.33
103	305	13	39.36
115	1300	4	24.78
109	139	28	69.25
112	2753	3	21
115	455	3	10.34
102	3581	3	14.72
145	659	4	28.72
118	4251	4	38.34
662	330	4	42.58
218	1468	3	31.43
119	278	3	8.5
102	1992	10	76.36
103	1254	4	14.26
106	105	267	686.5
384	101	9	16.25
7245	103	3	23.41
115	334	3	8.6
170	704	3	23.21
157	611	6	49.96
543	182	6	54.6
12	109	1843	9845.68
3880	7719	3	65.75
1608	102	4	15.62
102	712	10	42.42
107	1747	7	48.55
189	117	5	11.19
8	2586	7	76.74
3133	3134	3	55.84
2413	12	6	23.51
128	1171	3	20.62
502	115	5	23.34
557	12	10	16.48
122	1284	3	20.25
365	16	3	8.97
119	1732	4	29.46
116	4513	4	37.42
2295	14	5	18.44
238	9	7	33.24
166	137	4	11.6
252	171	45	522.73
1156	14	5	11.61
102	1483	3	9.3
243	437	3	24.58
112	3343	3	22.23
152	897	8	77.69
316	389	19	245.86
120	396	6	30.09
466	105	4	9.31
394	117	3	9.91
848	12	5	5.67
7766	459	3	51.01
111	470	40	402.24
5345	12	3	11.76
125	4124	3	28.92
3038	14	4	15.06
147	123	12	41.58
164	650	6	53.81
4210	116	3	25.1
2160	14	4	12.45
102	1170	3	8.04
101	361	5	4.01
156	330	3	16.29
161	972	8	83.38
611	116	4	19.11
188	130	3	7.81
101	1199	4	9.89
2	177	10	27.01
120	1160	3	17.74
211	101	37	118.82
1142	101	4	9.89
1809	12	4	8.05
580	238	5	49.7
108	544	3	7.62
102	2816	3	13.52
102	4937	4	30.54
1024	101	4	8.95
6765	820	3	54.95
1473	12	8	26.35
354	12	52	262.64
234	2937	6	86.67
107	1366	7	43.63
375	105	4	7.45
154	101	68	168.1
144	2520	5	53.41
5710	107	3	22.47
4477	14	3	11.71
12	1016	4	4.39
1944	14	4	11.46
2240	102	3	11.71
3879	16	5	52.51
1180	107	6	32.95
820	8	3	18.02
220	102	9	12.25
107	247	5	8.68
105	2996	3	16.29
175	1100	3	26.21
153	1795	4	37.94
112	1652	8	66.17
118	382	3	10.1
1603	110	6	39.95
1014	103	4	12.71
480	110	9	43.14
147	186	3	9.86
230	131	9	51.55
147	136	4	8.08
790	12	6	8.22
131	240	10	60.17
645	687	4	48.72
237	103	5	3.86
107	551	3	7.51
118	197	5	12.76
104	4437	4	28.58
295	114	6	22.07
159	113	46	240.65
105	535	3	6.15
274	107	4	6.56
997	102	5	16.89
107	4831	4	35.93
550	611	3	32.87
2986	14	4	15.06
856	499	3	34.27
1236	102	3	8.42
108	270	4	6.61
1183	14	4	7.51
108	137	48	152.02
108	187	6	7
109	1056	5	25.42
2602	242	3	35.73
150	162	13	72
4185	12	3	9.67
113	911	3	13.84
105	4098	3	19.07
784	682	23	439.3
104	1561	5	25.86
112	5090	3	26.02
109	375	4	9.87
141	1102	4	31.77
210	12	33	56.13
1006	252	4	43.11
679	14	7	13.63
2223	4410	3	54.29
106	212	7	12.32
356	123	3	12.31
236	6577	3	46.17
118	704	3	14.1
105	2381	3	15.3
119	536	4	19.44
123	140	6	11.24
101	634	4	5.51
12	1600	3	3.89
2046	12	3	5.5
115	229	13	62.41
105	960	4	15.19
4628	12	3	9.67
439	134	27	275.71
104	364	8	23.51
186	110	10	23.21
942	12	11	32.83
2144	12	3	5.5
282	12	16	17.94
106	519	3	6.44
1056	104	3	9.4
147	697	3	20.29
152	3098	4	44.6
101	965	4	8.53
113	327	9	42.2
178	341	7	57.1
2	639	3	11.61
2130	547	4	57.59
1112	128	7	61.06
4555	12	3	9.67
537	103	3	4.38
101	659	5	9.13
3715	14	3	10.22
101	831	6	15.9
369	102	4	4.47
616	101	5	8.81
104	311	5	8.78
104	236	5	5.91
327	117	5	19.85
3131	12	3	8.22
1942	12	5	13.7
12	129	60	23.42
108	647	3	8.55
1945	271	3	35.24
238	4621	4	56.6
108	767	5	20.97
862	12	8	16.9
1973	12	5	13.7
879	2684	3	45.69
391	14	11	18.04
3544	14	3	10.22
161	178	4	17.18
1438	168	4	39.46
170	5229	3	37.26
103	200	9	10.27
289	16	64	645.48
504	102	10	33.8
364	112	5	18.33
2330	12	3	6.23
149	132	10	36.38
406	101	5	4.87
3128	108	3	18.82
914	128	3	19.17
3013	12	3	7.12
136	419	13	106.24
164	173	4	17.14
200	214	25	258.77
271	104	4	4.64
144	1583	7	73.34
599	14	7	11.81
225	189	4	24.63
105	325	4	6.59
2791	127	5	51.56
783	3900	4	68.08
438	104	4	8.13
102	1132	4	12.56
131	539	3	16.51
107	121	45	102.5
685	12	5	4.09
460	108	3	6.44
2399	12	3	6.23
2041	3180	6	125.18
101	1272	3	6.11
3792	1019	5	94.41
2	211	3	4.41
695	105	6	23.96
2906	14	3	9.08
1157	102	3	8.04
321	107	3	4.41
107	4010	3	20.26
117	361	4	14.83
117	437	12	77.65
1340	1070	6	95.44
102	227	10	16.2
166	101	50	126.44
6375	108	3	27.07
126	869	3	18.78
104	3365	3	16.94
201	101	16	21.62
333	498	3	28
1425	12	9	32.86
118	324	7	33.34
6637	655	3	53.41
111	223	10	37.1
105	579	3	6.63
681	104	3	7.06
120	221	5	16.2
786	13	3	16.93
1240	14	6	17.19
2	1322	3	15.95
907	14	7	17.95
287	3424	3	39.48
2092	101	3	9.25
3289	4675	3	57.43
104	656	8	34.23
445	252	3	24.86
105	353	3	3.98
5393	12	3	11.76
104	1988	5	28.24
2430	146	3	28.13
1308	806	3	40.12
102	3078	6	40.11
1828	12	3	4.35
1989	14	5	17.04
166	142	5	17.12
4831	14	4	24.33
9	14	138	256.21
3332	14	3	10.22
330	171	12	108.85
1084	2769	4	66.22
102	529	12	47.65
102	453	18	81.17
1849	4823	3	55.76
140	1021	4	31.25
108	557	18	117.39
650	12	8	12.29
16	2	66	193.63
107	3083	7	62.88
102	3660	5	32.81
3522	102	3	14.72
104	402	6	15.45
156	762	9	87.78
119	149	6	9.57
101	867	6	16.49
123	546	4	22.72
102	1727	5	23.28
4935	1432	3	53.93
130	115	9	11.12
121	512	6	37.54
622	2426	4	59.97
102	966	9	42.88
2064	12	4	9.82
122	1918	3	23.01
1154	12	5	8.53
415	107	3	5.73
1112	111	3	14.42
139	292	3	13.43
854	14	6	12.28
107	5622	4	35.93
360	251	3	23.58
12	116	105	21.05
101	1884	3	8.56
2433	101	4	16.24
3280	12	3	8.22
2158	12	3	5.5
1069	108	4	17.83
102	2118	4	18.39
2942	128	5	51.64
106	120	41	56.1
150	3261	3	30.69
6325	6255	3	72.48
418	14	7	7.16
311	156	5	31.53
5604	104	3	20.7
240	173	3	15.85
3422	107	3	18.69
114	133	13	21.82
102	272	12	29.1
324	1007	3	32.55
990	341	5	60.09
119	1672	3	20.04
177	293	5	34.99
211	438	4	33.77
117	527	5	24.99
177	120	3	4.2
2234	12	5	15.05
5130	5797	4	94.33
120	129	6	5.95
206	120	3	6.46
105	502	6	19.23
533	101	4	4.32
128	445	3	14.43
169	432	7	59.03
16	4827	3	27.01
2106	909	3	44.11
200	868	4	38.5
3698	102	3	14.72
102	1467	3	9.3
152	2300	3	28.59
314	745	3	30.12
1567	14	3	5.63
646	102	6	17.69
526	946	3	35.43
1683	122	11	129.2
268	110	4	7.89
5489	215	3	40.91
3180	155	6	79.22
241	201	6	45.48
3967	12	3	9.67
128	190	7	29.02
383	101	11	23.99
104	1671	4	19.35
117	188	8	24.58
2737	101	3	11
141	12	74	70.69
12	879	12	37.05
2384	12	3	6.23
101	6059	3	15.86
834	324	3	31.24
1022	12	4	4.39
1666	928	11	202.75
1463	101	11	63.38
1598	14	3	5.63
114	444	3	9.49
102	526	5	10.8
2	161	12	31.52
102	2238	5	25.99
158	137	4	10.07
2611	1458	6	109.69
360	2875	3	39.86
113	121	20	37.59
1662	12	3	3.89
103	289	13	37.35
239	147	5	26.36
337	103	4	4.51
1556	12	12	64.46
3582	146	3	30.39
707	12	14	41.01
225	114	7	22.9
102	1873	6	32.53
481	375	3	28.4
720	105	4	12.92
122	783	3	17.49
1521	12	5	10.66
944	101	3	4.82
101	2139	3	9.25
115	395	3	9.45
110	285	5	12.22
7332	104	3	25.17
16	754	23	233.64
110	113	30	23.24
388	116	7	33.89
107	4349	5	44.91
1283	102	4	13.63
123	3029	3	25.65
196	159	4	18.28
845	12	7	12.19
119	516	4	18.97
536	238	5	48.69
760	468	5	60.99
113	431	6	26.51
116	3093	6	57.9
4926	1853	3	55.76
771	252	4	40.56
276	143	3	13.1
962	14	4	6.24
447	8	5	28.64
102	731	3	5.53
12	134	311	1196.13
649	110	3	9.62
349	12	13	16.01
1021	101	3	5.11
102	2530	5	27.72
746	12	9	17.93
616	110	9	49.17
597	146	3	19.07
236	4912	4	61.61
1139	4564	3	50.3
125	3320	3	27.34
775	12	5	4.97
108	1994	4	22.77
2767	12	4	12.35
181	114	6	12.29
106	130	22	28.01
101	650	5	9.13
2344	4741	4	83.24
101	830	3	4.08
101	770	4	6.81
106	451	3	5.63
1211	14	3	4.08
109	3667	3	19.6
2117	14	3	7.38
104	500	3	5.24
1857	110	4	24.3
301	233	7	63.75
227	101	62	299.4
101	4210	4	22.12
111	992	5	28.43
139	126	4	5.64
102	2153	4	18.39
5089	12	3	11.76
149	197	3	10.75
103	137	27	29.91
167	205	5	28.81
153	529	5	36.83
2	6978	3	30.36
7891	14	3	18.25
153	453	3	17.75
3910	14	5	30.41
544	14	5	5.08
117	173	6	13.1
188	105	19	53.25
101	1231	3	6.11
2944	12	5	18.76
114	429	9	47.77
104	3631	4	25.98
122	1559	6	53.81
1128	12	14	59.78
102	1197	5	18.79
101	512	9	21.76
101	392	8	13.05
769	233	9	107.19
102	1240	5	19.52
174	12	35	30.87
111	483	7	33.93
105	212	18	60.75
145	173	5	19.33
102	3861	5	38.17
2801	107	4	26.43
829	14	6	12.28
111	184	24	110.13
786	283	3	29.82
1088	763	15	270.03
1388	14	4	8.56
201	110	4	4.78
1938	12	3	4.88
298	378	52	894.51
6115	101	3	15.86
194	276	4	27.5
102	291	35	174.7
125	141	52	325.58
120	5866	3	28.59
2306	653	3	42.82
114	174	10	27.32
117	2664	6	55.12
179	108	26	94.15
2940	104	3	15.73
427	14	6	4.97
102	1267	5	19.52
1329	12	7	19.18
101	527	13	43.28
2244	12	4	9.82
104	2149	3	13.89
174	124	4	9.69
480	101	7	12.85
3130	12	4	14.13
3580	14	3	10.22
170	472	6	49.87
170	547	6	52.38
3020	104	4	24.09
664	665	27	533.63
197	1562	3	30.36
1773	226	5	61.36
117	301	4	13.37
781	14	5	8.09
109	798	3	10.44
2	195	6	13.36
134	160	3	5.75
134	108	54	172.63
101	1364	6	22.01
102	344	27	129.99
154	155	3	7.28
102	6307	3	22.9
1229	105	3	11.06
777	103	3	6.18
114	165	4	4.3
393	101	5	4.56
117	345	7	33.32
5814	2894	3	58.42
867	104	3	8.49
4582	111	3	23.38
497	14	22	83.69
16	526	3	11.36
16	6600	3	31.5
104	623	5	16.02
107	415	4	9.69
107	355	4	8.54
101	138	254	1281.59
1846	101	7	35.34
212	117	3	5.77
142	105	18	20.87
118	132	6	5.55
889	1632	3	41.76
104	121	45	79.71
688	12	14	39.65
101	2630	3	10.05
1590	185	3	29.54
102	3372	3	14.72
7607	2	3	30.36
106	207	5	5.88
2005	14	4	11.46
297	112	7	27.3
974	330	3	32.3
286	107	5	10.35
203	14	23	34.9
101	643	8	21.99
185	352	54	795.48
104	5928	4	33.56
104	5776	3	20.7
2037	14	3	7.38
1751	104	3	12.52
827	104	3	8.22
113	517	7	36.17
1163	14	4	7.51
1649	12	3	3.89
12	262	56	221.4
139	407	5	31.15
222	119	3	6.88
108	631	3	8.35
102	4569	3	16.26
12	567	6	5.01
823	12	18	76.4
158	101	20	12.71
104	1193	4	15.93
280	295	13	142.87
986	753	4	53.15
537	108	5	17.36
149	250	3	13.29
103	216	7	7.48
101	1661	9	47.59
104	4697	5	41.95
342	102	7	13.42
6648	246	3	46.52
130	259	4	17.32
6087	1891	3	55.76
1251	14	3	4.41
323	14	10	11.93
475	116	5	23.23
148	361	4	23.79
101	1104	6	19.27
110	322	7	23.63
132	286	4	18.54
794	12	5	5.31
3378	103	6	46.82
2540	12	3	6.23
2841	418	6	95.27
253	126	3	10.51
1847	12	3	4.88
130	101	86	169.58
171	9	5	13.63
101	2274	3	9.25
1313	14	4	8.56
4198	104	3	18.5
6124	152	3	34.67
101	2222	3	9.25
104	386	26	148.4
232	14	31	77.75
1451	12	5	10.66
504	129	3	15.55
103	169	9	5.33
102	769	13	66.66
102	725	5	14.04
114	823	3	13.48
189	121	4	10.91
8437	102	3	22.9
116	303	4	13.09
102	2624	3	12.54
152	1221	7	70.77
1392	116	7	54.91
991	535	3	35.43
129	135	5	8.33
221	107	5	7.35
1192	14	4	7.51
101	2477	3	10.05
115	270	5	16.84
181	257	3	17.17
127	162	7	23.3
814	758	22	430.05
168	251	4	23.48
1189	377	9	127.81
2232	103	3	12.19
102	1999	10	76.36
111	4478	3	23.38
1742	12	5	12.54
104	6859	3	25.17
16	6553	3	31.5
151	117	19	65.77
105	369	3	4.16
111	151	7	8.08
1668	14	4	9.84
3507	102	4	22.99
122	456	6	36.17
118	294	3	8.56
101	173	18	15.79
566	14	5	5.32
103	1007	3	7.8
122	1168	3	19.82
416	107	8	30.22
1519	14	3	5.18
177	105	7	6.09
205	132	3	9.62
2923	12	4	12.35
324	2219	3	37.3
12	862	9	21.35
141	291	14	107.37
204	804	3	27.1
102	2805	3	13.52
12	2143	8	36.83
9	16	9	8.09
2	230	6	17.47
369	1656	3	36.05
102	572	19	102.46
118	472	3	11.51
810	14	6	11.76
118	547	5	26.35
122	203	10	50.61
105	2918	3	16.29
339	12	23	52.38
105	120	23	10.7
349	102	5	7.03
2383	104	3	14.73
215	633	3	26.14
6667	4196	3	65.75
809	1500	3	40.62
263	12	12	7.61
2229	12	4	9.82
101	2106	3	9.25
102	624	3	4.77
106	276	4	5.84
12	3910	5	26.86
136	110	8	3.85
104	5143	3	20.7
106	201	7	10.96
3114	12	4	14.13
107	1054	3	11.06
203	120	5	15.14
2196	12	3	5.5
3194	12	3	8.22
115	104	39	26.36
111	688	10	64.96
13	379	52	604.41
101	4281	3	13.7
101	1030	5	13.45
39	101	3	7.95
12	2680	3	7.12
195	117	3	4.57
239	110	10	32.81
1017	12	7	15.09
178	202	4	22.22
2379	12	3	6.23
113	138	48	209.53
812	464	3	33.21
102	983	13	75.84
178	254	6	42.06
586	251	3	26.9
116	384	23	174.39
102	2330	3	12.54
176	173	3	11.83
482	14	6	6.24
153	1045	4	33.32
2617	2765	7	151.22
534	8	34	394.69
104	3560	3	16.94
264	142	3	12.9
982	101	3	4.82
117	176	81	628.78
183	106	8	10.83
2338	2809	4	73.68
101	2877	3	11
16	262	12	61.15
577	105	32	274.96
145	176	3	8.83
180	197	3	14.21
5185	12	3	11.76
145	121	5	9.05
2892	892	3	45.69
16	7	18	53.5
101	517	9	22.25
529	214	11	123.62
243	144	4	18.91
1019	543	5	66.35
7244	16	3	31.5
137	205	4	15.91
2913	102	3	13.52
101	144	34	32.17
1055	125	3	19.5
107	437	3	6.08
103	1803	3	10.84
103	3600	6	46.82
108	206	13	39.8
259	1012	3	30.76
2026	103	3	11.48
1803	12	7	23.74
807	12	7	11.59
150	227	55	596.14
315	2943	3	38.99
126	7190	3	35.92
8	3124	3	27.15
109	2286	3	16.52
6704	3535	3	64.16
643	133	3	17.75
986	446	4	48.36
108	310	7	20.45
557	116	4	18.33
102	3144	5	32.81
1860	12	3	4.88
166	147	4	13.34
4329	12	3	9.67
2	562	3	10.82
118	304	3	8.82
398	105	3	4.44
368	493	16	217.06
104	2503	5	31.46
142	136	5	10.5
184	114	4	5.8
3860	4798	4	89.33
111	5169	3	25.6
165	119	10	32.27
131	192	4	13.17
495	108	3	6.85
101	163	52	130.37
3548	12	4	14.13
120	198	3	5.64
122	2688	3	25.65
353	111	5	17.48
1664	8	4	32.04
150	1298	9	97
2334	14	3	8.15
3328	14	3	10.22
169	113	4	4.31
101	2794	5	25.58
102	4026	3	16.26
2298	323	3	38.18
1694	12	3	4.35
230	101	15	24.97
5243	254	3	42.17
107	333	4	8.15
1852	155	3	27.38
3160	101	5	28.48
611	12	6	5.59
264	101	17	39.18
154	131	8	26.78
114	441	3	9.49
101	1188	4	9.89
498	12	9	10.83
912	101	4	8.14
102	387	4	4.58
3025	14	4	15.06
469	152	6	44.67
4621	14	3	11.71
101	1624	3	7.42
113	292	5	16.1
1563	323	3	35.27
153	365	8	59.95
119	1538	3	19.44
107	1914	3	14.88
678	102	4	8.91
837	107	3	9.85
404	1912	3	37.82
1131	12	4	4.77
12	546	7	7.16
118	3561	3	24.2
3913	1089	4	70.78
101	2144	4	15.03
138	1805	3	24.8
4634	12	3	9.67
171	12	44	53.74
132	252	3	11.15
110	117	40	62.91
101	861	9	33.02
2225	16	3	20.11
453	1376	7	100
2572	14	3	8.15
4695	16	5	52.51
101	606	7	16.34
103	1192	6	26.06
106	184	32	127.03
6209	3829	3	65.75
111	635	4	17.18
181	129	3	7.34
291	1024	3	31.67
338	340	56	1025.07
104	141	17	15.76
101	3300	3	12.18
149	438	3	17.36
107	3659	4	28.33
158	596	3	20.55
107	1728	5	29.89
111	3333	3	21.8
102	851	3	6.22
101	1954	3	8.56
827	270	3	29.94
107	4532	3	20.26
127	555	3	15.99
110	160	6	4.94
168	6667	3	41.6
3173	12	4	14.13
110	108	153	384.79
610	2547	3	42.39
107	711	4	14.1
101	880	3	4.31
107	831	3	9.85
106	408	3	5.06
1167	868	3	39.81
111	3583	4	32.5
8676	102	3	22.9
2520	323	3	38.18
1203	110	4	19.87
236	3880	5	77.06
109	195	11	28.5
1363	12	7	19.18
116	249	7	26.66
153	2975	3	29.7
157	809	3	22.17
586	366	3	29.84
458	142	3	16.42
102	654	13	61.26
2214	104	4	21.35
135	111	26	71.3
8538	102	3	22.9
102	2045	5	25.99
609	14	6	8.82
103	1264	3	8.88
106	111	53	53.35
630	102	5	12.58
115	132	9	11.59
1035	12	4	4.39
115	190	4	7.11
101	121	77	105.09
5792	366	4	66.13
8469	102	3	22.9
3377	14	3	10.22
118	3094	4	33.8
427	133	4	22.13
607	175	3	22.57
115	1923	3	19.4
108	118	28	24.03
108	283	4	6.79
114	260	3	6.37
7	122	4	5.65
102	314	7	12.17
156	1151	3	24.35
1646	12	3	3.89
166	131	11	50.82
154	147	6	20.83
639	141	9	78.13
209	134	19	134.22
667	110	8	42.84
5446	3404	4	86.69
459	12	11	15.63
3628	12	4	14.13
1063	101	5	14.05
131	1279	3	21.71
101	7320	3	20.29
153	923	4	32.37
2038	103	3	12.19
1752	12	7	23.74
160	101	63	168
637	16	24	229.56
104	1872	4	20.28
117	144	9	16.84
117	210	3	5.73
105	1493	3	11.98
102	2706	4	21.11
16	9	23	55.52
180	107	6	6.14
1108	125	6	49.31
218	5428	3	40.97
1906	14	3	6.72
4912	14	4	24.33
147	181	11	63.08
2543	12	3	6.23
122	324	6	31.92
104	2237	3	13.89
243	176	11	88.56
101	550	5	7.68
102	1235	3	8.42
133	382	5	28.68
4567	3237	4	81.69
144	1901	10	128.13
1964	14	3	6.72
101	597	10	30.11
122	235	3	9.32
147	130	8	24.75
884	14	5	8.93
113	770	5	26.58
102	6559	3	22.9
1200	107	3	11.79
249	907	3	29.62
1347	14	3	4.78
103	824	3	6.66
4807	147	3	34.32
117	247	7	27.17
117	298	3	8.32
397	12	9	7.25
12	982	9	23.47
205	544	3	24.87
111	1514	5	32.93
5407	2964	3	58.42
107	1122	5	24.58
179	113	5	8.07
1870	565	3	40.35
101	343	8	11.49
472	3208	6	102.82
107	358	3	4.92
101	193	11	6.53
1032	102	4	12.09
389	110	7	25.9
1968	103	3	11.48
4894	147	3	34.32
104	732	13	74.85
151	126	5	10.85
484	12	9	10.44
3449	12	3	8.22
902	101	9	34.11
120	240	8	35.1
120	307	6	27.01
3537	126	3	27.62
1086	105	3	10.29
1316	932	8	131.53
1113	12	4	4.77
6900	12	3	16.11
3141	932	4	66.68
175	132	6	21.68
101	776	4	6.81
123	149	5	9.65
101	852	3	4.08
111	2540	4	29.07
101	2573	7	41.39
1071	111	3	14.42
3494	14	3	10.22
1524	14	5	13.87
12	316	11	8.57
12	57	22	31.77
107	5482	3	22.47
250	152	12	88.04
1144	12	4	5.18
12	3062	3	7.12
4502	12	4	16.62
2148	12	3	5.5
160	647	6	51.99
105	3187	4	26.75
152	3746	4	47.23
214	110	11	35.25
706	103	3	5.75
4146	12	3	9.67
3034	12	3	7.12
125	8585	3	35.64
844	14	4	5.23
462	162	14	139.08
6147	440	3	50.71
108	1095	5	24.79
110	253	3	3.88
5699	1078	4	75.78
422	126	4	21.11
1133	653	3	37.97
8	5628	3	30.95
156	734	4	31.1
959	12	7	14.28
102	1775	9	58.38
101	1031	5	13.45
178	1471	4	40.59
111	2207	8	73.98
162	224	3	14.42
133	1207	3	21.32
361	126	4	19.78
102	490	18	84.57
4323	102	3	16.26
387	2409	4	55.2
7455	9	3	35.11
107	301	10	35.58
101	533	6	10.52
137	139	9	29.25
629	107	5	18.79
101	584	6	11.85
102	1126	15	102.33
516	330	3	28.23
187	403	12	119.23
108	1358	4	19.56
105	276	4	5.31
7150	1228	3	57.46
104	994	12	75.91
103	5244	3	18.95
133	132	4	5.41
116	1990	7	62.06
625	157	9	84.12
102	3874	4	25.58
2343	12	3	6.23
16	380	4	14.45
101	277	13	24.01
1355	242	9	121.32
104	2516	4	22.59
510	14	6	6.73
3423	14	3	10.22
118	200	7	22.94
142	111	7	5.83
5288	14	3	13.85
107	1183	5	25.28
107	1266	3	12.2
114	156	10	20.9
316	3689	6	97.42
103	974	3	7.49
2996	12	4	12.35
108	190	12	29.08
7112	5359	3	67.98
260	329	52	826.19
104	1899	4	20.28
103	401	20	92.07
331	103	5	7.11
114	750	3	12.69
3532	12	3	8.22
554	12	9	13.06
182	3007	3	33.31
113	407	10	53.66
12	154	258	1276.23
112	3042	6	55.3
152	1136	3	23.76
934	107	6	29.78
102	4639	4	25.58
240	144	3	12.42
12	1603	6	16.44
561	111	3	10.56
146	251	14	105.61
115	118	13	10.68
181	102	20	38.62
1515	12	4	6.71
925	103	5	17.13
148	121	4	6.11
102	2024	4	17.34
1820	117	4	28.37
450	12	8	6.87
119	114	15	13.88
1538	238	3	32.68
1288	14	3	4.41
2006	125	3	23.46
139	261	3	12.77
5871	14	4	24.33
115	1248	3	16.66
2921	1061	4	66.22
103	250	5	4.25
2721	117	3	22.52
3638	12	4	14.13
101	1655	5	18
178	269	5	34.46
436	105	3	5.09
448	640	3	31.8
518	305	3	27.72
5428	105	3	21.27
12	411	31	108.53
1546	4934	3	54.48
1327	126	4	31.2
2582	12	3	6.23
109	192	14	41.5
101	1760	3	7.95
101	945	3	4.82
104	2822	4	24.09
104	4815	4	33.56
106	558	3	6.91
3683	12	3	8.22
107	2623	3	16.47
221	422	3	23.53
312	637	20	295.82
128	662	3	17.28
6789	2420	3	61.89
1439	12	4	6.71
104	452	4	8.29
115	197	4	7.55
479	132	6	39.73
507	105	3	5.86
292	114	4	11.49
1691	12	3	4.35
6	3378	6	125.18
104	199	6	5.61
1573	12	3	3.89
101	690	4	5.99
121	1412	3	20.58
102	2040	3	11.71
2123	14	4	12.45
1952	107	4	22.6
123	102	43	48.93
107	905	5	22.76
126	1296	4	30.56
1221	14	3	4.41
136	137	4	6.51
102	835	4	10.48
107	1744	4	21.66
3787	2564	5	105.1
103	412	5	8.87
2370	1680	3	49
101	3360	4	19.55
1722	12	5	12.54
2777	1042	3	46.7
12	2	228	187.01
114	254	4	9.91
3370	12	4	14.13
102	326	10	24.83
950	108	3	10.85
2017	12	3	4.88
538	14	9	17.89
2402	14	4	13.63
4416	107	3	20.26
12	747	6	7.36
16	1306	3	17.07
102	5045	3	18.45
506	465	36	651.19
2431	14	3	8.15
170	200	10	70.11
642	118	3	13.65
105	483	3	5.58
101	117	84	62.44
107	571	4	12.44
156	589	7	59.83
7776	1105	3	56.63
230	115	3	6.03
104	2232	4	21.35
4739	2576	4	83.24
137	124	11	31.92
937	12	7	13.54
1928	12	4	8.87
16	281	54	491.73
2569	14	4	13.63
145	150	4	10.2
104	889	3	8.49
3700	777	3	46.07
204	2018	5	61.06
115	891	5	29.7
128	152	11	40.25
107	5130	4	35.93
2665	102	3	12.54
806	14	6	11.76
340	328	56	1007.67
2057	110	3	16.89
117	3067	3	22.52
3232	12	3	8.22
667	101	5	9.46
103	746	4	10.08
968	12	7	14.28
1869	14	4	11.46
120	189	5	12.71
120	339	6	28.44
107	2831	4	26.43
118	305	3	8.91
104	2614	4	22.59
888	12	5	6.06
1886	4659	3	53.53
2254	12	4	9.82
272	12	13	9.9
114	128	8	6.23
505	101	4	3.99
101	1584	4	12.33
153	624	6	49.06
102	278	10	21.09
117	449	20	156.05
104	1993	5	28.24
104	1933	4	20.28
12	798	5	5.31
108	248	5	8.85
269	595	15	197.01
108	164	7	6.84
1253	152	6	58.23
6613	812	3	54.66
108	351	3	5.02
102	2826	3	13.52
1311	238	3	31.63
154	265	3	14.53
104	3642	3	16.94
2	167	14	43.65
101	1177	3	5.75
230	110	6	13.68
147	105	27	57.41
230	155	3	13.38
147	165	3	8.41
357	298	52	877.4
2356	12	3	6.23
3290	12	4	14.13
101	491	7	12.85
1720	14	3	6.14
16	161	7	13.99
2487	494	4	57.67
120	593	7	44.29
16	237	6	19.81
2142	1340	9	179.4
2482	14	5	20.12
105	111	58	58.86
143	113	12	21.35
101	1076	3	5.41
200	246	4	26.77
13	289	17	120.41
13	122	8	12.1
13	170	3	5.05
540	12	11	19.53
120	1035	3	16.98
1547	105	3	12.5
104	511	4	9.21
110	121	11	5.16
102	2312	6	36.9
426	108	3	5.95
144	323	4	22.11
7320	104	3	25.17
525	145	3	18.32
1757	104	4	19.35
2	1009	4	21.59
152	6154	3	39.16
939	14	18	96.7
182	103	8	5.42
2600	3779	4	78.24
468	12	9	10.07
102	2567	4	19.62
169	1646	5	53.32
1057	103	3	8.13
3731	12	3	8.22
921	441	6	77.45
3656	12	3	8.22
1016	119	4	24.87
104	204	15	40.88
1796	12	3	4.35
101	743	8	23.94
1880	102	3	11
8447	510	3	51.65
112	5733	4	40.68
1303	14	3	4.41
102	3359	3	14.72
101	2557	4	16.24
1195	795	14	252.24
118	834	12	99.88
136	101	40	34.61
3704	12	4	14.13
106	136	48	134.87
2355	101	3	10.05
143	376	3	15.03
102	2015	3	11
101	716	11	40.02
4306	12	5	26.86
148	163	4	13.19
103	585	6	17.38
102	741	4	9.49
102	793	5	14.89
125	656	3	16.71
153	342	3	16
235	246	4	29.33
1992	14	4	11.46
915	107	5	22.76
12	588	10	17.69
102	2159	4	18.39
6552	168	3	41.6
17	9	12	80.4
525	105	3	6.15
239	101	10	10.38
1701	12	4	8.05
1861	110	3	16.14
113	199	4	6.65
102	1050	7	29.88
6553	5644	3	67.98
122	730	4	25.06
4230	566	4	65.22
102	1759	3	10.37
136	2652	3	26.49
12	1298	4	5.64
1045	102	3	7.35
115	412	4	15.15
1544	14	3	5.63
1444	9	5	41.25
825	112	3	13.22
8628	102	3	22.9
101	462	6	8.86
147	212	3	11.88
122	294	3	11.05
118	456	3	11.23
133	518	4	23.97
107	3039	6	48.18
820	103	3	6.66
3914	829	3	48.22
1108	12	4	4.77
162	12	25	6.66
183	105	6	4.87
817	134	7	58.39
107	1495	4	20.08
1402	107	3	12.64
1627	14	3	5.63
2815	14	3	9.08
2	393	3	8.37
102	6234	3	22.9
380	113	3	8.31
101	1599	7	31.39
114	287	3	6.88
849	14	4	5.23
102	4951	3	18.45
102	2982	5	29.89
493	780	16	252.98
463	331	6	63.93
6687	468	3	51.17
233	282	3	21.31
111	293	14	72.52
6404	3274	3	64.16
159	160	3	8.94
1065	913	5	72.6
8	11	4	31.27
400	121	3	12.88
137	513	3	16.7
101	150	22	11.24
201	104	5	3.98
101	327	21	68.7
118	203	6	19.16
184	189	3	13.96
101	129	28	8.61
131	160	11	47.24
510	101	7	13.53
661	125	6	42.34
150	1574	3	25.53
3208	3276	6	136.63
102	3052	3	13.52
197	1198	3	28.41
138	104	15	11.26
101	5839	3	15.86
358	14	7	5.53
2581	14	4	13.63
138	164	8	34.23
1490	102	3	9.3
1874	14	3	6.72
751	14	4	4.4
166	120	8	22.99
1324	12	4	6.14
101	1473	3	6.94
102	311	33	166.28
1859	101	7	35.34
1187	12	5	8.53
188	115	5	10.37
213	8184	3	45.29
101	1295	3	6.11
780	1148	16	304.7
1043	12	5	7.42
154	105	23	46.59
6436	1362	3	57.93
124	681	4	24.6
2251	104	3	13.89
1607	14	4	9.84
492	14	7	9.31
4374	2810	4	79.77
473	102	5	9.59
112	2324	3	19.99
3695	107	3	18.69
2765	107	7	62.88
527	14	5	4.64
947	16	19	199.79
111	419	9	45.3
632	14	5	6.1
1014	12	5	7.42
112	3939	3	23.8
16	789	3	13.9
1638	12	4	7.34
105	631	3	7.17
140	1130	4	31.77
118	887	4	23.03
111	2197	4	27.81
453	272	5	48.59
558	105	8	32.8
112	2786	3	21
133	1804	3	23.85
108	957	6	30.73
102	4307	3	16.26
111	1832	3	17.3
128	8152	3	35.99
721	108	5	20.54
449	132	3	15.24
152	1135	8	82.42
189	125	5	16.59
1199	144	12	135.85
106	142	17	20.41
587	2656	8	142.17
106	259	14	50.44
925	102	3	6.75
425	111	3	8.6
123	144	13	45.23
286	14	11	11.8
104	227	5	5.51
826	3076	6	105.11
110	567	3	8.85
115	284	6	22.82
1395	12	5	9.88
107	4374	5	44.91
8512	962	3	55.9
102	2107	4	18.39
175	181	7	41.08
1456	12	5	10.66
106	101	434	807.46
3668	12	5	21.59
770	12	15	50.09
384	105	9	30.88
1339	14	3	4.78
240	102	8	10.87
108	625	3	8.35
468	8	3	14.34
4058	102	3	16.26
129	273	4	17.82
270	102	5	4.74
118	3357	3	24.2
733	127	5	35.01
163	123	10	38.61
621	104	4	11.05
12	158	225	1096.5
858	389	10	137.96
591	2137	3	41.31
102	6843	3	22.9
102	656	8	28.47
103	353	8	19
1591	12	6	16.44
476	12	29	110.31
2372	3776	5	105.1
101	1819	4	13.12
778	238	3	28.38
102	1015	4	12.09
113	240	11	46.43
617	12	6	5.91
644	312	19	277.3
133	1755	7	71.31
4595	14	3	11.71
1019	3459	6	113.72
4071	279	4	58.43
2218	112	3	19.13
6810	107	3	26.94
1027	14	4	6.63
118	3442	3	24.2
105	796	4	13.6
107	2444	5	34.39
1465	565	5	70.63
104	529	12	56.4
3958	14	5	30.41
12	1333	4	6.14
104	377	4	6.81
104	453	4	8.29
444	228	11	120.43
1558	12	4	7.34
2875	105	3	16.29
101	878	4	7.78
648	12	9	15.86
1681	1507	5	83.2
466	101	8	16.29
2066	12	3	5.5
145	149	5	14.78
5417	119	3	28.37
105	115	108	267.34
101	365	5	4.01
1090	1318	3	42.09
16	3872	3	24.79
542	102	4	7.24
7006	14	3	18.25
1526	102	5	21.2
9	13	6	6.33
111	3977	3	23.38
1286	133	3	21.75
3531	14	3	10.22
1105	12	6	11.71
1121	12	6	11.71
198	12	18	8.26
256	1137	4	44.48
235	776	3	28.04
177	110	8	13.57
5255	450	3	46.36
12	6755	3	16.11
334	12	13	14.83
102	3127	4	22.99
102	3023	3	13.52
821	14	7	16.53
238	8	3	9.61
416	14	6	4.79
103	1838	3	11.48
118	228	11	52.12
2266	104	4	21.35
566	107	5	17.78
101	178	29	51.88
3722	6	6	125.18
104	709	3	7.27
12	1884	3	4.88
101	2930	4	17.7
105	438	3	5.09
3282	12	4	14.13
302	12	55	244.89
159	195	3	11.98
12	2259	8	36.83
1458	14	3	5.18
772	14	5	7.71
1824	14	3	6.14
134	139	5	10.02
125	490	3	14.68
116	2161	4	30.1
3805	101	3	13.7
3276	811	6	110.23
622	267	3	28.09
2032	953	3	44.45
2237	12	3	5.5
16	236	7	25.2
368	14	8	8.32
140	3635	3	29.39
105	3058	4	24.85
657	107	14	87.3
106	681	4	12.94
12	3287	3	8.22
619	14	22	102.48
102	1610	9	55.36
120	138	21	73.83
162	1164	3	25.5
2079	12	3	5.5
102	3767	3	16.26
177	115	6	12.78
108	300	43	308.24
2114	12	7	28.35
2862	598	3	43.2
108	105	184	388.03
114	127	7	4.21
114	200	4	7.07
3762	9	3	28.39
124	2189	5	46.57
303	2297	3	37.68
124	515	28	293.01
1078	14	17	103.42
449	104	3	4.74
5351	104	3	20.7
16	1685	11	115.58
152	6155	3	39.16
105	5481	3	21.27
514	117	4	17.92
103	434	4	6.04
977	489	4	48.99
411	108	3	5.73
1510	12	9	32.86
1657	12	9	35.27
753	146	7	61.46
102	2122	3	11.71
115	325	3	8.41
2172	102	3	11.71
104	577	32	268.77
1260	14	3	4.41
3779	12	4	16.62
107	780	3	9.58
2033	103	3	12.19
3936	286	4	58.67
101	1770	4	13.12
128	3338	4	40.37
2548	12	3	6.23
1624	104	3	11.95
1291	14	5	12.3
158	130	7	22.89
655	16	3	12.69
103	130	28	26.31
1340	102	3	8.84
153	386	5	32.86
250	2833	3	36.96
318	372	52	908.51
1008	423	3	34.22
1442	12	4	6.71
7271	12	3	16.11
110	192	7	12.72
662	238	3	27.35
146	382	3	16.03
116	1297	4	25.13
164	296	5	33.73
112	1268	4	23.42
104	4888	3	20.7
271	14	14	19.57
2337	107	3	16.47
1318	14	4	8.56
107	731	3	9.09
887	14	4	5.54
1946	14	3	6.72
412	116	3	9.93
106	187	8	11.25
106	137	22	33.3
1041	14	6	14.76
235	1517	4	45.47
382	108	5	13.42
616	105	3	7.17
127	274	4	17.38
479	165	4	29.39
1719	12	3	4.35
115	309	3	8.05
742	3681	3	45.81
280	495	3	26.65
103	2687	3	14.01
102	4641	4	25.58
140	234	3	11.65
5366	291	3	43.39
107	5467	4	35.93
1023	135	14	153.27
135	137	4	6.3
102	622	3	4.77
108	212	13	40.75
1644	14	5	14.8
1767	125	4	33.15
4304	14	3	11.71
8	140	4	5.16
112	2458	3	19.99
101	1532	4	11.63
166	105	15	27.97
101	149	21	9.62
107	427	3	5.85
278	364	4	35.11
295	108	6	15.26
142	115	9	14.08
168	2580	3	31.03
2675	440	4	58.16
152	1007	6	55.51
409	125	7	43.87
105	508	5	14.49
112	3373	5	45.46
111	428	3	8.6
152	752	4	30.66
216	104	6	7.62
2533	14	3	8.15
6576	116	3	31.81
973	12	6	10.36
865	4568	3	48.52
174	108	9	13.45
2175	12	5	15.05
1244	12	6	13.31
2345	1066	6	105.56
102	484	12	44.69
16	3786	5	52.51
154	120	5	7.39
209	108	4	4.28
1275	12	5	9.17
112	7075	3	30.51
3867	101	3	13.7
1380	102	3	8.84
376	118	8	42.44
102	2778	7	53.44
321	111	3	7.02
4284	772	4	67.7
1393	14	5	13.04
494	107	11	53.71
118	979	11	93.46
105	4620	3	19.07
101	1081	11	52.75
475	112	5	21.15
399	102	6	11.29
107	738	4	14.42
186	120	6	16.95
104	344	7	18.02
102	3554	6	45.81
104	1319	6	31.46
158	120	7	15.76
109	108	248	834.44
109	160	68	357.62
102	4247	3	16.26
896	12	10	26.2
149	128	14	57.08
3421	112	5	45.46
364	102	5	7.18
2250	104	3	13.89
1438	107	7	45.07
499	14	10	19.77
112	156	7	9.97
1618	14	4	9.84
135	275	10	65.23
172	13	177	2053.25
104	1437	4	17.78
1021	105	5	22
12	188	108	413.74
782	134	15	154.55
2333	12	5	16.69
4591	12	3	9.67
999	12	5	6.93
775	103	4	10.4
128	1057	3	20.22
297	116	12	65.29
118	768	4	21.88
136	111	7	4.79
2215	104	5	29.71
102	2009	4	17.34
146	2934	4	42.06
152	4718	3	34.67
2869	14	3	9.08
115	604	3	12.32
197	358	3	20.73
105	471	4	9.31
128	543	3	16.04
250	1912	3	34.31
102	1568	3	9.81
124	3488	3	27.03
2421	12	3	6.23
122	486	5	28.99
2794	12	5	18.76
265	114	4	10.75
238	204	3	18.68
3514	12	4	14.13
108	148	8	5.06
108	207	9	21.45
2007	14	3	6.72
117	370	6	27.35
157	522	36	484.09
592	886	3	35.54
2168	14	3	7.38
117	296	4	13.14
101	1279	7	27.17
2	153	10	18.28
1788	12	3	4.35
188	101	14	11.3
5066	12	3	11.76
1049	103	4	12.71
1775	617	4	56.65
460	12	9	9.7
5554	4629	3	61.25
118	394	11	67.4
105	259	6	11.04
108	1275	3	12.32
448	1583	3	37.37
16	313	6	24.18
16	6470	3	31.5
216	107	8	17.9
3831	3780	4	84.32
122	279	4	16.42
104	4285	3	18.5
4593	107	5	44.91
104	2291	3	13.89
5940	14	3	13.85
6812	14	3	18.25
1029	107	5	23.93
170	394	5	37.44
105	101	567	1258.12
2747	12	5	18.76
128	186	13	68.48
383	105	4	7.58
108	1123	3	11.53
101	2793	3	11
102	6028	3	18.45
104	1795	3	12.52
5439	12	3	11.76
734	12	10	22.18
102	4745	3	18.45
107	3713	4	28.33
154	130	4	8.14
160	123	5	11.76
101	1187	4	9.89
101	1262	3	6.11
112	833	7	43.88
219	107	4	4.44
114	270	3	6.58
107	1147	3	11.79
102	268	17	53.08
101	1367	5	16.19
1002	986	3	39.68
12	680	8	12.84
118	5852	3	28
8	157	37	230.45
895	101	3	4.31
7431	12	3	16.11
102	2931	4	21.11
512	12	12	21.36
400	129	19	166.76
1571	12	4	7.34
12	1900	8	33.24
104	725	4	12.21
661	12	9	15.86
105	498	3	5.72
1876	869	6	98.05
115	651	3	12.74
230	558	3	25.96
122	586	4	23.24
4116	171	3	35.1
101	246	7	4.38
759	104	4	12.54
101	102	270	91.2
107	588	6	24
2105	14	3	7.38
4147	104	3	18.5
1635	14	4	9.84
120	634	10	73.14
104	6322	3	25.17
6448	113	3	30.54
126	4157	4	42.9
2925	12	3	7.12
107	890	3	10.12
13	2667	8	92.39
175	300	3	17.92
143	375	3	15.03
106	115	128	379.39
3389	12	3	8.22
332	108	6	16.91
277	120	3	8.69
104	3138	5	36.57
218	403	3	23.07
2023	12	3	4.88
857	612	4	50.33
135	115	12	21.53
2943	105	3	16.29
1392	112	5	32.72
176	390	4	28.15
4246	14	3	11.71
163	111	7	11.81
117	956	3	15.62
117	1032	3	15.96
12	225	88	424.17
152	1421	7	73.55
140	467	5	32.84
158	133	4	9.27
118	3478	4	35.71
3648	14	3	10.22
104	1163	13	93.75
12	6552	3	16.11
104	1282	3	10.52
101	1623	3	7.42
153	364	3	16.33
1885	12	3	4.88
144	141	11	43.42
113	124	47	166.78
822	126	4	27.13
1269	12	4	5.64
266	185	54	709.13
130	120	9	14.7
720	101	4	6.52
150	3455	3	30.69
2313	1019	5	83.83
12	1138	4	5.18
732	5089	3	49.63
170	979	7	72.61
1346	12	6	14.23
228	12	16	11.19
3187	12	4	14.13
13	6098	4	46.17
135	110	42	129.86
112	335	57	582.26
647	3384	6	107.54
170	2130	3	30.32
12	166	166	733.54
761	14	4	4.66
221	111	16	73.77
115	266	3	7.18
168	203	3	14.17
118	4649	5	54.17
104	272	9	22.94
148	129	6	15.55
1317	12	7	19.18
4482	12	3	9.67
104	5056	3	20.7
136	276	3	12.4
2467	101	4	16.24
106	155	9	6.6
1196	12	4	5.18
120	4223	3	26.36
350	101	54	365.61
102	3572	4	22.99
2756	125	4	37.99
5125	102	3	18.45
741	3289	3	45.81
236	3879	5	77.06
739	107	4	14.42
3705	107	3	18.69
2707	107	3	17.47
2099	12	5	15.05
989	12	5	6.93
2973	12	3	7.12
103	105	81	12.28
4718	12	3	11.76
1629	12	3	3.89
709	12	5	4.36
104	1722	10	77.24
157	416	4	26.18
126	641	3	16.98
102	568	9	31.72
1052	102	6	23.43
104	2322	4	22.59
1244	125	4	30.19
404	152	5	33.35
102	1159	3	8.04
413	104	3	4.19
191	14	34	61.58
137	285	3	12.88
466	110	5	17.56
1709	427	3	37.54
133	366	3	13.98
102	4084	3	16.26
922	157	3	23.06
2315	101	4	16.24
539	128	10	79.05
105	425	6	17.23
819	619	22	411.77
409	12	10	10.28
681	128	5	34.24
4578	510	4	63.98
451	111	13	78.86
105	2665	3	15.3
2590	214	6	81.88
8610	5118	3	67.98
194	159	7	39.62
101	1499	3	6.94
4445	182	3	36.14
166	130	3	6.35
309	14	15	26.79
177	101	73	266.73
135	4462	3	30.13
2053	103	3	12.19
5052	12	3	11.76
2042	101	3	9.25
108	181	102	718.78
102	4983	4	30.54
102	3014	5	29.89
107	4045	3	20.26
1672	238	4	47.19
324	897	3	31.86
101	1413	3	6.5
777	12	5	4.97
2865	915	3	46.01
8656	12	3	16.11
108	130	56	177.78
12	726	18	68.04
643	104	6	21.91
177	142	3	8.13
117	552	3	12.22
112	2474	5	40.31
274	14	14	19.91
562	469	3	31.26
2323	912	4	63.23
101	267	7	5.65
3352	233	4	53.88
619	128	5	33.47
1616	12	3	3.89
2468	12	3	6.23
230	136	3	10.98
1730	12	10	47.15
57	101	14	24.75
480	105	3	5.58
105	187	34	135.26
799	16	23	241.95
105	137	15	12.24
216	118	3	6.31
145	102	14	6.01
111	1259	14	133.16
102	2710	6	40.11
1213	14	3	4.08
12	1025	4	4.39
2989	14	3	9.08
102	500	7	18.52
5748	366	3	45.04
2911	12	3	7.12
158	105	15	22.65
104	1197	8	45.19
235	364	3	23.09
736	2392	4	61.26
1068	105	4	16.14
126	294	3	11.74
167	277	3	16.73
725	14	4	4.4
1507	14	4	9.16
575	14	6	8.16
106	508	8	32.14
1549	162	3	27.44
783	2061	9	166.86
113	1590	6	44.53
101	956	3	4.82
104	427	9	31.58
2946	12	3	7.12
115	369	5	20.16
1130	12	6	11.71
2020	165	3	29.27
1553	101	6	24.36
2166	12	3	5.5
963	105	3	9.61
714	107	3	8.87
536	330	3	28.59
3658	655	5	84
236	1227	13	189.83
102	674	7	23.43
263	8	4	16.53
3049	12	3	7.12
335	357	52	908.57
12	258	41	114.96
293	12	39	122.44
152	1134	11	124.05
2	2172	3	18.98
249	402	5	45.61
170	3440	3	33.45
103	209	13	26.35
624	790	3	35.38
141	787	3	19.96
193	129	36	281.86
158	108	11	14.95
158	160	3	8.76
117	822	3	14.7
176	110	5	4.66
125	4232	3	28.92
105	8181	3	25.75
12	1346	4	6.14
104	482	3	5.11
133	895	15	158.85
102	3484	5	32.81
692	112	7	40.56
104	4690	3	18.5
967	1318	5	75.54
108	3449	4	28.5
399	118	4	16.02
3752	14	3	11.71
101	891	6	16.49
1346	1271	3	42.92
104	3027	3	15.73
714	102	3	5.33
190	111	4	5.55
103	1174	5	19.59
111	2604	3	19.56
143	404	3	15.51
110	398	4	10.76
104	288	15	55.28
6065	848	3	50.45
182	1411	4	40.44
115	117	15	13.7
1779	103	3	10.84
421	103	4	5.89
117	1077	6	42.13
1106	12	9	25.96
105	1659	3	12.5
472	314	3	27.16
112	173	4	4.47
121	219	4	13.65
107	5988	4	35.93
108	193	6	7.76
867	112	3	13.51
6589	14	3	18.25
2026	118	3	20.34
1204	14	4	7.51
2	525	3	10.29
380	110	6	20.35
114	157	6	7.78
477	12	26	89.86
7509	126	3	35.92
107	422	4	9.85
237	101	11	13.02
351	110	14	70.76
106	649	3	7.82
1688	105	3	13.07
3623	213	3	36.97
224	103	8	10.95
3957	14	3	11.71
2107	14	4	12.45
7661	1092	3	56.63
1295	118	3	17.59
105	198	6	6.42
2288	632	4	58.7
104	871	3	8.49
1338	14	3	4.78
156	286	13	105.76
1825	12	4	8.05
104	4180	4	28.58
147	192	4	15.86
134	101	125	352.45
3702	12	3	8.22
107	1523	5	27.77
6269	3425	3	64.16
1486	12	5	10.66
899	131	4	28.95
107	3732	3	18.69
111	7270	3	30.08
111	1111	4	21.73
141	279	11	77.11
211	210	6	44.62
2348	107	4	24.93
112	1104	3	14.84
1878	102	3	11
9	9	23	80.98
134	259	3	11.58
5644	2721	3	58.42
680	104	4	11.6
134	142	4	6.58
102	579	3	4.28
120	1166	5	35.36
2878	7164	3	62.92
116	7126	3	31.81
108	431	6	19.93
105	1386	3	11.5
9	20	3	28.39
4403	12	3	9.67
169	101	24	30.3
763	185	20	267.58
1554	110	4	22.52
7568	107	3	26.94
120	2760	3	23.55
1272	14	3	4.41
102	1172	3	8.04
2335	3833	3	55.16
322	107	3	4.41
1250	107	4	18.78
243	487	5	47.45
131	148	9	30.89
101	118	93	92.39
102	1529	8	43.98
4019	14	3	11.71
101	283	12	20.73
278	460	4	37.25
503	1729	3	38.6
1499	12	6	15.27
12	1946	3	4.88
4076	848	3	48.22
2829	12	3	7.12
159	131	3	5.61
538	12	8	9.54
951	101	3	4.82
607	117	3	12.79
103	2209	3	12.19
108	121	12	4.31
116	744	16	137.27
111	1414	3	15.68
437	299	4	37.69
215	14	15	14.58
102	6407	3	22.9
108	683	7	32.71
396	112	3	8.51
101	5354	4	27.05
12	239	80	368.72
621	102	4	8.38
981	16	17	165.96
2476	14	4	13.63
493	14	5	4.05
1044	12	8	19.65
144	454	3	16.89
2362	12	7	31.71
258	110	37	239.25
136	138	4	6.81
439	123	3	13.66
104	200	15	37.5
126	4099	3	29.2
110	351	3	5.99
785	14	4	4.94
8440	104	3	25.17
388	168	3	18.87
1439	14	3	5.18
132	191	4	13.13
110	248	4	6.86
2176	427	4	54.97
146	4713	4	51.61
253	132	3	11.22
105	4509	3	19.07
104	4812	4	33.56
3211	12	4	14.13
101	1757	4	13.12
3169	105	3	17.51
392	234	3	23.45
4086	1893	4	75.87
3182	12	3	8.22
905	105	3	9.31
103	160	21	31.89
489	103	4	6.85
118	1711	3	19.67
109	2933	3	18.38
8695	14	3	18.25
115	1354	3	17.11
102	2360	5	27.72
124	189	4	11.24
1696	107	3	14.23
138	909	4	30.27
1546	4933	3	54.48
245	111	20	108.39
739	102	3	5.53
12	559	32	163.11
193	178	4	20.69
1586	107	3	13.65
120	1794	3	20.25
158	209	3	13.15
116	3752	3	25.1
101	610	6	12.22
102	8251	3	22.9
1893	12	4	8.87
277	117	4	12.48
106	124	21	19.47
636	702	22	389.44
102	3257	4	22.99
101	4637	3	13.7
115	253	5	15.61
115	327	3	8.51
115	150	6	7.53
3142	4944	4	86.69
597	112	3	11.14
2074	116	5	40.7
346	118	3	9.67
256	855	4	42.03
468	14	7	8.71
7106	1390	3	57.93
108	674	3	8.76
833	14	4	5.23
4909	4826	3	63.48
283	12	13	10.42
3259	12	3	8.22
696	101	7	18.37
161	201	5	27.04
4892	12	4	21.48
102	1044	5	17.48
101	1772	3	7.95
112	571	17	129.03
167	105	15	28.24
109	212	15	55
117	840	10	76.67
1755	196	5	57.92
256	2031	3	35.36
12	439	25	78.38
128	846	6	46.32
457	107	6	20.26
104	456	14	64.88
2527	125	3	25.08
6141	14	3	13.85
815	101	3	4.08
107	850	3	9.85
107	646	5	19.15
102	1653	5	22.18
118	919	3	15.74
342	128	9	58.95
106	375	3	4.56
132	771	7	56.75
383	108	8	28.84
903	101	4	8.14
615	105	29	249.15
268	103	12	30.9
1686	1673	11	237.16
140	1734	3	24.83
202	118	7	24.29
3239	844	5	86.7
870	107	8	44.25
101	412	12	30.19
107	270	4	6.47
413	116	3	9.93
3685	104	3	16.94
103	742	3	5.96
1063	113	3	14.87
2129	14	4	12.45
4031	893	5	92.63
103	622	3	5.18
102	586	10	38.3
996	102	6	22.69
134	137	4	6.21
102	383	23	106.72
205	407	4	32.65
2877	12	4	12.35
111	1209	4	22.28
102	4808	4	30.54
787	12	12	34.17
386	12	8	4.73
108	163	14	28.42
114	125	11	12.56
1037	107	3	11.06
105	4134	5	42.91
102	279	27	112.99
104	2611	4	22.59
12	3185	5	21.59
1606	104	3	11.95
4192	104	3	18.5
272	14	13	16.56
131	130	10	28.51
120	336	7	35.41
159	147	3	7.45
556	2881	3	42.81
101	206	27	66.31
5457	126	3	31.43
243	461	38	583.24
102	1459	8	43.98
212	101	22	46.77
8249	12	3	16.11
112	5288	3	26.02
104	749	8	36.3
16	504	3	10.88
958	14	4	6.24
102	5100	3	18.45
108	144	8	4.09
117	487	21	171.02
16	1223	3	16.61
3035	14	3	9.08
101	1598	3	7.42
194	134	6	25.03
1153	103	3	8.5
179	101	41	101.02
1509	12	8	26.35
102	486	25	140.68
1627	12	3	3.89
229	114	3	5.34
6126	12	3	11.76
12	963	11	34.35
2917	14	3	9.08
213	4618	5	75.58
169	337	3	18.43
104	1006	3	9.4
145	118	6	8.52
216	102	8	9.17
475	599	6	72.36
779	612	3	35.16
261	2671	3	36.7
104	2135	3	13.89
3002	12	4	12.35
186	117	5	10.96
738	103	6	20.04
118	2253	5	41.84
104	409	4	7.5
110	265	5	11.71
115	491	4	16.64
227	108	5	7.93
122	623	3	16.05
164	219	7	46.02
1975	886	3	43.03
620	14	9	20.78
101	1018	3	5.11
640	1350	7	106.35
156	611	3	20.33
102	1818	6	30.87
1538	182	3	29.38
102	1758	4	16.43
102	943	3	7.04
144	156	6	20.6
102	1047	4	12.09
104	1330	8	48.19
104	1119	9	52.26
2113	12	5	15.05
109	105	147	284.39
4705	12	3	9.67
12	530	14	31.06
1827	103	7	40.37
1203	271	3	32.02
102	2214	3	11.71
1839	101	8	44.24
406	103	4	5.61
102	2334	4	19.62
6675	105	3	25.75
1580	101	3	7.42
649	103	3	5.36
117	876	3	14.99
579	233	10	114.75
112	301	4	11.5
102	740	6	19.1
107	1827	7	48.55
402	14	6	4.44
356	102	4	4.24
1853	14	5	17.04
106	139	55	180.84
123	133	4	3.96
101	837	8	26.24
724	324	5	56.43
111	728	3	12.03
101	1416	4	10.99
166	108	18	46.36
194	129	5	18.48
101	1595	3	7.42
179	155	3	10.03
393	121	5	26.41
118	1589	7	59.6
299	111	3	6.59
414	14	34	155.27
138	178	4	13.12
427	102	4	5.36
6014	14	4	24.33
3660	102	4	22.99
807	14	6	11.76
842	14	5	8.49
107	482	10	46.09
237	115	3	6.15
101	146	21	8.49
102	1498	3	9.3
932	12	5	6.48
708	103	3	5.75
118	141	18	54.88
116	5571	4	42.41
102	1139	3	8.04
1168	617	3	37.75
107	288	8	23.73
460	101	8	15.92
1070	12	15	68.54
174	105	7	5.61
104	2142	7	49.26
570	1379	3	38.02
3859	7244	3	65.75
105	316	4	6.37
445	499	3	29.74
120	542	9	60.2
1923	104	4	20.28
104	855	4	13.62
162	111	16	49.45
108	462	3	6.44
117	175	14	53.18
134	115	11	17.9
7164	359	3	49.42
1415	101	5	16.19
9	208	36	287.96
375	114	3	8.42
2955	12	4	12.35
4796	12	3	11.76
173	132	8	33.11
306	371	52	901.21
112	2648	3	19.99
158	121	9	29.78
627	12	9	15.24
158	176	3	10.21
105	2102	3	14.45
2457	12	3	6.23
108	911	5	22.96
4195	12	4	16.62
149	126	8	23.84
3155	103	6	46.82
653	111	3	11.35
126	162	21	115.78
107	1896	5	31.16
1193	14	3	4.08
113	137	13	23.41
984	14	4	6.24
2976	14	3	9.08
102	1651	3	9.81
102	7832	3	22.9
143	187	3	8.96
101	975	4	8.53
110	131	13	13.26
233	1824	5	61.8
2886	12	3	7.12
5111	12	4	21.48
886	103	4	11.45
444	141	4	23.8
1572	12	4	7.34
5287	12	3	11.76
641	105	5	17.27
101	2194	3	9.25
855	450	5	61.98
102	5605	4	30.54
120	735	3	14.91
764	12	9	18.7
382	105	6	15.79
311	314	6	57.62
1450	12	6	15.27
1781	2235	3	48.13
152	4716	3	34.67
2250	102	3	11.71
252	1989	3	34.38
104	3814	5	41.95
486	104	3	5.11
263	14	14	19.25
102	685	18	103.5
104	1439	5	24.87
1844	12	3	4.88
12	186	20	7.98
111	1971	4	26.73
138	4485	3	30.94
1238	126	3	20.97
101	1953	5	20.3
161	186	4	17.96
411	105	6	16.73
3066	102	3	13.52
1006	171	3	25.63
108	607	6	24.65
129	142	5	9.55
3149	113	3	22.26
578	104	3	6.14
101	4456	3	13.7
2138	14	4	12.45
256	1006	4	43.41
2820	104	3	15.73
2051	101	3	9.25
107	1040	3	11.06
3480	12	3	8.22
582	12	24	96.81
2	1946	3	18.23
1298	101	3	6.11
12	4015	3	9.67
101	4199	3	13.7
111	1097	17	170.65
108	1769	3	14.35
457	104	4	8.29
171	14	59	140.5
101	2281	3	9.25
115	517	3	11.24
2209	632	4	58.7
110	180	8	14.46
250	540	3	26.25
924	112	6	36.77
111	1808	4	25.78
116	474	25	212.85
139	118	6	7
795	104	6	24.46
359	16	42	388.59
109	207	4	4.94
107	2064	8	65.61
374	362	52	949.64
107	2116	3	15.62
1656	6596	3	58.98
122	2122	3	23.77
103	121	33	27.82
117	190	8	25.31
1033	12	5	7.42
117	132	6	4.94
348	103	52	389.33
1320	195	14	205.36
1727	14	3	6.14
102	520	6	14.7
498	14	8	12.48
102	384	7	14.6
252	565	5	50.06
1491	112	8	64.13
101	351	5	3.89
137	111	14	25.18
1085	13	3	18.86
1000	12	5	6.93
145	132	5	11.33
127	885	4	27.57
220	128	3	9.53
1208	12	4	5.18
144	3322	5	58.58
138	1295	3	22.69
156	3018	3	30.21
866	12	5	6.06
3902	147	3	32.09
704	394	4	44.31
187	120	5	12.53
104	4468	3	18.5
142	139	4	7.6
157	5862	3	35.43
101	299	7	6.94
101	104	141	15.99
1212	104	6	29.48
1096	3480	3	48.31
101	164	29	42.94
749	14	4	4.4
101	1369	3	6.5
519	336	3	28.44
1132	215	4	42.05
1218	1609	4	61.66
108	160	22	58.16
144	2370	3	27.81
1441	2	3	16.44
104	4342	4	28.58
104	2236	6	38.98
413	102	5	8.18
4670	2446	3	55.16
5038	14	3	13.85
101	428	5	5.19
1533	103	3	9.77
141	1498	3	23.68
108	1128	5	24.79
7174	2	3	30.36
105	124	49	106.08
5806	146	3	34.2
211	108	11	30.92
107	3718	5	39.53
2290	104	5	29.71
459	14	10	18.31
542	107	10	49.19
105	5932	4	34.33
912	8	3	18.63
1052	104	3	9.4
828	14	6	12.28
4781	104	3	20.7
2684	14	3	9.08
114	140	8	9.38
595	102	3	4.44
380	142	4	22.47
951	110	3	11.95
108	117	21	8.77
6883	12	3	16.11
197	1353	5	54.91
140	640	3	18.72
108	231	5	8.19
12	2032	3	5.5
120	151	5	6.97
1129	12	5	7.95
353	114	4	13.12
1289	110	3	13.44
105	479	3	5.45
109	3454	3	19.6
1390	107	5	26.86
691	14	4	3.93
101	219	10	8.7
149	1182	4	34.05
1312	720	9	146.73
16	1062	3	15.8
101	626	7	16.81
111	2558	6	51.21
101	686	4	5.99
144	1151	7	67.73
113	1118	4	22.33
481	105	4	9.5
384	108	5	13.42
118	800	10	77.02
412	146	3	16.52
125	730	5	34.51
1008	126	5	38.68
343	1883	3	36.87
402	128	5	28.14
101	2077	5	21.73
3432	12	3	8.22
129	337	4	19.94
102	2193	5	25.99
868	14	6	12.84
2645	404	3	39.45
12	6565	3	16.11
3288	107	3	18.69
109	130	82	345.7
1718	108	3	14.35
989	101	3	4.82
103	163	28	62.35
143	101	59	99.29
107	766	4	14.75
102	1848	9	62.26
743	12	10	22.18
464	1561	3	37.52
122	656	3	16.27
4335	12	3	9.67
115	597	3	12.13
901	14	5	9.39
273	14	19	37.17
132	330	4	20.04
104	388	4	6.94
342	168	4	26.77
2589	214	7	100.06
344	1799	3	36.19
959	14	5	9.88
108	3664	3	18.82
1404	12	7	19.18
132	119	98	625.13
110	147	11	14.31
207	101	31	85.6
13	153	4	5.91
2562	12	4	10.96
1371	12	4	6.14
4776	101	4	27.05
124	114	13	17.12
146	1235	3	23.72
2	2565	3	19.84
269	668	3	28.63
1520	104	5	24.87
239	113	3	5.31
105	3190	4	26.75
1479	13	3	20.64
956	488	3	34.75
499	8	5	29.68
12	3059	4	12.35
1144	14	4	7.51
3392	14	3	10.22
121	232	3	9.2
178	377	4	28.5
153	251	9	60.95
324	446	4	38.68
3124	9	3	26.8
1064	14	8	26.04
12	143	189	544.61
1301	103	3	8.88
288	741	4	41.82
222	114	4	8.8
140	295	38	391.34
170	800	5	45.61
115	121	29	82.43
101	2496	4	16.24
106	205	15	46.14
155	137	3	5.53
405	152	7	52.03
101	853	3	4.08
1745	14	5	15.84
3080	812	5	83.22
261	104	4	4.48
484	14	6	6.24
101	190	27	52.83
131	105	39	83.8
201	117	4	8.88
104	2580	3	14.73
117	6061	3	27.55
184	151	5	21.69
1867	101	5	20.3
212	115	4	9.13
3595	103	3	15.21
380	101	7	9.59
1431	101	4	11.63
101	1614	5	18
179	115	8	21.76
1452	103	5	22.02
285	1270	3	32.7
358	112	3	7.97
205	292	5	39.5
102	2792	3	13.52
762	14	5	7.71
104	1707	4	19.35
134	155	9	32.81
134	110	10	6.88
188	124	5	15.99
153	1093	3	23.44
101	1290	7	27.17
115	3606	3	23.26
154	108	42	150.32
2374	108	3	16.59
101	385	7	9.59
243	132	5	23.13
122	311	8	46.27
184	457	3	21.43
105	139	39	95.97
651	235	3	27.06
748	102	3	5.53
1189	740	3	38.69
216	116	3	5.73
145	164	5	18.47
104	990	3	9.08
102	6034	3	18.45
562	186	6	55.4
169	201	3	13.99
110	635	4	14.83
180	129	3	7.27
385	180	3	19.89
102	7319	3	22.9
7319	2217	3	61.02
2564	3817	5	105.1
101	1280	4	10.42
113	697	4	18.67
160	139	5	15.51
101	1236	3	6.11
102	472	6	13.5
1402	102	3	8.84
173	191	5	26.97
863	13	4	25.82
114	545	3	11.03
162	110	11	20.52
247	1164	7	86.96
117	120	54	192.95
108	149	10	9.24
140	6868	3	37.69
2007	12	3	4.88
104	8043	3	25.17
1050	5233	4	75.26
2783	331	3	39.3
12	6789	3	16.11
102	294	9	18.43
235	2463	3	35.52
1098	1214	4	57.79
3254	133	4	41.32
101	145	169	730.89
3492	102	3	14.72
379	318	52	908.51
1065	2243	8	147.79
102	1394	7	34.35
6224	2049	3	61.02
343	339	3	25.71
3857	1547	5	99.38
1501	14	5	13.87
212	111	5	11.27
102	3756	3	16.26
159	105	17	30.17
120	229	8	34.4
112	1436	9	75.57
1587	12	3	3.89
101	651	14	56.86
101	823	5	11.41
152	4717	4	52.23
115	102	46	19.9
574	663	27	505.89
299	749	3	29.83
735	128	3	17.76
126	500	3	15.1
911	101	4	8.14
391	108	3	5.41
135	333	3	13.57
2836	12	4	12.35
102	730	8	30.49
125	6830	3	35.64
112	495	14	92.78
1325	126	3	21.43
167	147	3	8.46
2592	12	3	6.23
118	1743	5	39.06
101	1789	3	7.95
156	1951	3	27.56
113	136	15	29.24
152	3743	4	47.23
8405	103	3	23.41
3178	3348	3	55.84
124	112	8	4.7
110	130	22	39.52
2568	5656	4	83.24
16	720	3	13.38
144	3680	4	43.55
282	118	5	18.58
112	1332	7	51.89
378	302	52	897.79
1211	103	4	13.71
435	252	5	46.89
111	2212	4	27.81
2763	12	3	7.12
119	101	47	11.62
143	136	5	10.57
101	908	4	8.14
105	601	4	11.48
301	126	5	25.09
104	573	32	268.77
830	165	4	34.5
3027	14	4	15.06
113	1493	4	24.79
107	708	3	8.87
102	1667	9	55.36
143	290	3	13.44
107	6791	3	26.94
102	1719	4	16.43
593	104	3	6.31
504	152	3	18.27
1885	14	4	11.46
113	123	10	8.45
195	130	3	8.34
4400	12	4	16.62
109	147	18	36.23
683	128	8	63.34
158	134	5	13.67
1399	12	6	14.23
415	12	11	13.42
127	1238	3	20.99
401	1204	5	63.74
360	141	16	136.82
182	1	5	23.47
320	101	15	37.1
116	121	9	8.63
158	523	3	19.62
693	105	3	7.57
4806	131	3	32.17
2949	4505	3	56.19
1900	101	5	20.3
101	1952	4	14.01
2668	104	4	22.59
283	112	3	6.5
812	104	3	7.96
126	397	3	13.58
1116	14	4	7.05
7114	954	3	55.9
123	180	3	6.25
101	604	4	5.29
116	3857	5	53.02
1149	14	3	4.08
4209	140	3	30.97
106	113	269	1129.13
770	16	3	13.63
434	761	3	32.5
1372	104	3	10.95
106	285	10	31.66
101	2537	3	10.05
21	39	5	45.03
3495	12	4	14.13
104	2505	5	31.46
12	5344	4	21.48
3593	107	3	18.69
151	156	6	22
512	14	5	4.24
104	724	3	7.49
105	497	22	137.66
111	21	8	5.21
1025	111	7	46.3
159	212	3	13.4
361	423	4	39
673	574	27	505.89
4196	14	5	30.41
1613	102	3	9.81
1967	104	3	13.16
12	2476	3	6.23
7	167	4	12.95
730	103	3	5.96
194	117	3	4.53
101	1519	5	17.05
899	105	4	14.75
2230	12	7	28.35
319	115	6	24.46
4861	8204	3	67.98
101	1190	5	14.7
160	124	6	16.34
102	6707	3	22.9
101	1114	3	5.41
4068	12	3	9.67
109	657	3	9.28
3137	6282	3	64.16
153	2213	3	27.81
874	111	5	27.3
1022	104	3	9.4
180	178	3	12.87
216	150	3	12.22
118	2866	4	33.8
145	266	5	28.14
107	5172	4	35.93
3151	111	3	21.8
1065	6765	3	56.63
122	278	3	10.64
147	160	6	22.78
545	477	3	31.07
285	185	12	108.78
104	4424	3	18.5
511	6802	3	51.65
102	1207	8	39.26
101	553	6	11.15
243	165	3	15.48
107	201	8	15.84
881	12	7	12.84
117	519	6	31.95
6574	8639	3	72.48
442	14	6	5.36
124	1101	3	19.57
104	3263	4	25.98
290	165	4	25.02
3497	103	3	15.21
101	1566	4	12.33
726	101	6	14.34
309	12	9	4.29
672	103	3	5.55
16	4759	4	42
960	12	8	18.66
4536	12	3	9.67
107	576	3	7.69
2182	12	3	5.5
5713	1736	3	55.09
102	1491	11	72.92
314	617	3	29.18
2371	16	3	20.97
1416	102	5	20.32
104	849	8	38.71
128	469	30	316.71
1302	16	12	111.12
1394	112	5	32.72
810	103	4	10.73
898	146	6	53.06
104	2371	3	14.73
811	1413	6	91.11
102	1162	6	25.08
191	12	46	82.5
137	115	14	30.98
101	473	5	6.1
101	369	16	46.53
423	452	5	53.64
839	103	4	11.08
173	165	8	45.6
4655	12	4	16.62
2269	12	3	5.5
102	518	5	10.54
112	2307	4	29.64
709	14	6	10.36
251	152	3	13.51
116	929	6	39.34
1523	14	4	9.16
198	111	5	9.55
254	107	7	16.58
2639	104	3	14.73
6656	510	3	51.65
905	107	3	10.42
1061	182	4	38.65
1353	125	3	21.15
104	6087	3	20.7
102	4420	3	16.26
3629	1666	3	50.66
236	3878	5	77.06
109	131	10	5.93
988	1157	4	56.78
2683	2701	4	75.21
655	12	8	12.29
3450	12	3	8.22
1746	12	4	8.05
104	441	3	4.62
102	1670	10	65.63
3147	945	5	88.38
3200	107	3	18.69
101	942	7	22.35
107	833	3	9.85
106	358	3	4.38
1020	14	6	14.76
7261	111	3	30.08
118	799	23	249.66
155	123	4	6.87
1724	740	3	41.24
108	1895	3	15.01
13	359	11	73.22
1241	366	3	34.53
6188	238	3	46.17
118	2478	3	21.95
728	12	14	42.46
267	331	5	45.06
110	353	3	5.99
3569	12	4	14.13
12	169	86	218.55
118	5346	3	28
228	14	28	62.32
1199	107	3	11.79
144	388	3	15.71
153	235	4	19.78
101	2011	5	20.3
2753	214	3	35.79
12	216	27	37.74
1093	107	9	57.53
12	142	73	69.13
129	123	5	6.18
361	1106	4	47.43
638	16	5	26.47
2131	14	3	7.38
934	102	3	6.75
3030	102	6	40.11
5994	12	4	21.48
1751	12	3	4.35
101	2125	3	9.25
121	284	4	16.47
1700	215	3	32.52
12	3727	6	32.23
164	564	5	41.34
2988	854	4	63.91
369	185	8	70.42
123	250	4	15.13
193	1158	4	40.2
7702	102	3	22.9
116	1415	14	148.59
6600	2092	3	61.02
107	2288	4	23.67
4509	112	3	23.8
2009	14	3	6.72
110	207	5	8.44
1117	102	6	24.22
1130	14	4	7.05
1680	12	3	4.35
6381	12	3	16.11
12	2803	3	7.12
167	131	3	6.57
653	115	3	12.74
113	319	12	62.36
102	1064	3	7.68
436	108	5	15.05
4143	107	4	30.95
109	180	12	28.97
125	520	3	15.16
167	636	22	274.83
563	122	3	15.44
251	110	5	10.59
129	6996	3	36.38
117	165	15	56.34
4620	12	4	16.62
102	3930	3	16.26
4828	6414	3	67.98
145	165	3	8.3
107	156	12	16.21
102	1189	3	8.04
101	266	61	345.17
101	133	23	4.26
237	111	3	4.93
8	3762	3	28.73
816	182	5	47.95
274	12	10	4.44
1333	12	6	14.23
107	2650	6	44.94
132	1048	3	20.52
105	1288	8	48.13
108	195	13	34.67
192	120	5	13.09
244	12	31	61.13
104	1902	3	13.16
194	209	4	24.37
2126	2333	3	50.43
2259	116	3	20.41
777	14	7	15.27
103	977	4	12.27
393	297	6	60.01
104	228	35	171.66
104	287	4	4.99
127	152	11	40.08
12	1525	8	26.35
115	178	8	21.67
181	104	9	10.9
136	124	22	90.9
14	58	6	7.26
286	12	13	10.68
101	787	12	50.09
175	129	3	6.74
701	101	5	9.81
119	438	5	24.18
1675	103	3	10.84
121	293	6	30.11
101	1985	3	8.56
121	120	16	35.44
1409	102	6	27.04
432	14	10	16.99
2325	2320	3	51.31
105	1660	3	12.5
1744	632	5	73.87
971	104	5	20.47
2526	125	3	25.08
109	175	5	4.2
3515	14	3	10.22
102	2344	5	27.72
537	14	5	4.86
17	104	4	5.76
345	286	4	35.03
1089	12	4	4.77
949	108	3	10.85
344	888	4	45.07
214	12	14	5.88
2904	12	3	7.12
1543	389	3	36.17
125	1653	3	22.19
110	212	6	12.28
101	2229	3	9.25
568	14	7	11.41
131	412	3	14.55
107	303	3	4.1
156	182	6	29.2
953	898	3	39
118	453	6	30.88
362	354	52	932.53
826	1041	4	54.4
1703	105	3	13.07
2222	103	3	12.19
5273	12	3	11.76
527	12	12	22.7
6577	7174	3	72.48
463	1224	3	36
16	280	3	7.36
492	12	7	5.67
1607	12	3	3.89
526	1844	3	39.79
2529	116	3	21.27
125	383	4	19.74
1043	14	4	6.63
6333	139	3	37.69
209	118	3	6.11
8171	5308	3	67.98
146	3382	3	30.39
1324	14	3	4.78
134	558	3	16.79
102	235	14	32.19
101	1401	6	22.01
114	112	16	8.24
1305	102	6	26.02
108	192	17	52.66
358	12	10	8.18
2581	12	3	6.23
12	714	23	105.39
751	12	7	10.49
1874	12	3	4.88
389	12	10	9.02
1010	103	3	7.8
272	137	3	12.64
3436	104	3	16.94
351	111	5	17.48
224	102	6	4.92
104	844	3	8.22
1589	547	4	54.68
159	130	7	23.33
2371	2921	4	73.68
1379	12	8	24.7
2049	101	3	9.25
101	284	15	32.53
104	3254	4	25.98
821	12	6	8.7
215	101	9	6.42
102	324	16	55.14
1735	1393	4	63.16
416	12	10	10.63
1412	12	6	14.23
1254	14	4	8.01
138	144	3	4.77
102	5123	4	30.54
933	107	4	16.27
8682	2168	3	61.02
1105	14	6	15.5
6487	268	3	47.45
1655	12	4	7.34
2	122	13	15.29
5392	2422	3	57.39
275	119	15	91.3
2	170	5	6.88
702	12	23	105.39
174	131	5	16.15
3561	215	4	52.95
146	4383	3	31.97
175	998	3	25.48
107	319	7	20.62
104	1099	4	15.4
120	395	3	10.88
4627	102	3	16.26
180	102	9	6.07
676	111	3	11.56
105	285	11	35.17
4467	5789	3	61.25
102	1735	5	23.28
101	995	3	4.82
107	828	8	43.34
1558	14	3	5.63
113	1509	4	24.79
143	156	22	128.59
284	1919	4	50.21
1840	101	5	20.3
262	236	71	1148.05
127	493	3	15.13
110	105	111	172.53
8172	4107	3	65.75
103	3672	3	15.21
104	454	5	12.41
115	1295	3	16.66
149	12	30	4.65
109	265	14	59.46
2995	12	3	7.12
113	306	53	486.75
304	472	3	26.97
617	14	7	12.68
135	497	14	122.41
1858	14	3	6.72
163	124	3	5.15
12	110	161	13.79
115	129	10	13.74
110	502	3	7.88
805	7600	3	54.66
127	305	6	32.58
123	104	15	4.38
148	133	4	7.9
136	139	6	14.43
102	2314	4	19.62
148	1280	3	24.02
107	1979	3	14.88
102	959	3	7.04
778	182	3	25.08
1396	102	3	8.84
103	116	34	8.87
837	102	3	6.22
107	645	4	13.5
123	428	4	20.17
522	9	36	423.43
1406	14	3	4.78
342	127	3	12.81
307	111	14	74.4
131	4352	3	29.94
1260	12	4	5.64
328	12	56	283.86
110	120	27	32.99
1674	101	8	41.43
241	895	4	41.35
7964	12	3	16.11
12	1455	13	69.83
104	254	4	3.89
104	202	20	65.21
845	107	7	35.7
102	2059	4	18.39
731	706	3	35.54
104	3126	5	36.57
2187	104	5	29.71
812	107	5	21.23
113	542	4	16.46
189	156	3	10.89
2586	9	7	75.94
2530	107	4	24.93
447	196	7	64.6
103	485	38	287.56
320	110	3	5.45
102	2569	4	19.62
833	101	3	4.08
1564	12	4	7.34
2496	12	6	23.51
112	725	4	18.96
114	333	3	7.91
1702	12	7	23.74
194	121	12	60.15
730	108	5	20.54
107	1286	3	12.2
177	113	9	23.04
138	193	3	9.3
108	102	80	19.87
5650	14	3	13.85
885	107	4	15.86
7719	2175	3	61.02
398	108	5	13.79
101	234	9	7.82
5449	128	3	31.5
174	147	6	25.55
368	12	9	6.5
107	269	6	13.93
101	353	14	35.66
107	186	16	44.95
102	1146	15	107.12
137	101	72	138.42
2122	112	5	38.54
892	102	3	6.48
1962	14	4	11.46
105	112	25	3.86
139	625	3	18.5
1731	565	6	90.59
108	417	3	5.84
1153	2878	3	47.47
108	349	6	17.53
4827	168	3	37.1
1993	14	3	6.72
102	2688	4	21.11
213	3371	3	36.97
9	103	36	35.1
403	12	19	41.72
7	359	3	15.54
134	136	8	21.17
2	101	134	135.58
101	1258	4	10.42
102	382	29	152.8
162	101	14	5.1
502	403	3	29.06
12	964	15	61.58
1143	125	3	20.27
4809	107	3	22.47
114	361	3	8.32
103	706	3	5.75
16	3787	4	37.01
118	1170	3	17.17
125	1172	3	20.27
2272	112	7	61.7
213	4617	4	55.42
128	227	3	9.81
102	4050	3	16.26
169	136	4	11.5
107	3041	3	17.47
12	1725	3	4.35
127	888	3	18.81
438	12	20	51.29
112	3423	3	22.23
108	1489	7	45.36
1896	103	5	25.36
4943	101	4	27.05
670	105	3	7.57
400	174	6	47.86
3991	14	3	11.71
102	1504	3	9.3
101	148	169	754.56
165	135	8	32.39
2294	102	5	25.99
107	424	3	5.85
148	604	4	28.53
142	113	222	1821.34
204	4274	3	38.16
125	251	3	10.18
194	193	5	30.17
713	1156	3	38.44
154	370	3	16.64
104	5405	3	20.7
1644	12	3	3.89
2832	12	6	26.63
102	2980	6	40.11
111	1448	3	16.17
8	143	4	5.26
8	217	9	46.24
12	631	6	5.91
102	791	16	94.24
514	131	3	16.16
3972	12	4	16.62
2512	14	3	8.15
945	16	5	30.75
129	111	8	5.7
111	1905	3	17.96
775	107	3	9.33
395	112	3	8.51
115	237	6	19.9
101	2555	5	23.44
1185	12	4	5.18
104	3057	4	24.09
123	132	6	9.58
953	146	4	32.1
314	215	8	73.86
1041	12	4	4.39
123	190	4	11.32
408	2986	4	57.41
271	12	13	9.9
4056	1328	5	97.44
102	1637	3	9.81
102	1817	3	10.37
887	12	6	9.22
546	114	3	11.03
119	155	5	7.28
352	14	54	328.73
1172	547	5	67.74
102	5671	3	18.45
109	248	8	22.77
168	1317	5	51.16
193	253	7	54.06
1614	107	8	56.68
1565	125	8	79.87
1453	102	3	9.3
1576	103	4	16.26
3218	12	4	14.13
