5128	1
9232	2
340	3
8976	4
9456	5
369	6
4390	7
6882	8
346	9
7295	10
376	11
9442	12
5430	13
2	14
5301	15
6047	16
5958	17
8402	18
3801	19
9236	20
8937	21
1276	22
577	23
9098	24
6226	25
20	26
9012	27
9500	28
5424	29
8252	30
9011	31
6540	32
7098	33
505	34
7096	35
4386	36
1787	37
5019	38
9468	39
9451	40
2695	41
8272	42
9104	43
9089	44
9501	45
7640	46
9050	47
6729	48
1	49
2652	50
9482	51
8254	52
5281	53
7739	54
9093	55
4643	56
356	57
2696	58
9025	59
6239	60
2659	61
7630	62
9510	63
5221	64
9498	65
9095	66
2811	67
5239	68
8309	69
9116	70
7536	71
9435	72
4897	73
8676	74
9524	75
9401	76
8213	77
6215	78
2409	79
2710	80
873	81
2632	82
2508	83
7030	84
4854	85
751	86
9223	87
3249	88
1974	89
7869	90
4383	91
1052	92
9453	93
7781	94
7683	95
8515	96
9478	97
8383	98
8250	99
8687	100
9489	101
690	102
2093	103
6824	104
3541	105
372	106
372	107
6834	108
7915	109
4321	110
8277	111
6919	112
7038	113
8522	114
695	115
2817	116
5036	117
1270	118
5095	119
7951	120
1766	121
6637	122
98	123
4313	124
2597	125
4850	126
142	127
7896	128
5901	129
7524	130
7677	131
8435	132
6698	133
6857	134
9425	135
2262	136
1838	137
4995	138
1086	139
1513	140
4857	141
574	142
5632	143
290	144
7119	145
5149	146
8831	147
921	148
9527	149
9158	150
3100	151
6677	152
1377	153
503	154
9156	155
7404	156
4435	157
4797	158
4012	159
175	160
3157	161
6160	162
5288	163
440	164
9234	165
583	166
152	167
4986	168
1401	169
379	170
5458	171
8690	172
441	173
468	174
17	175
977	176
3869	177
4331	178
9282	179
4205	180
2555	181
5150	182
97	183
9194	184
4511	185
6810	186
8671	187
5396	188
7454	189
7323	190
1770	191
4495	192
2534	193
7809	194
9530	195
5705	196
4962	197
4489	198
8670	199
6722	200
684	201
7834	202
6323	203
6444	204
6881	205
5907	206
6830	207
128	208
7999	209
3434	210
171	211
9358	212
4959	213
2821	214
6546	215
5708	216
7599	217
7133	218
8434	219
622	220
2698	221
5993	222
822	223
6984	224
766	225
3667	226
8894	227
6031	228
2033	229
6067	230
394	231
6132	232
4570	233
1844	234
1971	235
8327	236
6143	237
1355	238
308	239
5470	240
4594	241
724	242
7747	243
2580	244
2151	245
1421	246
5535	247
7489	248
5886	249
1584	250
4178	251
5393	252
3240	253
7185	254
1489	255
6164	256
7656	257
4121	258
8893	259
6372	260
181	261
7715	262
8863	263
5663	264
992	265
8377	266
5247	267
7258	268
7562	269
765	270
4117	271
5	272
1491	273
476	274
7492	275
3903	276
6157	277
223	278
3300	279
6576	280
2307	281
7482	282
6800	283
8365	284
7608	285
6616	286
3918	287
3308	288
683	289
6441	290
9216	291
9226	292
2090	293
6439	294
5144	295
7395	296
7824	297
3087	298
7846	299
6581	300
5702	301
2844	302
3338	303
6366	304
2281	305
5015	306
7293	307
4538	308
2991	309
1123	310
7713	311
6127	312
4648	313
7029	314
3922	315
1216	316
9386	317
4320	318
1467	319
5924	320
1660	321
7179	322
6785	323
7213	324
1204	325
7408	326
5883	327
6755	328
5309	329
2072	330
4098	331
3969	332
6438	333
8284	334
4151	335
9235	336
7306	337
6443	338
7246	339
4284	340
7216	341
3919	342
4159	343
6836	344
4477	345
3585	346
7344	347
9317	348
6184	349
7530	350
238	351
7443	352
7885	353
1420	354
4756	355
250	356
3270	357
4475	358
6878	359
7589	360
2402	361
2505	362
9549	363
8447	364
4950	365
579	366
8039	367
7429	368
7757	369
4775	370
7799	371
6639	372
7076	373
204	374
6995	375
6536	376
386	377
3015	378
2333	379
3339	380
7266	381
1829	382
8484	383
4029	384
3369	385
229	386
6198	387
3875	388
7413	389
6709	390
9212	391
8369	392
7377	393
7310	394
7505	395
5235	396
7264	397
5854	398
5914	399
3697	400
1167	401
878	402
2128	403
2838	404
9036	405
8636	406
7826	407
1462	408
6248	409
237	410
1863	411
5569	412
3245	413
8633	414
2520	415
7410	416
4138	417
7439	418
3909	419
6404	420
4348	421
9061	422
9428	423
3347	424
630	425
7903	426
8616	427
3609	428
9209	429
6591	430
7533	431
3781	432
7431	433
3029	434
4215	435
5594	436
7679	437
9414	438
1479	439
6724	440
4885	441
6971	442
6484	443
6431	444
5243	445
5129	446
234	447
2983	448
2661	449
1161	450
3221	451
3621	452
19	453
3533	454
5683	455
2223	456
3928	457
2984	458
6972	459
363	460
7472	461
3171	462
3821	463
638	464
8837	465
549	466
7078	467
2624	468
825	469
5274	470
2040	471
1837	472
3785	473
7609	474
5643	475
8318	476
7818	477
146	478
3445	479
9547	480
8064	481
321	482
8224	483
4893	484
8143	485
3604	486
6217	487
649	488
5970	489
2626	490
9219	491
1384	492
7642	493
3074	494
5270	495
102	496
4402	497
5496	498
2502	499
6246	500
3806	501
4096	502
322	503
689	504
2697	505
8846	506
7697	507
4642	508
2929	509
7089	510
2810	511
2005	512
7497	513
3656	514
467	515
164	516
7893	517
4105	518
749	519
6346	520
8673	521
2294	522
1606	523
703	524
5022	525
1672	526
8133	527
5559	528
7309	529
2896	530
6548	531
6760	532
6192	533
3849	534
8919	535
368	536
1134	537
3578	538
283	539
5529	540
768	541
5174	542
9058	543
4244	544
1201	545
2314	546
4502	547
4501	548
6697	549
597	550
5834	551
378	552
1115	553
8614	554
8414	555
2444	556
4236	557
656	558
7055	559
7224	560
7356	561
8816	562
7644	563
7402	564
101	565
5286	566
4635	567
712	568
5348	569
4118	570
8918	571
8519	572
5597	573
5670	574
6149	575
1671	576
7261	577
9109	578
1184	579
3076	580
4412	581
6827	582
814	583
7508	584
343	585
2837	586
6193	587
7176	588
3393	589
3586	590
4156	591
4207	592
5469	593
3397	594
2396	595
5973	596
2186	597
6247	598
1769	599
2981	600
4932	601
4921	602
8221	603
1767	604
8278	605
9552	606
9440	607
6351	608
6361	609
6080	610
48	611
174	612
1113	613
1810	614
4715	615
6865	616
5137	617
7046	618
6082	619
5936	620
1311	621
8840	622
5068	623
8079	624
4434	625
192	626
8085	627
2949	628
1198	629
4363	630
5500	631
5440	632
6803	633
1465	634
3743	635
7473	636
7478	637
362	638
5214	639
8413	640
2922	641
1012	642
3008	643
5087	644
6077	645
2482	646
8836	647
4545	648
9215	649
2165	650
8415	651
6466	652
8172	653
586	654
1218	655
7283	656
4168	657
763	658
8717	659
4323	660
998	661
87	662
5686	663
2203	664
2944	665
1251	666
9574	667
8697	668
6445	669
1920	670
6334	671
3979	672
388	673
1668	674
2681	675
8809	676
7658	677
556	678
1626	679
563	680
3880	681
1038	682
198	683
354	684
6840	685
9100	686
4324	687
1664	688
5638	689
5620	690
756	691
3575	692
13	693
8692	694
8052	695
7766	696
5184	697
7849	698
3553	699
1962	700
5688	701
5477	702
8244	703
7710	704
9347	705
5074	706
7417	707
2440	708
9284	709
5053	710
2273	711
6021	712
6896	713
2521	714
4336	715
5252	716
769	717
2129	718
93	719
2277	720
2239	721
448	722
2184	723
4963	724
6454	725
7230	726
4977	727
4969	728
2245	729
2241	730
427	731
472	732
4987	733
1529	734
8582	735
65	736
8658	737
1509	738
6140	739
407	740
3809	741
5698	742
999	743
7909	744
9573	745
6219	746
1518	747
4788	748
2953	749
161	750
1659	751
168	752
3726	753
1959	754
1388	755
4091	756
1696	757
4872	758
4981	759
1245	760
7825	761
1080	762
2883	763
9001	764
1069	765
291	766
6318	767
6749	768
6952	769
2590	770
1130	771
3629	772
3691	773
8305	774
8452	775
5917	776
6974	777
3063	778
9416	779
3092	780
2118	781
8139	782
3198	783
359	784
177	785
1011	786
715	787
3551	788
1511	789
7563	790
876	791
6437	792
535	793
7071	794
2600	795
3829	796
9521	797
2149	798
3964	799
6010	800
7308	801
2438	802
2654	803
8533	804
8889	805
937	806
4577	807
3255	808
6203	809
6292	810
3654	811
3999	812
8115	813
9576	814
2030	815
5275	816
1986	817
1013	818
619	819
3096	820
5794	821
6070	822
3334	823
396	824
5175	825
4054	826
841	827
7603	828
3101	829
3602	830
5169	831
4519	832
3179	833
5246	834
8659	835
4397	836
7127	837
7616	838
1885	839
7663	840
7938	841
3977	842
5792	843
5802	844
1336	845
1655	846
4588	847
3012	848
3124	849
3755	850
8349	851
3045	852
1006	853
1497	854
5872	855
3202	856
2679	857
7085	858
3936	859
253	860
3808	861
5612	862
4033	863
8629	864
6090	865
2782	866
3105	867
9481	868
278	869
1322	870
6296	871
6487	872
5405	873
2792	874
3085	875
5987	876
947	877
5805	878
3368	879
358	880
5920	881
3472	882
9430	883
1712	884
6825	885
3164	886
3889	887
9190	888
230	889
9431	890
3377	891
3001	892
7130	893
9082	894
186	895
3846	896
7056	897
4571	898
1328	899
7983	900
6387	901
2773	902
5694	903
5582	904
2540	905
3516	906
2010	907
6316	908
2874	909
219	910
5637	911
1192	912
3738	913
7236	914
6085	915
2516	916
8948	917
5974	918
7065	919
8872	920
1958	921
3703	922
3119	923
9479	924
5647	925
6104	926
9091	927
7209	928
6089	929
4077	930
240	931
1393	932
2175	933
4075	934
90	935
6274	936
5191	937
4575	938
5258	939
7083	940
6221	941
8586	942
2912	943
3453	944
7277	945
4855	946
311	947
3367	948
4521	949
5754	950
5931	951
5799	952
1860	953
3278	954
189	955
3799	956
5226	957
2340	958
6783	959
9217	960
122	961
3122	962
8606	963
4951	964
529	965
6935	966
7833	967
4993	968
7712	969
6268	970
4543	971
1422	972
7288	973
6856	974
892	975
7157	976
1472	977
833	978
1358	979
2939	980
4682	981
3531	982
5631	983
3083	984
4263	985
3733	986
1602	987
1031	988
6013	989
1051	990
6399	991
9055	992
508	993
6653	994
7953	995
4364	996
3281	997
5473	998
2311	999
148	1000
242	1001
6155	1002
9244	1003
5560	1004
6716	1005
5456	1006
6903	1007
1706	1008
220	1009
3590	1010
25	1011
576	1012
2014	1013
366	1014
8865	1015
1309	1016
4424	1017
173	1018
149	1019
76	1020
7579	1021
8054	1022
851	1023
8714	1024
752	1025
9523	1026
962	1027
548	1028
8931	1029
8404	1030
4845	1031
1354	1032
5827	1033
158	1034
4559	1035
8218	1036
5181	1037
116	1038
446	1039
1493	1040
4436	1041
6174	1042
9476	1043
1345	1044
8814	1045
2937	1046
5189	1047
1282	1048
9278	1049
3819	1050
8640	1051
2669	1052
2156	1053
8622	1054
8283	1055
166	1056
3873	1057
7488	1058
5639	1059
4617	1060
4927	1061
3082	1062
8013	1063
3958	1064
3789	1065
1795	1066
2152	1067
2185	1068
106	1069
6569	1070
9438	1071
5319	1072
8915	1073
8220	1074
5524	1075
1404	1076
1298	1077
4928	1078
8056	1079
2140	1080
3513	1081
6103	1082
657	1083
2958	1084
2637	1085
5722	1086
1001	1087
3741	1088
3937	1089
5429	1090
7585	1091
4110	1092
30	1093
590	1094
595	1095
4809	1096
7104	1097
840	1098
2246	1099
7992	1100
9356	1101
3774	1102
8752	1103
2881	1104
910	1105
3820	1106
1490	1107
1452	1108
8419	1109
8829	1110
5123	1111
190	1112
3652	1113
5272	1114
3740	1115
7231	1116
2475	1117
7494	1118
7343	1119
9385	1120
6510	1121
7430	1122
2220	1123
3816	1124
6549	1125
4042	1126
7576	1127
1911	1128
1654	1129
676	1130
4325	1131
5785	1132
8830	1133
2979	1134
6321	1135
7226	1136
5011	1137
6425	1138
7082	1139
5711	1140
8619	1141
6410	1142
7297	1143
32	1144
125	1145
422	1146
2441	1147
2479	1148
7253	1149
1231	1150
2866	1151
1356	1152
1739	1153
7750	1154
5086	1155
1485	1156
4370	1157
9516	1158
3149	1159
8642	1160
6766	1161
119	1162
2421	1163
1950	1164
5568	1165
6685	1166
3135	1167
1747	1168
1589	1169
8881	1170
7211	1171
1984	1172
1071	1173
3522	1174
3098	1175
7975	1176
3170	1177
8232	1178
8843	1179
6124	1180
1875	1181
285	1182
4306	1183
1955	1184
6982	1185
3262	1186
1214	1187
3632	1188
1003	1189
6330	1190
5617	1191
4059	1192
9143	1193
70	1194
2495	1195
5966	1196
3885	1197
7016	1198
1819	1199
5364	1200
2592	1201
7446	1202
7154	1203
573	1204
113	1205
611	1206
2623	1207
5679	1208
210	1209
8880	1210
820	1211
7574	1212
959	1213
206	1214
627	1215
8367	1216
4614	1217
3314	1218
6815	1219
8559	1220
8261	1221
5578	1222
3401	1223
2011	1224
9013	1225
7800	1226
6979	1227
7726	1228
2317	1229
9484	1230
1077	1231
9032	1232
954	1233
3684	1234
565	1235
9375	1236
2863	1237
8010	1238
9064	1239
7929	1240
5421	1241
4713	1242
7802	1243
8214	1244
2614	1245
3408	1246
8291	1247
8471	1248
5308	1249
2139	1250
7432	1251
6928	1252
6649	1253
6526	1254
7095	1255
2423	1256
7262	1257
414	1258
6601	1259
3780	1260
1139	1261
1278	1262
9178	1263
7723	1264
7727	1265
5499	1266
5978	1267
455	1268
1926	1269
8	1270
5060	1271
4938	1272
4978	1273
6775	1274
7338	1275
7792	1276
1855	1277
1861	1278
5492	1279
4930	1280
6112	1281
1340	1282
241	1283
1733	1284
4193	1285
3990	1286
275	1287
9377	1288
374	1289
4579	1290
4026	1291
1074	1292
1353	1293
7270	1294
3123	1295
5	1296
8938	1297
4301	1298
5726	1299
5925	1300
5370	1301
1756	1302
1820	1303
4843	1304
1189	1305
5929	1306
4260	1307
8786	1308
6717	1309
312	1310
4416	1311
9111	1312
2644	1313
3484	1314
2861	1315
7716	1316
4596	1317
4586	1318
7276	1319
8932	1320
462	1321
5343	1322
1916	1323
4484	1324
3856	1325
4373	1326
5539	1327
592	1328
8	1329
883	1330
2724	1331
3070	1332
239	1333
4003	1334
236	1335
4001	1336
8211	1337
1110	1338
3605	1339
4212	1340
8742	1341
5941	1342
5065	1343
3894	1344
8792	1345
4100	1346
6413	1347
3719	1348
7852	1349
3121	1350
3037	1351
213	1352
9271	1353
6571	1354
1908	1355
4304	1356
1675	1357
1530	1358
1535	1359
2297	1360
4360	1361
1562	1362
1498	1363
4230	1364
4216	1365
1732	1366
1523	1367
1502	1368
1522	1369
1538	1370
1559	1371
1180	1372
1374	1373
881	1374
4830	1375
837	1376
7437	1377
803	1378
7559	1379
5545	1380
8579	1381
4018	1382
3126	1383
5928	1384
3838	1385
2599	1386
5871	1387
4051	1388
3213	1389
2617	1390
7467	1391
9351	1392
6528	1393
7124	1394
2483	1395
9354	1396
614	1397
3567	1398
7981	1399
7048	1400
3102	1401
2759	1402
3234	1403
8604	1404
4773	1405
1375	1406
9514	1407
5724	1408
4437	1409
5383	1410
895	1411
8470	1412
3753	1413
7304	1414
2839	1415
811	1416
4188	1417
3570	1418
1107	1419
748	1420
3112	1421
8930	1422
1540	1423
6345	1424
5706	1425
5736	1426
149	1427
4090	1428
6220	1429
79	1430
1099	1431
3537	1432
4275	1433
2081	1434
5356	1435
5373	1436
7037	1437
8319	1438
9292	1439
4198	1440
2754	1441
7116	1442
5572	1443
8207	1444
6977	1445
6234	1446
7855	1447
7806	1448
2732	1449
3710	1450
552	1451
5933	1452
8857	1453
1683	1454
1889	1455
5369	1456
31	1457
4440	1458
262	1459
2771	1460
7537	1461
6777	1462
193	1463
3540	1464
6884	1465
7351	1466
3295	1467
3021	1468
2	1469
3840	1470
7054	1471
4599	1472
5367	1473
5530	1474
3501	1475
7280	1476
6240	1477
42	1478
7736	1479
789	1480
1990	1481
7441	1482
4623	1483
1663	1484
1254	1485
111	1486
8375	1487
8196	1488
6111	1489
153	1490
226	1491
245	1492
551	1493
5662	1494
6397	1495
4882	1496
562	1497
8773	1498
4409	1499
9380	1500
6187	1501
1802	1502
160	1503
3835	1504
3027	1505
4856	1506
4027	1507
6116	1508
989	1509
9505	1510
8739	1511
4510	1512
2419	1513
7662	1514
4002	1515
1541	1516
7466	1517
1633	1518
5598	1519
1496	1520
4099	1521
6960	1522
3233	1523
8820	1524
4689	1525
5550	1526
6646	1527
341	1528
6388	1529
5063	1530
3752	1531
6108	1532
1897	1533
8011	1534
5664	1535
294	1536
543	1537
3396	1538
7758	1539
5778	1540
8439	1541
2898	1542
3689	1543
190	1544
3962	1545
4078	1546
9129	1547
6648	1548
4537	1549
6122	1550
4598	1551
785	1552
2251	1553
9372	1554
3548	1555
4819	1556
7706	1557
6953	1558
2205	1559
1067	1560
4624	1561
4576	1562
1841	1563
2371	1564
5165	1565
9153	1566
730	1567
4652	1568
1425	1569
6156	1570
8362	1571
1548	1572
2477	1573
7020	1574
1085	1575
4315	1576
7548	1577
6876	1578
550	1579
114	1580
8994	1581
951	1582
975	1583
6159	1584
3422	1585
6613	1586
2574	1587
2115	1588
324	1589
7891	1590
9267	1591
4879	1592
6523	1593
4918	1594
151	1595
4906	1596
9062	1597
1623	1598
1884	1599
1545	1600
5841	1601
2648	1602
8965	1603
2057	1604
2362	1605
700	1606
6542	1607
1357	1608
4592	1609
5579	1610
164	1611
5046	1612
1405	1613
8248	1614
5040	1615
5563	1616
738	1617
1817	1618
5193	1619
2107	1620
118	1621
4530	1622
6917	1623
9184	1624
4272	1625
7436	1626
5522	1627
8131	1628
8175	1629
7498	1630
326	1631
7496	1632
2579	1633
6394	1634
6916	1635
8320	1636
461	1637
6284	1638
2609	1639
5069	1640
864	1641
25	1642
7267	1643
1435	1644
7427	1645
694	1646
244	1647
5437	1648
6039	1649
9078	1650
728	1651
7875	1652
6138	1653
8507	1654
1106	1655
2133	1656
336	1657
2739	1658
3532	1659
7129	1660
4224	1661
626	1662
1688	1663
4014	1664
5072	1665
1881	1666
4452	1667
127	1668
9206	1669
4973	1670
184	1671
4000	1672
6457	1673
3394	1674
5106	1675
2519	1676
289	1677
5223	1678
3509	1679
1368	1680
4613	1681
8380	1682
806	1683
58	1684
5725	1685
225	1686
5142	1687
44	1688
1928	1689
4937	1690
557	1691
47	1692
1719	1693
153	1694
4441	1695
2514	1696
7862	1697
1159	1698
3577	1699
6631	1700
8246	1701
6680	1702
6900	1703
6165	1704
8308	1705
7984	1706
4985	1707
861	1708
5897	1709
7566	1710
2334	1711
3827	1712
5602	1713
8472	1714
5984	1715
6068	1716
6843	1717
4641	1718
1153	1719
4877	1720
5377	1721
1716	1722
9390	1723
3016	1724
3148	1725
4047	1726
38	1727
2	1728
6120	1729
297	1730
2141	1731
303	1732
4185	1733
7596	1734
3614	1735
8973	1736
43	1737
9321	1738
399	1739
7532	1740
5774	1741
7604	1742
410	1743
1125	1744
39	1745
3333	1746
2905	1747
40	1748
7945	1749
3680	1750
344	1751
4297	1752
8871	1753
2938	1754
4789	1755
6	1756
4717	1757
8997	1758
9459	1759
3823	1760
9370	1761
6092	1762
4720	1763
1171	1764
9183	1765
7854	1766
4462	1767
9426	1768
148	1769
835	1770
6721	1771
7057	1772
7632	1773
8161	1774
4561	1775
1392	1776
5868	1777
6019	1778
8165	1779
1441	1780
7520	1781
6259	1782
8560	1783
357	1784
2755	1785
2608	1786
646	1787
367	1788
5455	1789
7581	1790
4748	1791
8130	1792
2715	1793
411	1794
70	1795
6026	1796
852	1797
8129	1798
2878	1799
834	1800
457	1801
5873	1802
4407	1803
928	1804
4513	1805
5173	1806
4818	1807
2798	1808
425	1809
2855	1810
2825	1811
8219	1812
9066	1813
6597	1814
1173	1815
2110	1816
4504	1817
7966	1818
7191	1819
6906	1820
560	1821
60	1822
7882	1823
4233	1824
7775	1825
3350	1826
7451	1827
7767	1828
4130	1829
3711	1830
4589	1831
169	1832
4225	1833
960	1834
1122	1835
9106	1836
653	1837
4580	1838
9270	1839
4618	1840
5196	1841
6791	1842
5656	1843
8810	1844
6912	1845
7166	1846
1436	1847
4913	1848
4564	1849
2182	1850
4593	1851
1973	1852
4626	1853
8712	1854
6190	1855
983	1856
1017	1857
2593	1858
4908	1859
2172	1860
2108	1861
100	1862
5350	1863
6011	1864
2368	1865
1019	1866
848	1867
1842	1868
8839	1869
3754	1870
8199	1871
2768	1872
9298	1873
5526	1874
7405	1875
767	1876
4907	1877
8943	1878
3848	1879
3534	1880
9443	1881
6237	1882
2619	1883
216	1884
3536	1885
2671	1886
9148	1887
7895	1888
4144	1889
81	1890
6377	1891
6566	1892
7291	1893
449	1894
6464	1895
6389	1896
772	1897
5187	1898
3028	1899
321	1900
2420	1901
5575	1902
7263	1903
7229	1904
4831	1905
5780	1906
8186	1907
2527	1908
5916	1909
235	1910
188	1911
9067	1912
658	1913
2492	1914
22	1915
7274	1916
6572	1917
2735	1918
4485	1919
2376	1920
7729	1921
7208	1922
968	1923
1456	1924
1628	1925
1195	1926
8835	1927
8041	1928
5971	1929
5080	1930
4933	1931
1381	1932
249	1933
2442	1934
5699	1935
4503	1936
5418	1937
6038	1938
4251	1939
315	1940
2465	1941
10	1942
904	1943
4751	1944
620	1945
3140	1946
4562	1947
3688	1948
506	1949
9192	1950
5593	1951
5152	1952
5207	1953
6202	1954
7835	1955
255	1956
1385	1957
8547	1958
8174	1959
3862	1960
5007	1961
6965	1962
3716	1963
4565	1964
2864	1965
5454	1966
4990	1967
12	1968
9393	1969
5628	1970
1684	1971
7321	1972
5730	1973
1091	1974
4066	1975
880	1976
8688	1977
6432	1978
2188	1979
365	1980
3437	1981
7732	1982
6079	1983
1595	1984
272	1985
6864	1986
7968	1987
7923	1988
4597	1989
1010	1990
9404	1991
5491	1992
6844	1993
4499	1994
1793	1995
56	1996
4691	1997
4534	1998
2788	1999
307	2000
8274	2001
2179	2002
2784	2003
7684	2004
3421	2005
3203	2006
2353	2007
2504	2008
1049	2009
292	2010
125	2011
4005	2012
755	2013
7829	2014
6693	2015
7447	2016
4343	2017
8425	2018
6899	2019
8168	2020
1463	2021
8302	2022
1524	2023
7982	2024
3563	2025
3555	2026
8609	2027
7777	2028
1021	2029
8485	2030
7024	2031
2767	2032
2901	2033
8511	2034
6593	2035
7228	2036
5965	2037
4247	2038
8179	2039
9	2040
6602	2041
2345	2042
9157	2043
911	2044
9410	2045
7360	2046
325	2047
8691	2048
1925	2049
6790	2050
1076	2051
4552	2052
4852	2053
5982	2054
1695	2055
3299	2056
5117	2057
5460	2058
158	2059
4286	2060
4964	2061
1301	2062
4890	2063
2908	2064
6390	2065
7106	2066
7335	2067
6427	2068
4972	2069
2234	2070
2233	2071
8012	2072
486	2073
7250	2074
2231	2075
4308	2076
5605	2077
4237	2078
9065	2079
1070	2080
2381	2081
6360	2082
1691	2083
1140	2084
4936	2085
2828	2086
1975	2087
6408	2088
5534	2089
2077	2090
6956	2091
8724	2092
4453	2093
8067	2094
498	2095
2451	2096
8183	2097
202	2098
4924	2099
6461	2100
2058	2101
1470	2102
5732	2103
3446	2104
8770	2105
2880	2106
36	2107
5028	2108
2002	2109
5206	2110
2899	2111
3987	2112
6216	2113
2640	2114
988	2115
7093	2116
8975	2117
8677	2118
1759	2119
7638	2120
7573	2121
2183	2122
5830	2123
1807	2124
5014	2125
6115	2126
7931	2127
3454	2128
157	2129
6557	2130
5765	2131
5553	2132
6180	2133
1525	2134
1274	2135
2028	2136
4844	2137
7629	2138
4391	2139
633	2140
6368	2141
4344	2142
260	2143
5222	2144
9304	2145
8551	2146
7019	2147
8891	2148
8123	2149
4080	2150
4470	2151
9533	2152
2161	2153
6872	2154
2803	2155
8572	2156
9233	2157
3690	2158
73	2159
7963	2160
1337	2161
3538	2162
9084	2163
1152	2164
671	2165
530	2166
1720	2167
3017	2168
8345	2169
4093	2170
9002	2171
8679	2172
6798	2173
5130	2174
6467	2175
4288	2176
5279	2177
7256	2178
3196	2179
5881	2180
4250	2181
9140	2182
696	2183
6406	2184
2500	2185
6711	2186
8574	2187
4722	2188
2111	2189
4774	2190
7420	2191
480	2192
7350	2193
5756	2194
3073	2195
4734	2196
2229	2197
6599	2198
8887	2199
1062	2200
5863	2201
8393	2202
2813	2203
6046	2204
4983	2205
6341	2206
6898	2207
4317	2208
3246	2209
6945	2210
3286	2211
4329	2212
312	2213
4693	2214
6442	2215
4816	2216
780	2217
6511	2218
1877	2219
77	2220
628	2221
3178	2222
7001	2223
4257	2224
2814	2225
8016	2226
9517	2227
78	2228
3078	2229
3226	2230
3673	2231
2389	2232
4089	2233
41	2234
4264	2235
436	2236
9403	2237
352	2238
2737	2239
2819	2240
6407	2241
2889	2242
6269	2243
280	2244
9421	2245
7340	2246
5411	2247
5489	2248
853	2249
9311	2250
9531	2251
708	2252
5061	2253
7491	2254
9315	2255
3805	2256
318	2257
8033	2258
9319	2259
5590	2260
4020	2261
1257	2262
1033	2263
2807	2264
9318	2265
5327	2266
6920	2267
1057	2268
3692	2269
526	2270
4125	2271
8497	2272
8590	2273
3007	2274
2439	2275
4070	2276
2582	2277
661	2278
6336	2279
11	2280
2834	2281
868	2282
1005	2283
8613	2284
7676	2285
6448	2286
5110	2287
9565	2288
5195	2289
9450	2290
5719	2291
9546	2292
346	2293
7372	2294
154	2295
4063	2296
8513	2297
5166	2298
8833	2299
8573	2300
8796	2301
743	2302
5265	2303
7851	2304
3	2305
6638	2306
1601	2307
326	2308
7913	2309
5447	2310
7941	2311
6488	2312
4638	2313
6283	2314
9020	2315
7908	2316
8443	2317
2670	2318
2765	2319
5980	2320
296	2321
7840	2322
8945	2323
2900	2324
5938	2325
644	2326
5121	2327
3	2328
8767	2329
5178	2330
6044	2331
2410	2332
327	2333
313	2334
706	2335
5255	2336
6769	2337
3734	2338
8851	2339
343	2340
4970	2341
2253	2342
5635	2343
2859	2344
777	2345
4413	2346
1444	2347
6525	2348
4	2349
8206	2350
7626	2351
2369	2352
8754	2353
5990	2354
8432	2355
3601	2356
9086	2357
2673	2358
6936	2359
4398	2360
9092	2361
4463	2362
5660	2363
3341	2364
3036	2365
4658	2366
4276	2367
4194	2368
5952	2369
3929	2370
5797	2371
4009	2372
7281	2373
524	2374
8075	2375
2191	2376
4650	2377
3626	2378
6673	2379
6175	2380
6656	2381
3617	2382
5351	2383
6352	2384
6887	2385
2375	2386
3961	2387
166	2388
761	2389
9144	2390
8885	2391
8510	2392
2683	2393
3727	2394
7760	2395
3080	2396
75	2397
296	2398
3395	2399
1135	2400
2779	2401
9294	2402
3573	2403
4439	2404
1870	2405
3382	2406
525	2407
8358	2408
4248	2409
871	2410
7064	2411
4858	2412
6893	2413
8666	2414
2693	2415
15	2416
3628	2417
55	2418
9229	2419
4223	2420
2257	2421
6787	2422
2982	2423
3498	2424
3845	2425
2805	2426
6339	2427
5291	2428
4086	2429
3243	2430
7776	2431
6171	2432
2554	2433
2087	2434
7318	2435
8530	2436
6727	2437
4755	2438
1028	2439
4037	2440
8177	2441
1537	2442
5855	2443
162	2444
7101	2445
8753	2446
1882	2447
8326	2448
5828	2449
3490	2450
336	2451
2529	2452
6518	2453
3288	2454
8104	2455
4375	2456
3131	2457
141	2458
9124	2459
2948	2460
194	2461
1693	2462
258	2463
6462	2464
6714	2465
3191	2466
3747	2467
3945	2468
5290	2469
5677	2470
6853	2471
8581	2472
308	2473
1095	2474
3459	2475
2930	2476
3461	2477
1289	2478
5596	2479
8804	2480
4871	2481
8787	2482
305	2483
9125	2484
4220	2485
1892	2486
8665	2487
15	2488
1101	2489
1081	2490
5092	2491
3301	2492
8807	2493
9373	2494
1050	2495
4826	2496
7861	2497
8461	2498
9485	2499
2155	2500
2302	2501
5610	2502
3769	2503
2745	2504
1635	2505
2020	2506
1348	2507
7248	2508
9543	2509
8720	2510
5016	2511
798	2512
6098	2513
8934	2514
273	2515
454	2516
2770	2517
7169	2518
9366	2519
9259	2520
3265	2521
8089	2522
5564	2523
6093	2524
4902	2525
2525	2526
1078	2527
672	2528
3676	2529
2134	2530
2464	2531
1677	2532
4235	2533
1475	2534
8347	2535
1220	2536
8517	2537
1873	2538
8136	2539
7519	2540
5278	2541
2530	2542
6662	2543
808	2544
8321	2545
1280	2546
7878	2547
7479	2548
5547	2549
5557	2550
5361	2551
390	2552
357	2553
9469	2554
6356	2555
1574	2556
4692	2557
6023	2558
4438	2559
9170	2560
108	2561
112	2562
8151	2563
8038	2564
1616	2565
8030	2566
985	2567
5176	2568
5436	2569
7856	2570
8726	2571
3391	2572
382	2573
1789	2574
2709	2575
667	2576
2162	2577
6492	2578
1806	2579
3790	2580
1794	2581
7542	2582
9322	2583
6516	2584
3735	2585
7647	2586
4228	2587
740	2588
32	2589
2918	2590
849	2591
567	2592
7838	2593
4697	2594
7894	2595
1235	2596
7779	2597
5339	2598
179	2599
7271	2600
8789	2601
2708	2602
3600	2603
4776	2604
174	2605
3273	2606
3079	2607
8536	2608
2506	2609
5217	2610
8251	2611
2658	2612
2166	2613
2928	2614
2019	2615
2728	2616
243	2617
3543	2618
3924	2619
360	2620
6494	2621
5851	2622
4422	2623
4219	2624
2871	2625
4367	2626
8086	2627
8988	2628
242	2629
7752	2630
1631	2631
8438	2632
5073	2633
288	2634
7401	2635
1968	2636
3141	2637
9461	2638
5859	2639
443	2640
281	2641
6009	2642
5188	2643
6151	2644
1229	2645
3839	2646
5250	2647
5665	2648
8119	2649
7177	2650
2041	2651
3908	2652
3289	2653
8985	2654
3431	2655
8713	2656
1239	2657
3502	2658
6765	2659
4302	2660
6008	2661
7649	2662
67	2663
4800	2664
946	2665
8961	2666
400	2667
7381	2668
9490	2669
1991	2670
6058	2671
9323	2672
133	2673
4476	2674
746	2675
7545	2676
173	2677
8680	2678
49	2679
4126	2680
6642	2681
2488	2682
1399	2683
9467	2684
3777	2685
2840	2686
3129	2687
2629	2688
1896	2689
8888	2690
3200	2691
50	2692
5285	2693
1451	2694
6883	2695
469	2696
8818	2697
6704	2698
7864	2699
7711	2700
4129	2701
1711	2702
8366	2703
7045	2704
1366	2705
830	2706
215	2707
2531	2708
133	2709
8493	2710
3696	2711
6713	2712
3767	2713
4368	2714
4218	2715
329	2716
9019	2717
3596	2718
7552	2719
2001	2720
6739	2721
7877	2722
8575	2723
5604	2724
2487	2725
5276	2726
3046	2727
4258	2728
7954	2729
4425	2730
3766	2731
6162	2732
2635	2733
6043	2734
6223	2735
669	2736
4512	2737
6691	2738
6550	2739
3280	2740
4763	2741
7414	2742
4197	2743
4947	2744
8913	2745
5464	2746
8766	2747
2359	2748
1648	2749
8173	2750
4296	2751
2117	2752
2195	2753
4929	2754
1564	2755
1721	2756
5480	2757
6398	2758
496	2759
7695	2760
4307	2761
493	2762
6970	2763
9486	2764
6476	2765
145	2766
2736	2767
1473	2768
735	2769
1780	2770
5884	2771
6496	2772
3797	2773
3099	2774
2885	2775
5099	2776
3916	2777
3746	2778
361	2779
65	2780
6988	2781
518	2782
4355	2783
8428	2784
621	2785
7801	2786
363	2787
8924	2788
9452	2789
4861	2790
6497	2791
7043	2792
6167	2793
605	2794
5611	2795
370	2796
341	2797
8189	2798
2327	2799
3460	2800
9402	2801
6064	2802
4277	2803
3381	2804
8407	2805
2236	2806
9110	2807
2576	2808
558	2809
6705	2810
7879	2811
2886	2812
5332	2813
9034	2814
6735	2815
6737	2816
6577	2817
2507	2818
6999	2819
8998	2820
8730	2821
8765	2822
8072	2823
8431	2824
4975	2825
1433	2826
1450	2827
420	2828
4122	2829
4779	2830
5143	2831
3474	2832
5487	2833
7361	2834
6615	2835
3192	2836
1853	2837
35	2838
4169	2839
6623	2840
8598	2841
4057	2842
4377	2843
6818	2844
3524	2845
8159	2846
19	2847
6173	2848
8440	2849
9336	2850
7474	2851
3560	2852
4790	2853
8009	2854
2023	2855
8696	2856
7144	2857
7153	2858
7317	2859
4815	2860
7207	2861
7161	2862
2048	2863
2103	2864
2100	2865
2071	2866
4621	2867
7	2868
477	2869
3023	2870
3901	2871
4229	2872
3579	2873
8299	2874
143	2875
4551	2876
5005	2877
2879	2878
3290	2879
6016	2880
3165	2881
1553	2882
3193	2883
3150	2884
6083	2885
5777	2886
3066	2887
1804	2888
1735	2889
867	2890
7251	2891
5220	2892
6307	2893
8223	2894
2136	2895
412	2896
212	2897
177	2898
6534	2899
5710	2900
7194	2901
2342	2902
8601	2903
3523	2904
4199	2905
4053	2906
5667	2907
8427	2908
1945	2909
3321	2910
41	2911
3803	2912
6964	2913
3103	2914
1993	2915
3285	2916
4299	2917
3618	2918
4527	2919
8525	2920
5349	2921
8542	2922
2145	2923
5832	2924
4678	2925
6	2926
7868	2927
1994	2928
782	2929
5961	2930
120	2931
3595	2932
2858	2933
3	2934
6128	2935
819	2936
7937	2937
8354	2938
6224	2939
2075	2940
3	2941
2959	2942
6563	2943
818	2944
643	2945
104	2946
8474	2947
3702	2948
6740	2949
8599	2950
2295	2951
8482	2952
6606	2953
1552	2954
1613	2955
3115	2956
7086	2957
6555	2958
62	2959
6922	2960
5192	2961
2240	2962
5030	2963
1898	2964
9509	2965
72	2966
5263	2967
251	2968
5996	2969
8332	2970
6894	2971
3429	2972
1593	2973
4634	2974
4526	2975
5168	2976
4	2977
1839	2978
8782	2979
187	2980
2150	2981
4120	2982
84	2983
4960	2984
9169	2985
1250	2986
5240	2987
4668	2988
4997	2989
119	2990
2089	2991
7074	2992
3968	2993
9131	2994
9139	2995
263	2996
3114	2997
22	2998
2346	2999
6014	3000
6188	3001
3736	3002
8552	3003
2563	3004
1579	3005
3118	3006
2743	3007
4558	3008
1895	3009
276	3010
6266	3011
2485	3012
3865	3013
147	3014
3451	3015
8777	3016
6948	3017
5277	3018
2976	3019
1271	3020
310	3021
3284	3022
5404	3023
5764	3024
5673	3025
1865	3026
293	3027
3670	3028
3406	3029
1326	3030
97	3031
4667	3032
1577	3033
9279	3034
5283	3035
5926	3036
8460	3037
9222	3038
4859	3039
3619	3040
7050	3041
2417	3042
6277	3043
439	3044
213	3045
2761	3046
4354	3047
3379	3048
6424	3049
4528	3050
6206	3051
5657	3052
4531	3053
3599	3054
3807	3055
1580	3056
2344	3057
5540	3058
6981	3059
3159	3060
5903	3061
201	3062
199	3063
2547	3064
1025	3065
8420	3066
4468	3067
8153	3068
316	3069
8537	3070
8852	3071
1763	3072
958	3073
33	3074
2490	3075
3725	3076
2572	3077
7600	3078
555	3079
264	3080
1546	3081
8728	3082
5935	3083
3648	3084
6369	3085
7469	3086
6235	3087
8378	3088
265	3089
64	3090
9554	3091
1779	3092
801	3093
9035	3094
6020	3095
6535	3096
5441	3097
256	3098
1777	3099
2994	3100
5556	3101
3004	3102
3852	3103
1283	3104
1129	3105
5875	3106
5843	3107
3032	3108
3160	3109
5727	3110
5898	3111
269	3112
4271	3113
7787	3114
378	3115
1707	3116
1835	3117
6780	3118
4747	3119
9164	3120
4507	3121
4295	3122
4942	3123
693	3124
7000	3125
2153	3126
8821	3127
3812	3128
6897	3129
6859	3130
3760	3131
5134	3132
4584	3133
6846	3134
6975	3135
2769	3136
4699	3137
3232	3138
1055	3139
2641	3140
120	3141
2962	3142
2584	3143
172	3144
4200	3145
3271	3146
5414	3147
4467	3148
4309	3149
2187	3150
6343	3151
9059	3152
5775	3153
832	3154
651	3155
1242	3156
7097	3157
8531	3158
5576	3159
3470	3160
2324	3161
1205	3162
5887	3163
4333	3164
126	3165
6311	3166
8647	3167
2250	3168
6585	3169
3172	3170
7332	3171
9569	3172
7682	3173
3714	3174
2786	3175
105	3176
7978	3177
6087	3178
4133	3179
7421	3180
7897	3181
8004	3182
4393	3183
963	3184
9087	3185
392	3186
1792	3187
537	3188
2471	3189
1913	3190
2740	3191
9463	3192
7858	3193
5031	3194
8257	3195
2037	3196
131	3197
115	3198
5091	3199
8645	3200
3500	3201
6251	3202
1632	3203
745	3204
4490	3205
5465	3206
232	3207
3292	3208
7827	3209
8747	3210
6051	3211
4888	3212
8935	3213
2665	3214
3403	3215
1206	3216
4	3217
8445	3218
2731	3219
7561	3220
5105	3221
3251	3222
7538	3223
345	3224
3125	3225
705	3226
8149	3227
9432	3228
8399	3229
858	3230
7331	3231
2078	3232
6186	3233
1948	3234
734	3235
9052	3236
7902	3237
6233	3238
7464	3239
6902	3240
5407	3241
5766	3242
5503	3243
5096	3244
5749	3245
7355	3246
143	3247
5139	3248
7042	3249
6985	3250
9295	3251
1044	3252
4880	3253
9384	3254
3467	3255
7100	3256
5808	3257
4767	3258
2497	3259
1330	3260
10	3261
9556	3262
7522	3263
6196	3264
139	3265
4509	3266
9132	3267
7790	3268
9202	3269
6414	3270
4202	3271
1197	3272
8842	3273
2367	3274
8527	3275
6409	3276
3319	3277
5942	3278
4406	3279
8755	3280
6096	3281
5940	3282
1893	3283
93	3284
547	3285
7845	3286
3223	3287
1629	3288
1482	3289
2021	3290
309	3291
1100	3292
6386	3293
3814	3294
2068	3295
8684	3296
1068	3297
1526	3298
7947	3299
8637	3300
802	3301
4399	3302
2366	3303
54	3304
231	3305
5485	3306
255	3307
4052	3308
5771	3309
9577	3310
6537	3311
181	3312
4314	3313
374	3314
5321	3315
3214	3316
2772	3317
965	3318
6375	3319
2783	3320
2867	3321
5379	3322
3494	3323
247	3324
9558	3325
5816	3326
1708	3327
234	3328
1094	3329
3146	3330
4723	3331
8454	3332
3019	3333
146	3334
193	3335
5172	3336
3870	3337
2399	3338
1018	3339
445	3340
3844	3341
182	3342
3887	3343
1900	3344
7593	3345
3493	3346
8311	3347
4239	3348
2035	3349
1188	3350
6910	3351
8701	3352
5317	3353
137	3354
3002	3355
8648	3356
6658	3357
9376	3358
6947	3359
3529	3360
3392	3361
8187	3362
8608	3363
4326	3364
5798	3365
3706	3366
4833	3367
9474	3368
6135	3369
1024	3370
8654	3371
3057	3372
8716	3373
2480	3374
7148	3375
6880	3376
5354	3377
7199	3378
8946	3379
893	3380
7906	3381
9030	3382
7195	3383
9031	3384
4180	3385
6081	3386
2887	3387
9134	3388
6750	3389
7010	3390
8512	3391
1443	3392
6254	3393
6732	3394
9168	3395
6451	3396
7510	3397
2533	3398
7525	3399
5378	3400
2841	3401
2425	3402
5543	3403
4870	3404
1617	3405
1413	3406
2835	3407
1390	3408
3189	3409
6435	3410
6094	3411
7513	3412
8167	3413
5459	3414
1754	3415
470	3416
3957	3417
7702	3418
6583	3419
69	3420
8710	3421
1064	3422
2561	3423
5606	3424
1116	3425
1951	3426
3905	3427
1899	3428
821	3429
6802	3430
5995	3431
4898	3432
9359	3433
6641	3434
8926	3435
4292	3436
7108	3437
5614	3438
27	3439
3320	3440
9180	3441
1032	3442
51	3443
3241	3444
8866	3445
6671	3446
504	3447
6600	3448
6514	3449
113	3450
1481	3451
8624	3452
7765	3453
1442	3454
9004	3455
6820	3456
168	3457
969	3458
9312	3459
2059	3460
2356	3461
8371	3462
3428	3463
129	3464
6937	3465
6664	3466
8386	3467
8227	3468
2062	3469
7708	3470
7964	3471
3782	3472
3866	3473
479	3474
3153	3475
1427	3476
7950	3477
8549	3478
7721	3479
4384	3480
1063	3481
7985	3482
6415	3483
66	3484
3963	3485
4359	3486
7149	3487
3836	3488
3195	3489
5427	3490
8933	3491
4347	3492
7733	3493
7242	3494
4072	3495
3657	3496
4811	3497
7159	3498
6689	3499
6509	3500
9285	3501
3954	3502
7568	3503
6169	3504
3879	3505
6324	3506
7004	3507
9274	3508
1331	3509
191	3510
5937	3511
3417	3512
6295	3513
507	3514
510	3515
5691	3516
3426	3517
2674	3518
2046	3519
8262	3520
7888	3521
8490	3522
9016	3523
2082	3524
1268	3525
686	3526
30	3527
7720	3528
7371	3529
7515	3530
2341	3531
37	3532
1170	3533
6862	3534
1859	3535
8668	3536
2472	3537
2418	3538
3296	3539
7839	3540
8801	3541
8681	3542
8068	3543
6057	3544
5734	3545
7013	3546
8148	3547
3661	3548
7670	3549
6412	3550
4139	3551
7514	3552
7322	3553
6694	3554
1483	3555
9177	3556
6474	3557
5089	3558
8343	3559
2318	3560
8583	3561
1637	3562
2016	3563
2008	3564
1	3565
3345	3566
335	3567
1486	3568
5760	3569
2215	3570
2989	3571
5360	3572
5353	3573
4666	3574
1260	3575
4255	3576
1652	3577
4795	3578
5449	3579
4065	3580
6545	3581
2088	3582
4686	3583
408	3584
3559	3585
2688	3586
7620	3587
3492	3588
1942	3589
2494	3590
7186	3591
1680	3592
1474	3593
7687	3594
7577	3595
385	3596
522	3597
2298	3598
546	3599
7303	3600
511	3601
369	3602
1259	3603
2594	3604
9204	3605
8729	3606
2850	3607
2985	3608
7920	3609
9306	3610
9334	3611
5357	3612
1508	3613
7158	3614
909	3615
4428	3616
83	3617
6161	3618
4600	3619
598	3620
4097	3621
7490	3622
8760	3623
5918	3624
2820	3625
6428	3626
1674	3627
3622	3628
6502	3629
6838	3630
2872	3631
1361	3632
4539	3633
6934	3634
8298	3635
5330	3636
5509	3637
1902	3638
24	3639
2026	3640
9382	3641
670	3642
9419	3643
7504	3644
8563	3645
222	3646
7547	3647
1262	3648
9251	3649
1933	3650
9364	3651
9444	3652
2775	3653
8639	3654
9568	3655
2252	3656
6095	3657
1906	3658
2132	3659
8154	3660
211	3661
1417	3662
5818	3663
4524	3664
1158	3665
1285	3666
3615	3667
3871	3668
5953	3669
3610	3670
7287	3671
1058	3672
9023	3673
4150	3674
7173	3675
1964	3676
5164	3677
360	3678
4891	3679
6628	3680
778	3681
1429	3682
7	3683
7374	3684
3518	3685
4085	3686
2975	3687
5307	3688
4389	3689
1007	3690
3668	3691
3154	3692
9014	3693
384	3694
4878	3695
2288	3696
8602	3697
304	3698
4514	3699
5856	3700
5372	3701
9454	3702
1931	3703
5932	3704
1120	3705
3826	3706
382	3707
783	3708
1741	3709
7645	3710
19	3711
542	3712
6647	3713
9127	3714
5626	3715
3965	3716
3683	3717
4669	3718
9309	3719
907	3720
58	3721
8759	3722
183	3723
2290	3724
7476	3725
3914	3726
350	3727
3748	3728
6003	3729
2699	3730
8022	3731
7650	3732
2086	3733
5906	3734
7259	3735
784	3736
4566	3737
4181	3738
3064	3739
7364	3740
7997	3741
1020	3742
612	3743
9163	3744
5215	3745
1339	3746
9173	3747
4794	3748
5629	3749
124	3750
3581	3751
5381	3752
6059	3753
3704	3754
6799	3755
1914	3756
6842	3757
7819	3758
8203	3759
9166	3760
1304	3761
9179	3762
7816	3763
9121	3764
1389	3765
5983	3766
6943	3767
103	3768
779	3769
8521	3770
8541	3771
2566	3772
6416	3773
280	3774
4196	3775
4380	3776
1406	3777
8141	3778
6027	3779
8607	3780
4287	3781
463	3782
5136	3783
1295	3784
2816	3785
3183	3786
8372	3787
4533	3788
5210	3789
7196	3790
5017	3791
3594	3792
2630	3793
7061	3794
3904	3795
1172	3796
8503	3797
9056	3798
1082	3799
9262	3800
8927	3801
2299	3802
3336	3803
4750	3804
6150	3805
3653	3806
4864	3807
3111	3808
5690	3809
2496	3810
2536	3811
2493	3812
2649	3813
561	3814
7617	3815
3834	3816
8683	3817
6256	3818
8062	3819
6789	3820
3890	3821
655	3822
7091	3823
45	3824
5025	3825
509	3826
5388	3827
2292	3828
156	3829
3389	3830
4427	3831
9133	3832
7370	3833
2535	3834
3294	3835
5200	3836
677	3837
2549	3838
7798	3839
492	3840
7742	3841
337	3842
8815	3843
6508	3844
8028	3845
9027	3846
1118	3847
6086	3848
4341	3849
1528	3850
4361	3851
1642	3852
1533	3853
1737	3854
4342	3855
29	3856
8184	3857
5088	3858
7991	3859
465	3860
4556	3861
9141	3862
7337	3863
9146	3864
4142	3865
189	3866
6218	3867
1477	3868
6042	3869
8751	3870
1878	3871
2204	3872
723	3873
4034	3874
2848	3875
8812	3876
7592	3877
8060	3878
2702	3879
8875	3880
7828	3881
3519	3882
6520	3883
4038	3884
170	3885
217	3886
8989	3887
8325	3888
9331	3889
4201	3890
7440	3891
7483	3892
5930	3893
8477	3894
6152	3895
6153	3896
7797	3897
8908	3898
7803	3899
7212	3900
8194	3901
3647	3902
5521	3903
7751	3904
3763	3905
750	3906
5416	3907
6969	3908
889	3909
8164	3910
6556	3911
7785	3912
4073	3913
2198	3914
2646	3915
7184	3916
7202	3917
2578	3918
5266	3919
7032	3920
6117	3921
8236	3922
4192	3923
5282	3924
4768	3925
406	3926
6121	3927
7993	3928
9396	3929
7502	3930
2823	3931
418	3932
9399	3933
8273	3934
9349	3935
5194	3936
1943	3937
6762	3938
7769	3939
8111	3940
9542	3941
1079	3942
8448	3943
3682	3944
4356	3945
5584	3946
5669	3947
1255	3948
5865	3949
8370	3950
2271	3951
599	3952
7245	3953
9101	3954
501	3955
3090	3956
3953	3957
4419	3958
2200	3959
800	3960
473	3961
8480	3962
6286	3963
1988	3964
5888	3965
4862	3966
8002	3967
2447	3968
7764	3969
9506	3970
474	3971
8047	3972
4738	3973
7500	3974
4657	3975
1555	3976
8526	3977
9218	3978
4705	3979
2168	3980
9288	3981
2903	3982
67	3983
1471	3984
3822	3985
429	3986
8182	3987
2391	3988
6527	3989
8768	3990
9320	3991
106	3992
3282	3993
6449	3994
905	3995
7754	3996
4680	3997
8076	3998
3399	3999
5218	4000
7618	4001
5412	4002
2123	4003
2331	4004
8743	4005
5324	4006
4345	4007
6041	4008
5787	4009
5182	4010
3998	4011
8124	4012
4730	4013
8700	4014
9412	4015
7112	4016
4941	4017
3388	4018
6036	4019
8715	4020
3407	4021
5432	4022
6232	4023
1689	4024
5731	4025
3051	4026
3825	4027
2570	4028
4346	4029
6861	4030
3932	4031
275	4032
6847	4033
3387	4034
61	4035
5551	4036
6197	4037
6706	4038
4867	4039
8817	4040
2988	4041
624	4042
2097	4043
387	4044
757	4045
5055	4046
9339	4047
5476	4048
8591	4049
7307	4050
5506	4051
773	4052
6191	4053
3134	4054
8538	4055
9455	4056
7808	4057
9265	4058
34	4059
4886	4060
3938	4061
60	4062
157	4063
5322	4064
2734	4065
7594	4066
5713	4067
9102	4068
8544	4069
63	4070
2449	4071
2628	4072
7002	4073
5943	4074
4446	4075
7415	4076
9196	4077
6263	4078
196	4079
7705	4080
3224	4081
6310	4082
5126	4083
3158	4084
3081	4085
4948	4086
1292	4087
1203	4088
3898	4089
3466	4090
4013	4091
5678	4092
1369	4093
3832	4094
3287	4095
1223	4096
1360	4097
4021	4098
121	4099
3520	4100
1303	4101
2625	4102
5695	4103
3655	4104
1281	4105
3980	4106
132	4107
1362	4108
5800	4109
5213	4110
3067	4111
4838	4112
3786	4113
6708	4114
3231	4115
3448	4116
155	4117
356	4118
4966	4119
426	4120
8577	4121
132	4122
5490	4123
9348	4124
4922	4125
2209	4126
8146	4127
108	4128
5355	4129
5955	4130
367	4131
8911	4132
2751	4133
3055	4134
4046	4135
6052	4136
3695	4137
9242	4138
7463	4139
1570	4140
3349	4141
2750	4142
6265	4143
1762	4144
5009	4145
2891	4146
3130	4147
2043	4148
8941	4149
8707	4150
9408	4151
8125	4152
570	4153
538	4154
1127	4155
9105	4156
1630	4157
1622	4158
1930	4159
379	4160
5466	4161
8006	4162
1065	4163
8410	4164
3795	4165
8555	4166
8289	4167
7693	4168
2312	4169
231	4170
276	4171
9096	4172
54	4173
9369	4174
2972	4175
368	4176
1862	4177
9057	4178
1700	4179
387	4180
5231	4181
1604	4182
4432	4183
1162	4184
4639	4185
8132	4186
8819	4187
7944	4188
8128	4189
7477	4190
2445	4191
8126	4192
5115	4193
7738	4194
8960	4195
4759	4196
481	4197
7636	4198
1748	4199
7047	4200
405	4201
7175	4202
9115	4203
9021	4204
8263	4205
4781	4206
1752	4207
2315	4208
2691	4209
8215	4210
5003	4211
4106	4212
482	4213
6665	4214
4114	4215
2411	4216
1207	4217
8138	4218
352	4219
26	4220
7759	4221
7784	4222
8986	4223
3327	4224
2181	4225
2102	4226
3250	4227
5714	4228
4935	4229
7556	4230
4176	4231
828	4232
1373	4233
2393	4234
6519	4235
6185	4236
2448	4237
1615	4238
1466	4239
6621	4240
3155	4241
2978	4242
2935	4243
2748	4244
4482	4245
1531	4246
4332	4247
7349	4248
7272	4249
9579	4250
3504	4251
6539	4252
6521	4253
107	4254
1894	4255
1868	4256
2227	4257
5451	4258
8355	4259
437	4260
9379	4261
3180	4262
6291	4263
1825	4264
9286	4265
5510	4266
1061	4267
1836	4268
7773	4269
7150	4270
8968	4271
943	4272
578	4273
5224	4274
2990	4275
5640	4276
8594	4277
102	4278
8745	4279
8240	4280
8494	4281
3910	4282
1084	4283
827	4284
6715	4285
2074	4286
1591	4287
489	4288
2385	4289
664	4290
5219	4291
8296	4292
36	4293
1687	4294
2013	4295
6313	4296
860	4297
8336	4298
6946	4299
4187	4300
9420	4301
20	4302
6287	4303
2319	4304
2009	4305
3077	4306
4687	4307
9083	4308
1867	4309
544	4310
4567	4311
377	4312
9491	4313
298	4314
1909	4315
6355	4316
338	4317
235	4318
9108	4319
2055	4320
1805	4321
9518	4322
1653	4323
4007	4324
1679	4325
6100	4326
6335	4327
3935	4328
6890	4329
6147	4330
266	4331
4899	4332
2286	4333
8655	4334
4132	4335
9417	4336
9515	4337
5271	4338
3091	4339
2598	4340
7930	4341
6434	4342
223	4343
3693	4344
1334	4345
488	4346
5264	4347
8905	4348
5837	4349
2627	4350
2742	4351
2160	4352
3317	4353
4382	4354
1380	4355
147	4356
8210	4357
56	4358
9559	4359
8103	4360
8955	4361
7422	4362
1734	4363
3217	4364
5320	4365
3137	4366
1437	4367
6145	4368
8312	4369
3959	4370
9345	4371
2587	4372
2400	4373
2192	4374
8784	4375
6456	4376
1178	4377
4163	4378
7919	4379
8416	4380
4769	4381
5900	4382
8481	4383
4340	4384
4016	4385
131	4386
6066	4387
4143	4388
40	4389
9224	4390
7062	4391
8890	4392
232	4393
5413	4394
7900	4395
2125	4396
5295	4397
8478	4398
4388	4399
1066	4400
5735	4401
100	4402
4860	4403
5145	4404
4971	4405
7257	4406
7989	4407
3913	4408
2094	4409
2316	4410
12	4411
1009	4412
5037	4413
4708	4414
2793	4415
8776	4416
1510	4417
2513	4418
4074	4419
1302	4420
5481	4421
4365	4422
3728	4423
1029	4424
300	4425
2804	4426
4186	4427
4807	4428
3362	4429
9487	4430
1315	4431
3291	4432
7254	4433
1221	4434
5847	4435
4494	4436
7847	4437
2365	4438
1915	4439
9073	4440
9076	4441
1800	4442
5234	4443
915	4444
7664	4445
6273	4446
6892	4447
7509	4448
4777	4449
2329	4450
6991	4451
8496	4452
197	4453
1775	4454
5248	4455
4851	4456
3933	4457
9303	4458
2548	4459
9572	4460
4630	4461
2065	4462
150	4463
7690	4464
3311	4465
2469	4466
7688	4467
4876	4468
7444	4469
5368	4470
9053	4471
8108	4472
2653	4473
1096	4474
2478	4475
8451	4476
1156	4477
289	4478
5893	4479
391	4480
9457	4481
8929	4482
9446	4483
5603	4484
48	4485
7741	4486
663	4487
1765	4488
3634	4489
5256	4490
8300	4491
3635	4492
2332	4493
5387	4494
2296	4495
2328	4496
8107	4497
3558	4498
6099	4499
4036	4500
6363	4501
5790	4502
1359	4503
4423	4504
1324	4505
6801	4506
57	4507
6784	4508
603	4509
541	4510
6304	4511
7114	4512
2098	4513
5728	4514
5323	4515
1724	4516
1710	4517
6146	4518
4787	4519
6205	4520
4127	4521
7921	4522
1306	4523
7740	4524
2762	4525
1504	4526
7998	4527
7094	4528
8514	4529
6201	4530
2462	4531
891	4532
7648	4533
929	4534
1089	4535
6758	4536
6353	4537
6118	4538
1240	4539
6745	4540
3991	4541
2322	4542
4671	4543
1939	4544
4637	4545
6207	4546
208	4547
4714	4548
4710	4549
6210	4550
207	4551
4651	4552
6211	4553
1814	4554
8229	4555
2611	4556
953	4557
7700	4558
721	4559
4204	4560
2067	4561
2060	4562
7904	4563
8595	4564
1903	4565
2528	4566
2401	4567
2351	4568
4371	4569
9079	4570
2712	4571
1191	4572
8400	4573
4145	4574
3948	4575
8459	4576
5085	4577
5151	4578
214	4579
339	4580
875	4581
7667	4582
8188	4583
8744	4584
2643	4585
7673	4586
2647	4587
4778	4588
7411	4589
9411	4590
1319	4591
7072	4592
8644	4593
6757	4594
9085	4595
95	4596
5325	4597
3335	4598
9360	4599
342	4600
8550	4601
7572	4602
8731	4603
206	4604
6289	4605
8757	4606
3038	4607
1200	4608
1869	4609
545	4610
5472	4611
5882	4612
1147	4613
588	4614
7612	4615
5488	4616
5012	4617
6763	4618
1126	4619
6994	4620
9256	4621
17	4622
3709	4623
5684	4624
1758	4625
7745	4626
249	4627
5102	4628
8486	4629
2758	4630
1023	4631
4817	4632
7311	4633
770	4634
8418	4635
8959	4636
3442	4637
1423	4638
1154	4639
5507	4640
3486	4641
739	4642
3003	4643
1558	4644
3993	4645
89	4646
8870	4647
2794	4648
8329	4649
7070	4650
7088	4651
2326	4652
7703	4653
8359	4654
1460	4655
2486	4656
306	4657
415	4658
8469	4659
5314	4660
1905	4661
668	4662
6558	4663
80	4664
7305	4665
284	4666
5056	4667
8802	4668
7333	4669
4278	4670
4834	4671
3568	4672
7294	4673
2372	4674
8800	4675
4940	4676
364	4677
9028	4678
4802	4679
7914	4680
8845	4681
8436	4682
7778	4683
4083	4684
6373	4685
1316	4686
1199	4687
8886	4688
6249	4689
4478	4690
3499	4691
8287	4692
4732	4693
6359	4694
6244	4695
1512	4696
169	4697
2260	4698
3751	4699
6868	4700
5892	4701
6819	4702
1248	4703
4863	4704
6611	4705
2636	4706
1137	4707
138	4708
8084	4709
267	4710
3985	4711
8612	4712
1174	4713
354	4714
6702	4715
116	4716
9006	4717
4327	4718
2612	4719
8099	4720
4716	4721
1650	4722
5967	4723
9480	4724
8096	4725
9314	4726
3469	4727
9135	4728
9541	4729
5860	4730
6245	4731
3056	4732
6308	4733
4585	4734
8295	4735
209	4736
5400	4737
5968	4738
8491	4739
5384	4740
9324	4741
6040	4742
776	4743
7850	4744
110	4745
6632	4746
3107	4747
5179	4748
6752	4749
144	4750
13	4751
2596	4752
5896	4753
4455	4754
5185	4755
502	4756
4542	4757
2642	4758
5520	4759
8798	4760
870	4761
3562	4762
9562	4763
5902	4764
4008	4765
1286	4766
737	4767
2518	4768
1372	4769
4483	4770
11	4771
2700	4772
2595	4773
8279	4774
9427	4775
5386	4776
6684	4777
9553	4778
8589	4779
9289	4780
2189	4781
4698	4782
2789	4783
2395	4784
6285	4785
7180	4786
1783	4787
3033	4788
5767	4789
6326	4790
2588	4791
491	4792
5171	4793
1554	4794
5501	4795
3095	4796
268	4797
222	4798
4433	4799
3811	4800
2970	4801
335	4802
6797	4803
1587	4804
5238	4805
3181	4806
7182	4807
7107	4808
1236	4809
9502	4810
3433	4811
248	4812
373	4813
1809	4814
1954	4815
8442	4816
4116	4817
7935	4818
198	4819
5478	4820
8342	4821
4267	4822
5650	4823
359	4824
572	4825
81	4826
386	4827
3065	4828
4865	4829
195	4830
3014	4831
4659	4832
2214	4833
5199	4834
328	4835
8553	4836
9445	4837
6617	4838
3156	4839
982	4840
432	4841
3374	4842
9047	4843
4283	4844
6589	4845
2383	4846
7036	4847
4725	4848
1944	4849
6024	4850
2073	4851
8106	4852
2868	4853
8055	4854
6852	4855
2538	4856
5078	4857
214	4858
8795	4859
513	4860
9483	4861
5544	4862
3930	4863
6701	4864
6931	4865
5696	4866
3636	4867
2384	4868
4676	4869
6901	4870
890	4871
4274	4872
3608	4873
2846	4874
8109	4875
6858	4876
3220	4877
7830	4878
259	4879
331	4880
5167	4881
1138	4882
413	4883
2300	4884
5289	4885
9138	4886
8956	4887
6954	4888
5784	4889
3476	4890
484	4891
69	4892
2052	4893
1600	4894
9060	4895
2499	4896
5528	4897
6252	4898
7598	4899
4111	4900
7471	4901
240	4902
1075	4903
3944	4904
1938	4905
3723	4906
7387	4907
7591	4908
1432	4909
5700	4910
7160	4911
9149	4912
8238	4913
7681	4914
6879	4915
7445	4916
2135	4917
2711	4918
4459	4919
5814	4920
6612	4921
1446	4922
2694	4923
251	4924
4311	4925
5303	4926
6482	4927
5032	4928
7203	4929
7075	4930
5131	4931
5067	4932
2211	4933
5763	4934
3151	4935
8017	4936
2173	4937
6281	4938
271	4939
8646	4940
5403	4941
4454	4942
1876	4943
2159	4944
7672	4945
212	4946
1114	4947
1457	4948
8736	4949
4174	4950
4665	4951
4265	4952
4392	4953
1981	4954
7823	4955
417	4956
823	4957
5225	4958
8909	4959
8838	4960
5585	4961
5991	4962
8335	4963
4869	4964
8226	4965
2826	4966
6495	4967
6385	4968
2932	4969
8101	4970
8341	4971
3275	4972
5079	4973
1202	4974
6921	4975
3921	4976
4737	4977
2378	4978
2392	4979
1307	4980
1109	4981
376	4982
8664	4983
7028	4984
3259	4985
722	4986
2453	4987
7136	4988
1645	4989
7103	4990
3810	4991
8281	4992
243	4993
3069	4994
9208	4995
2323	4996
2415	4997
7217	4998
4792	4999
1046	5000
5298	5001
1872	5002
2247	5003
3616	5004
569	5005
7220	5006
8157	5007
1826	5008
1586	5009
2753	5010
4319	5011
1624	5012
6276	5013
6136	5014
2824	5015
591	5016
2815	5017
6257	5018
1572	5019
3946	5020
4141	5021
2744	5022
5687	5023
8225	5024
4803	5025
5752	5026
8398	5027
7643	5028
2964	5029
5493	5030
2190	5031
6436	5032
353	5033
5170	5034
4421	5035
8351	5036
8699	5037
5382	5038
2270	5039
7324	5040
4733	5041
5313	5042
2177	5043
4604	5044
884	5045
7990	5046
1849	5047
4281	5048
3867	5049
4351	5050
7974	5051
5867	5052
4729	5053
8556	5054
8462	5055
5474	5056
317	5057
9117	5058
1731	5059
7789	5060
7622	5061
6154	5062
1949	5063
92	5064
6871	5065
7006	5066
1636	5067
4451	5068
3068	5069
6754	5070
1738	5071
250	5072
2822	5073
6319	5074
7961	5075
887	5076
5789	5077
9389	5078
8963	5079
7058	5080
3749	5081
3606	5082
2914	5083
521	5084
4917	5085
1966	5086
995	5087
4135	5088
1186	5089
230	5090
6950	5091
6575	5092
9293	5093
7952	5094
3022	5095
8847	5096
6835	5097
1742	5098
8147	5099
908	5100
4486	5101
4553	5102
2137	5103
203	5104
4925	5105
679	5106
5076	5107
1136	5108
5945	5109
1131	5110
8518	5111
6006	5112
2556	5113
5648	5114
6726	5115
3598	5116
5273	5117
1788	5118
2024	5119
344	5120
6129	5121
996	5122
979	5123
4578	5124
8197	5125
385	5126
409	5127
2310	5128
4394	5129
4675	5130
4677	5131
7796	5132
8958	5133
3630	5134
5228	5135
8116	5136
759	5137
6860	5138
4162	5139
1947	5140
9383	5141
1097	5142
5537	5143
8364	5144
2542	5145
159	5146
6795	5147
1773	5148
6272	5149
4718	5150
7709	5151
1411	5152
306	5153
4601	5154
1646	5155
2662	5156
3542	5157
2668	5158
6811	5159
2267	5160
4745	5161
7805	5162
8667	5163
1338	5164
3988	5165
4612	5166
9429	5167
3512	5168
4656	5169
791	5170
9499	5171
8344	5172
796	5173
9176	5174
2364	5175
8703	5176
6395	5177
1673	5178
3147	5179
7240	5180
6996	5181
5146	5182
3550	5183
9128	5184
4740	5185
3480	5186
5504	5187
297	5188
7487	5189
9477	5190
4684	5191
6105	5192
2056	5193
3477	5194
7164	5195
886	5196
5704	5197
9188	5198
8610	5199
8611	5200
3788	5201
5284	5202
1288	5203
8275	5204
7848	5205
5453	5206
6393	5207
713	5208
7860	5209
843	5210
5000	5211
3992	5212
6109	5213
5423	5214
6332	5215
1104	5216
4217	5217
6742	5218
7080	5219
205	5220
1982	5221
6619	5222
869	5223
416	5224
7460	5225
1480	5226
3293	5227
7450	5228
7586	5229
9465	5230
1133	5231
5495	5232
2546	5233
2564	5234
3651	5235
4547	5236
9299	5237
1039	5238
6863	5239
3177	5240
4408	5241
8280	5242
9249	5243
1367	5244
2806	5245
8334	5246
7976	5247
8718	5248
5042	5249
2431	5250
4261	5251
7635	5252
7634	5253
6181	5254
1414	5255
2070	5256
602	5257
5233	5258
4835	5259
8382	5260
970	5261
278	5262
1149	5263
4837	5264
7005	5265
540	5266
267	5267
7994	5268
726	5269
4709	5270
2473	5271
7418	5272
6460	5273
4147	5274
888	5275
2666	5276
1503	5277
5795	5278
1850	5279
8856	5280
8653	5281
7874	5282
1468	5283
2581	5284
8834	5285
7363	5286
9275	5287
4211	5288
7551	5289
8756	5290
974	5291
2127	5292
2870	5293
21	5294
21	5295
8005	5296
6227	5297
6214	5298
4379	5299
8297	5300
1501	5301
5204	5302
2406	5303
5431	5304
5625	5305
810	5306
1492	5307
4991	5308
8389	5309
2413	5310
5426	5311
8239	5312
4414	5313
8255	5314
9211	5315
4493	5316
4411	5317
381	5318
6776	5319
16	5320
5442	5321
9240	5322
2927	5323
7987	5324
9395	5325
218	5326
6869	5327
2460	5328
8024	5329
3828	5330
2280	5331
4823	5332
8848	5333
7249	5334
993	5335
3888	5336
3857	5337
4253	5338
8152	5339
3975	5340
9519	5341
8631	5342
2501	5343
2031	5344
6731	5345
6468	5346
4208	5347
6909	5348
2726	5349
4662	5350
7614	5351
8488	5352
1143	5353
2704	5354
8021	5355
7724	5356
2894	5357
2680	5358
3759	5359
3495	5360
7442	5361
8925	5362
5044	5363
6076	5364
7853	5365
7339	5366
130	5367
613	5368
1224	5369
6939	5370
2422	5371
9575	5372
8954	5373
1272	5374
8307	5375
2913	5376
4172	5377
5874	5378
5127	5379
7813	5380
3507	5381
2831	5382
8695	5383
2003	5384
3574	5385
3412	5386
2873	5387
5685	5388
2474	5389
2143	5390
9550	5391
2454	5392
9225	5393
617	5394
6774	5395
5624	5396
1088	5397
1556	5398
9512	5399
8663	5400
1612	5401
9409	5402
7060	5403
459	5404
9214	5405
7167	5406
6032	5407
2178	5408
2892	5409
2255	5410
3323	5411
52	5412
1997	5413
6411	5414
1811	5415
793	5416
3925	5417
6734	5418
9337	5419
6822	5420
1210	5421
185	5422
9424	5423
1424	5424
9250	5425
5729	5426
5498	5427
2120	5428
2228	5429
9147	5430
5366	5431
115	5432
2603	5433
4560	5434
966	5435
6034	5436
4119	5437
163	5438
8018	5439
8832	5440
428	5441
2452	5442
6983	5443
6643	5444
1764	5445
96	5446
9152	5447
7484	5448
2860	5449
8483	5450
2906	5451
2350	5452
4724	5453
6048	5454
4337	5455
6598	5456
8657	5457
7314	5458
7955	5459
9544	5460
1978	5461
1395	5462
2607	5463
5654	5464
5389	5465
1350	5466
3229	5467
5762	5468
8000	5469
260	5470
517	5471
2092	5472
90	5473
5613	5474
196	5475
8862	5476
5981	5477
3475	5478
2216	5479
1370	5480
5636	5481
8625	5482
6961	5483
2777	5484
2038	5485
3419	5486
4092	5487
9291	5488
1347	5489
4173	5490
4904	5491
4312	5492
8674	5493
8867	5494
3860	5495
6574	5496
760	5497
1111	5498
4056	5499
9077	5500
3851	5501
8040	5502
5927	5503
38	5504
239	5505
6168	5506
2006	5507
5260	5508
8788	5509
1386	5510
1676	5511
6690	5512
205	5513
6491	5514
1771	5515
5895	5516
3048	5517
4290	5518
8176	5519
228	5520
202	5521
4627	5522
1098	5523
20	5524
4672	5525
5803	5526
1619	5527
7772	5528
3330	5529
6260	5530
6470	5531
5919	5532
254	5533
6025	5534
4270	5535
3182	5536
1979	5537
7282	5538
7120	5539
4752	5540
1333	5541
9327	5542
6290	5543
3521	5544
34	5545
1211	5546
1669	5547
5118	5548
9230	5549
2800	5550
5259	5551
9008	5552
6866	5553
9283	5554
2568	5555
350	5556
268	5557
317	5558
1639	5559
337	5560
8850	5561
1827	5562
1121	5563
3613	5564
7607	5565
2408	5566
1177	5567
4550	5568
7933	5569
6302	5570
3488	5571
8073	5572
5041	5573
839	5574
4039	5575
8978	5576
9041	5577
8605	5578
2651	5579
8357	5580
2303	5581
1796	5582
5839	5583
5340	5584
7717	5585
4685	5586
9113	5587
7137	5588
4582	5589
330	5590
714	5591
9535	5592
7680	5593
922	5594
5951	5595
8528	5596
6119	5597
744	5598
2613	5599
6720	5600
4238	5601
478	5602
9210	5603
8733	5604
4067	5605
305	5606
4910	5607
7756	5608
1755	5609
1290	5610
6700	5611
2116	5612
6736	5613
2169	5614
584	5615
8202	5616
2963	5617
7315	5618
50	5619
331	5620
9381	5621
64	5622
2358	5623
7698	5624
2429	5625
1924	5626
7345	5627
2361	5628
2034	5629
7461	5630
3061	5631
3485	5632
82	5633
4294	5634
3833	5635
5161	5636
8735	5637
7121	5638
2812	5639
4806	5640
460	5641
5861	5642
5976	5643
452	5644
27	5645
9400	5646
7008	5647
7087	5648
2857	5649
3737	5650
208	5651
9043	5652
6166	5653
6907	5654
8473	5655
3660	5656
3791	5657
854	5658
332	5659
1833	5660
7192	5661
3883	5662
3584	5663
8080	5664
4465	5665
666	5666
3831	5667
8516	5668
5915	5669
1703	5670
7588	5671
3260	5672
1182	5673
4322	5674
5592	5675
71	5676
4825	5677
7812	5678
6365	5679
2199	5680
9054	5681
1449	5682
207	5683
2605	5684
771	5685
7369	5686
2079	5687
53	5688
2268	5689
1230	5690
639	5691
9405	5692
7685	5693
4474	5694
5119	5695
1517	5696
1117	5697
7865	5698
7449	5699
2733	5700
6384	5701
6918	5702
9039	5703
1346	5704
2238	5705
7393	5706
8993	5707
3104	5708
1261	5709
349	5710
5671	5711
8861	5712
140	5713
8621	5714
2965	5715
8660	5716
2212	5717
8091	5718
6517	5719
227	5720
6679	5721
7575	5722
7407	5723
7416	5724
6614	5725
762	5726
16	5727
5254	5728
5879	5729
3974	5730
272	5731
7023	5732
5027	5733
2766	5734
7701	5735
6942	5736
924	5737
8763	5738
3996	5739
3075	5740
623	5741
9508	5742
6471	5743
3303	5744
7198	5745
2749	5746
7654	5747
6423	5748
8290	5749
7969	5750
4022	5751
204	5752
270	5753
3450	5754
6102	5755
2890	5756
9248	5757
9191	5758
9368	5759
8077	5760
2225	5761
7342	5762
2954	5763
290	5764
7748	5765
2852	5766
8406	5767
8140	5768
1382	5769
6238	5770
9462	5771
8900	5772
2565	5773
5140	5774
606	5775
6674	5776
2524	5777
383	5778
2244	5779
1505	5780
85	5781
5471	5782
790	5783
2923	5784
4041	5785
1022	5786
8037	5787
2080	5788
7807	5789
7025	5790
8651	5791
4701	5792
1054	5793
1801	5794
7539	5795
176	5796
2113	5797
3627	5798
6275	5799
4681	5800
3906	5801
4043	5802
203	5803
8026	5804
6271	5805
7237	5806
233	5807
6993	5808
3443	5809
2170	5810
9161	5811
8422	5812
5054	5813
7564	5814
4285	5815
1753	5816
6529	5817
2638	5818
3315	5819
3279	5820
8764	5821
2616	5822
1740	5823
6805	5824
3681	5825
5908	5826
6821	5827
1581	5828
3489	5829
3505	5830
2380	5831
5853	5832
5004	5833
1627	5834
6877	5835
2484	5836
4726	5837
9010	5838
3859	5839
6759	5840
5588	5841
200	5842
8627	5843
1857	5844
3302	5845
8025	5846
110	5847
8827	5848
5738	5849
5344	5850
4023	5851
4619	5852
8922	5853
7081	5854
3390	5855
2723	5856
2876	5857
8534	5858
15	5859
9167	5860
8074	5861
7336	5862
7388	5863
7783	5864
4905	5865
4491	5866
4081	5867
401	5868
2843	5869
6663	5870
2545	5871
6888	5872
8502	5873
6582	5874
1851	5875
6261	5876
351	5877
5363	5878
733	5879
8505	5880
6243	5881
1299	5882
5703	5883
6189	5884
4798	5885
5804	5886
1313	5887
4606	5888
1409	5889
319	5890
6650	5891
1383	5892
219	5893
3891	5894
1846	5895
4900	5896
95	5897
1578	5898
5398	5899
6925	5900
6114	5901
5397	5902
5809	5903
5619	5904
7988	5905
7637	5906
9277	5907
3386	5908
8971	5909
4372	5910
5739	5911
4548	5912
8689	5913
3277	5914
5642	5915
7017	5916
7580	5917
5574	5918
4045	5919
499	5920
3762	5921
5954	5922
4573	5923
1119	5924
9193	5925
3139	5926
7980	5927
3491	5928
2714	5929
1625	5930
2925	5931
2	5932
3136	5933
3580	5934
6144	5935
5100	5936
6328	5937
4894	5938
3415	5939
5434	5940
1060	5941
5989	5942
89	5943
1566	5944
2387	5945
1520	5946
8330	5947
1194	5948
7901	5949
1014	5950
1976	5951
6084	5952
842	5953
4445	5954
2348	5955
1568	5956
351	5957
1818	5958
4497	5959
1371	5960
8907	5961
6469	5962
16	5963
2558	5964
7910	5965
4746	5966
7512	5967
3215	5968
7040	5969
2320	5970
8258	5971
7145	5972
392	5973
6814	5974
1698	5975
2687	5976
269	5977
1983	5978
8437	5979
6813	5980
5	5981
7238	5982
7780	5983
71	5984
7143	5985
5082	5986
7204	5987
4758	5988
2663	5989
3571	5990
6886	5991
7889	5992
4954	5993
9495	5994
9241	5995
6208	5996
78	5997
2481	5998
2961	5999
3731	6000
5358	6001
2458	6002
6610	6003
1059	6004
8331	6005
188	6006
4956	6007
3257	6008
9570	6009
5125	6010
6480	6011
8615	6012
6125	6013
1918	6014
9458	6015
3620	6016
5877	6017
8100	6018
7696	6019
6915	6020
8217	6021
5376	6022
5601	6023
2622	6024
8878	6025
997	6026
3949	6027
2305	6028
6333	6029
2797	6030
6874	6031
264	6032
6873	6033
1300	6034
5467	6035
3547	6036
5923	6037
3950	6038
3053	6039
8628	6040
5103	6041
6688	6042
5844	6043
9174	6044
7843	6045
3765	6046
7155	6047
8704	6048
6770	6049
8008	6050
8007	6051
12	6052
4796	6053
6035	6054
6473	6055
4690	6056
6808	6057
4506	6058
7126	6059
1536	6060
2352	6061
3927	6062
8158	6063
3117	6064
4583	6065
3508	6066
7912	6067
2398	6068
1092	6069
7123	6070
2386	6071
8545	6072
7728	6073
1996	6074
8429	6075
2221	6076
2942	6077
792	6078
1521	6079
7761	6080
2677	6081
5807	6082
3175	6083
3715	6084
7300	6085
9493	6086
2114	6087
7995	6088
7495	6089
365	6090
4605	6091
9045	6092
7996	6093
2591	6094
1249	6095
197	6096
4892	6097
6592	6098
5975	6099
2933	6100
433	6101
6141	6102
514	6103
5899	6104
2560	6105
142	6106
3188	6107
375	6108
4694	6109
9094	6110
6204	6111
654	6112
6564	6113
6565	6114
4431	6115
4289	6116
5097	6117
2467	6118
254	6119
7200	6120
7602	6121
8092	6122
5508	6123
7390	6124
2432	6125
3138	6126
7887	6127
8027	6128
2634	6129
589	6130
3557	6131
7243	6132
5548	6133
1387	6134
3355	6135
9257	6136
3261	6137
9551	6138
5644	6139
7358	6140
9254	6141
9580	6142
3039	6143
2559	6144
8464	6145
9126	6146
7704	6147
130	6148
5595	6149
1247	6150
1726	6151
1799	6152
981	6153
8779	6154
8120	6155
3059	6156
6056	6157
7753	6158
6280	6159
7762	6160
3370	6161
7771	6162
7053	6163
2862	6164
4334	6165
53	6166
6091	6167
6587	6168
8049	6169
9583	6170
9313	6171
1670	6172
217	6173
2142	6174
2147	6175
5244	6176
4840	6177
8783	6178
371	6179
934	6180
3127	6181
9340	6182
7067	6183
5049	6184
6133	6185
2293	6186
6833	6187
5374	6188
1823	6189
160	6190
273	6191
6913	6192
3020	6193
4182	6194
9326	6195
318	6196
8793	6197
2360	6198
5761	6199
3775	6200
5083	6201
4753	6202
7940	6203
4633	6204
1910	6205
7031	6206
6270	6207
7367	6208
4112	6209
9024	6210
3410	6211
1394	6212
7214	6213
532	6214
3942	6215
7189	6216
5806	6217
3247	6218
3546	6219
3264	6220
2099	6221
7669	6222
7146	6223
2374	6224
6630	6225
2655	6226
6267	6227
8748	6228
4254	6229
9261	6230
8708	6231
2309	6232
1342	6233
7273	6234
5401	6235
9136	6236
6374	6237
7665	6238
4555	6239
1750	6240
9231	6241
687	6242
7301	6243
5094	6244
720	6245
6959	6246
7044	6247
8972	6248
2053	6249
1447	6250
2349	6251
7140	6252
2951	6253
135	6254
2552	6255
3973	6256
8048	6257
2095	6258
4335	6259
5607	6260
3425	6261
1713	6262
7152	6263
257	6264
7018	6265
7383	6266
4945	6267
1166	6268
8230	6269
7241	6270
5483	6271
2667	6272
665	6273
8019	6274
2017	6275
1603	6276
9333	6277
1969	6278
6753	6279
7353	6280
5269	6281
6421	6282
303	6283
6071	6284
6045	6285
5257	6286
534	6287
7831	6288
8548	6289
8082	6290
3006	6291
4660	6292
6055	6293
6176	6294
6033	6295
5707	6296
948	6297
1397	6298
319	6299
178	6300
1610	6301
5652	6302
122	6303
3956	6304
3371	6305
8390	6306
5494	6307
6586	6308
8271	6309
2934	6310
179	6311
7255	6312
2907	6313
5693	6314
4944	6315
710	6316
8185	6317
6675	6318
6123	6319
8023	6320
1760	6321
4358	6322
6608	6323
3109	6324
1751	6325
1907	6326
6944	6327
8479	6328
788	6329
8387	6330
8088	6331
8489	6332
8920	6333
9273	6334
6532	6335
4839	6336
2676	6337
1209	6338
6293	6339
5045	6340
4148	6341
1582	6342
794	6343
1618	6344
7873	6345
731	6346
6503	6347
6007	6348
2489	6349
4881	6350
8899	6351
6279	6352
4595	6353
2412	6354
8539	6355
6707	6356
3792	6357
21	6358
8412	6359
8928	6360
2289	6361
8661	6362
2888	6363
4608	6364
6692	6365
7470	6366
4195	6367
7382	6368
903	6369
2583	6370
8546	6371
6788	6372
6924	6373
8322	6374
5365	6375
6710	6376
5216	6377
5090	6378
8235	6379
971	6380
2727	6381
3000	6382
4976	6383
7768	6384
6786	6385
7794	6386
3899	6387
5070	6388
5446	6389
8110	6390
4934	6391
3554	6392
301	6393
5516	6394
6183	6395
9151	6396
5681	6397
5051	6398
585	6399
156	6400
7260	6401
5395	6402
8384	6403
3361	6404
7624	6405
6142	6406
9522	6407
8569	6408
4352	6409
4974	6410
9449	6411
5402	6412
3694	6413
3952	6414
8276	6415
1506	6416
7507	6417
2258	6418
1408	6419
8433	6420
8936	6421
7313	6422
7341	6423
1310	6424
7755	6425
3572	6426
4157	6427
6645	6428
5202	6429
7379	6430
1542	6431
7362	6432
1609	6433
4587	6434
7178	6435
4664	6436
8652	6437
2264	6438
6812	6439
9123	6440
8190	6441
5890	6442
2455	6443
8181	6444
8180	6445
7485	6446
8424	6447
7657	6448
4967	6449
1314	6450
7699	6451
8457	6452
9281	6453
4149	6454
8942	6455
5304	6456
3133	6457
5782	6458
2202	6459
291	6460
2757	6461
1293	6462
285	6463
6986	6464
1181	6465
7269	6466
1256	6467
5479	6468
458	6469
9238	6470
167	6471
897	6472
2157	6473
6533	6474
8828	6475
7316	6476
4206	6477
7453	6478
9145	6479
8081	6480
1571	6481
9003	6482
9472	6483
1961	6484
8685	6485
616	6486
2004	6487
4279	6488
7397	6489
2947	6490
2416	6491
7570	6492
2692	6493
1507	6494
5450	6495
4152	6496
6396	6497
124	6498
3649	6499
1015	6500
6725	6501
6001	6502
3884	6503
692	6504
6618	6505
421	6506
648	6507
1992	6508
8506	6509
5315	6510
1730	6511
6422	6512
8117	6513
5156	6514
4190	6515
3772	6516
5949	6517
9301	6518
5913	6519
4328	6520
8706	6521
6627	6522
9532	6523
5443	6524
9253	6525
559	6526
1607	6527
8466	6528
265	6529
1428	6530
1145	6531
2219	6532
6768	6533
227	6534
9423	6535
1722	6536
5633	6537
2069	6538
1729	6539
3269	6540
1416	6541
3252	6542
741	6543
4607	6544
2363	6545
6723	6546
8338	6547
7092	6548
6391	6549
438	6550
6028	6551
1041	6552
338	6553
5741	6554
1396	6555
6927	6556
5154	6557
7400	6558
8286	6559
1297	6560
6463	6561
7223	6562
7183	6563
3593	6564
7320	6565
9103	6566
1768	6567
8523	6568
1808	6569
4458	6570
2382	6571
5048	6572
9394	6573
3817	6574
6553	6575
2604	6576
6342	6577
210	6578
1749	6579
2940	6580
252	6581
4025	6582
2276	6583
1296	6584
7181	6585
1709	6586
377	6587
4262	6588
4232	6589
431	6590
3976	6591
5457	6592
299	6593
1661	6594
7049	6595
8635	6596
894	6597
199	6598
8822	6599
6778	6600
1141	6601
1438	6602
7014	6603
716	6604
1972	6605
9263	6606
967	6607
632	6608
1565	6609
5033	6610
4088	6611
7557	6612
2539	6613
571	6614
2537	6615
6194	6616
5112	6617
274	6618
5716	6619
7633	6620
6522	6621
215	6622
4374	6623
5392	6624
5573	6625
1352	6626
9475	6627
625	6628
5999	6629
3024	6630
5335	6631
2235	6632
4079	6633
6317	6634
9537	6635
7610	6636
7052	6637
6607	6638
1904	6639
74	6640
7918	6641
725	6642
2461	6643
4731	6644
5950	6645
6676	6646
5197	6647
1196	6648
6362	6649
5977	6650
4104	6651
6320	6652
4848	6653
5463	6654
3698	6655
2829	6656
8554	6657
327	6658
4316	6659
8567	6660
7763	6661
4058	6662
1596	6663
4919	6664
1561	6665
145	6666
8785	6667
8532	6668
520	6669
7528	6670
8524	6671
7815	6672
4210	6673
9511	6674
1329	6675
1840	6676
4804	6677
1929	6678
2544	6679
4209	6680
2602	6681
4256	6682
5518	6683
5439	6684
9276	6685
1781	6686
5132	6687
1514	6688
1963	6689
8921	6690
7821	6691
201	6692
5050	6693
2084	6694
7325	6695
7012	6696
7330	6697
7009	6698
6733	6699
7039	6700
8824	6701
3482	6702
7870	6703
8171	6704
6370	6705
6500	6706
1148	6707
9488	6708
435	6709
74	6710
5010	6711
6867	6712
8198	6713
7385	6714
5039	6715
7298	6716
6331	6717
6930	6718
5084	6719
2339	6720
2718	6721
7398	6722
5445	6723
8662	6724
9548	6725
4523	6726
6131	6727
2321	6728
9220	6729
5475	6730
8094	6731
3583	6732
5538	6733
4824	6734
315	6735
5835	6736
8114	6737
103	6738
7692	6739
5059	6740
9022	6741
2897	6742
8675	6743
2437	6744
6831	6745
8208	6746
2893	6747
1053	6748
7079	6749
6579	6750
4203	6751
4222	6752
4846	6753
8669	6754
5649	6755
4700	6756
8686	6757
8682	6758
4988	6759
1667	6760
662	6761
7866	6762
5020	6763
247	6764
9221	6765
4134	6766
8949	6767
485	6768
5111	6769
8003	6770
7456	6771
3850	6772
709	6773
5093	6774
8775	6775
2047	6776
4466	6777
9357	6778
2950	6779
2601	6780
1398	6781
950	6782
635	6783
5512	6784
2285	6785
4994	6786
187	6787
5876	6788
1037	6789
980	6790
6306	6791
7722	6792
7162	6793
9407	6794
1403	6795
277	6796
7876	6797
4517	6798
4300	6799
3329	6800
355	6801
6288	6802
1936	6803
516	6804
753	6805
3847	6806
1215	6807
2193	6808
5305	6809
6200	6810
1488	6811
4868	6812
1847	6813
6561	6814
114	6815
7319	6816
7655	6817
1815	6818
8725	6819
1469	6820
7334	6821
1142	6822
5293	6823
8592	6824
8896	6825
2051	6826
4339	6827
1778	6828
3510	6829
6236	6830
3669	6831
7021	6832
7627	6833
6017	6834
4349	6835
1499	6836
973	6837
316	6838
456	6839
2446	6840
9	6841
7412	6842
151	6843
3886	6844
5043	6845
637	6846
2434	6847
9352	6848
7033	6849
1682	6850
7346	6851
9026	6852
8853	6853
5921	6854
6989	6855
1264	6856
1649	6857
1987	6858
896	6859
8557	6860
2044	6861
7714	6862
6625	6863
170	6864
5018	6865
3915	6866
1544	6867
6603	6868
6137	6869
3354	6870
8882	6871
5773	6872
2645	6873
9246	6874
2282	6875
8868	6876
9525	6877
7302	6878
152	6879
5525	6880
1030	6881
1704	6882
4883	6883
2865	6884
8374	6885
3208	6886
5310	6887
3970	6888
1597	6889
5848	6890
4160	6891
8339	6892
5287	6893
804	6894
404	6895
1956	6896
7871	6897
3677	6898
39	6899
3662	6900
3784	6901
3481	6902
568	6903
1105	6904
2435	6905
4581	6906
286	6907
8769	6908
4179	6909
7555	6910
216	6911
2511	6912
8626	6913
3872	6914
7867	6915
8897	6916
8487	6917
1605	6918
3365	6919
4646	6920
284	6921
1090	6922
1179	6923
4385	6924
5552	6925
46	6926
1317	6927
7540	6928
3603	6929
2283	6930
7719	6931
2842	6932
7611	6933
5755	6934
4032	6935
6182	6936
6817	6937
4999	6938
1967	6939
7625	6940
279	6941
4170	6942
5581	6943
4109	6944
3699	6945
8992	6946
1042	6947
7804	6948
144	6949
817	6950
3432	6951
283	6952
914	6953
829	6954
1016	6955
9415	6956
155	6957
7971	6958
2457	6959
68	6960
6002	6961
1035	6962
6506	6963
6030	6964
6178	6965
258	6966
8906	6967
6849	6968
2986	6969
333	6970
320	6971
373	6972
764	6973
1543	6974
3824	6975
1217	6976
4836	6977
6695	6978
3802	6979
3686	6980
3757	6981
6063	6982
2543	6983
3700	6984
2802	6985
3552	6986
4448	6987
3989	6988
3659	6989
8597	6990
3440	6991
5651	6992
8046	6993
8585	6994
7718	6995
6455	6996
2639	6997
328	6998
5994	6999
6005	7000
2163	7001
1575	7002
55	7003
6855	7004
6911	7005
2589	7006
3205	7007
7486	7008
8	7009
2909	7010
4679	7011
9114	7012
5352	7013
8162	7014
5570	7015
9413	7016
7917	7017
4167	7018
88	7019
8750	7020
9387	7021
902	7022
9346	7023
4213	7024
3561	7025
302	7026
2854	7027
607	7028
906	7029
7354	7030
2066	7031
862	7032
1487	7033
6512	7034
6683	7035
8057	7036
3427	7037
6751	7038
8150	7039
1666	7040
8901	7041
6967	7042
4461	7043
4234	7044
631	7045
9302	7046
1681	7047
9398	7048
8137	7049
451	7050
2853	7051
7872	7052
3984	7053
8446	7054
5514	7055
7090	7056
4449	7057
1917	7058
7326	7059
362	7060
6148	7061
5328	7062
2716	7063
6998	7064
5753	7065
3514	7066
927	7067
6225	7068
7234	7069
6828	7070
1539	7071
3665	7072
5733	7073
6126	7074
5419	7075
2466	7076
3026	7077
7986	7078
5497	7079
6130	7080
5542	7081
2306	7082
5889	7083
4989	7084
7357	7085
2266	7086
3219	7087
66	7088
96	7089
4887	7090
519	7091
4049	7092
3185	7093
8860	7094
302	7095
6074	7096
4574	7097
3612	7098
3624	7099
8020	7100
398	7101
1226	7102
8790	7103
4350	7104
6668	7105
2237	7106
7197	7107
3771	7108
866	7109
5292	7110
8504	7111
4082	7112
7292	7113
5757	7114
423	7115
5779	7116
3011	7117
3934	7118
4004	7119
957	7120
2967	7121
175	7122
3184	7123
5558	7124
6078	7125
5104	7126
8771	7127
7051	7128
8854	7129
6938	7130
3539	7131
1921	7132
6538	7133
6941	7134
2122	7135
2869	7136
3211	7137
7841	7138
4102	7139
3041	7140
7384	7141
1923	7142
4269	7143
450	7144
940	7145
2689	7146
2201	7147
3283	7148
224	7149
5743	7150
6458	7151
3248	7152
259	7153
1087	7154
5825	7155
4259	7156
8634	7157
7541	7158
3298	7159
4647	7160
2586	7161
7448	7162
4184	7163
8859	7164
3511	7165
5531	7166
5375	7167
3983	7168
4450	7169
5394	7170
8361	7171
5186	7172
742	7173
1225	7174
2269	7175
7394	7176
4429	7177
3544	7178
4154	7179
4980	7180
5988	7181
2877	7182
7373	7183
1919	7184
6301	7185
5486	7186
2012	7187
9182	7188
9074	7189
6568	7190
6744	7191
8904	7192
5205	7193
4479	7194
6699	7195
3525	7196
7671	7197
3304	7198
7239	7199
5461	7200
1638	7201
647	7202
9563	7203
4518	7204
82	7205
645	7206
6978	7207
972	7208
8991	7209
2308	7210
1048	7211
5527	7212
304	7213
1026	7214
3464	7215
786	7216
7035	7217
8266	7218
7289	7219
732	7220
4901	7221
8966	7222
7653	7223
4405	7224
1590	7225
1515	7226
1813	7227
1816	7228
1208	7229
85	7230
5587	7231
8693	7232
4266	7233
4481	7234
2284	7235
6429	7236
6854	7237
5462	7238
2272	7239
8709	7240
1874	7241
4488	7242
4520	7243
2096	7244
1494	7245
3830	7246
7077	7247
6580	7248
7458	7249
22	7250
8873	7251
6949	7252
9007	7253
117	7254
4226	7255
8476	7256
991	7257
6940	7258
2063	7259
4529	7260
3084	7261
7686	7262
6652	7263
330	7264
528	7265
3167	7266
4472	7267
3515	7268
1124	7269
389	7270
6605	7271
3705	7272
4805	7273
3923	7274
8950	7275
1391	7276
2379	7277
2045	7278
865	7279
1657	7280
2685	7281
4505	7282
2338	7283
3054	7284
4249	7285
4050	7286
1532	7287
7583	7288
3646	7289
3043	7290
1343	7291
4688	7292
8245	7293
8967	7294
8385	7295
2719	7296
3793	7297
7535	7298
140	7299
7389	7300
2355	7301
2076	7302
3978	7303
3144	7304
787	7305
3658	7306
3768	7307
6490	7308
244	7309
4952	7310
1743	7311
3666	7312
165	7313
2373	7314
7424	7315
2517	7316
59	7317
5946	7318
2459	7319
4366	7320
6772	7321
3776	7322
7543	7323
8587	7324
3018	7325
5438	7326
4875	7327
3881	7328
1291	7329
8243	7330
5842	7331
8805	7332
8426	7333
5793	7334
3097	7335
3242	7336
7549	7337
1686	7338
8883	7339
3742	7340
8465	7341
3756	7342
3218	7343
1549	7344
31	7345
5812	7346
7499	7347
5829	7348
8350	7349
3402	7350
3297	7351
7022	7352
3800	7353
322	7354
3721	7355
1258	7356
3274	7357
3268	7358
6816	7359
245	7360
7744	7361
6228	7362
8974	7363
7859	7364
1516	7365
3855	7366
6477	7367
7822	7368
6966	7369
1883	7370
9258	7371
8746	7372
5922	7373
2468	7374
3912	7375
7347	7376
4131	7377
9040	7378
6678	7379
4810	7380
475	7381
8051	7382
5692	7383
8578	7384
9545	7385
3430	7386
2920	7387
3328	7388
295	7389
4426	7390
8722	7391
1190	7392
7820	7393
3108	7394
7423	7395
3972	7396
2515	7397
4084	7398
8498	7399
5071	7400
2196	7401
2503	7402
9255	7403
7880	7404
3712	7405
2924	7406
2672	7407
5821	7408
6590	7409
3253	7410
3400	7411
7584	7412
2470	7413
7590	7414
286	7415
5399	7416
9343	7417
5267	7418
99	7419
8803	7420
701	7421
7011	7422
6004	7423
5064	7424
4992	7425
699	7426
3438	7427
7544	7428
5201	7429
8876	7430
3072	7431
8535	7432
9038	7433
1935	7434
9119	7435
7465	7436
7435	7437
6584	7438
49	7439
6315	7440
5776	7441
8979	7442
2650	7443
8808	7444
6097	7445
5885	7446
5562	7447
6655	7448
2701	7449
134	7450
6015	7451
6430	7452
6659	7453
94	7454
939	7455
5098	7456
3718	7457
292	7458
7521	7459
80	7460
8540	7461
8267	7462
2000	7463
3452	7464
675	7465
2291	7466
7526	7467
6904	7468
4540	7469
7661	7470
4572	7471
9504	7472
9447	7473
4444	7474
5653	7475
342	7476
9494	7477
7639	7478
6401	7479
6347	7480
5911	7481
8499	7482
7786	7483
370	7484
5783	7485
5448	7486
4068	7487
2856	7488
986	7489
6513	7490
1284	7491
1175	7492
9181	7493
5904	7494
389	7495
1185	7496
7628	7497
3413	7498
2987	7499
4516	7500
6420	7501
3931	7502
9000	7503
6823	7504
6596	7505
8981	7506
2217	7507
9080	7508
1238	7509
8475	7510
5801	7511
7960	7512
4670	7513
9044	7514
200	7515
2265	7516
2966	7517
2138	7518
6381	7519
5444	7520
1705	7521
9437	7522
3966	7523
836	7524
5737	7525
3982	7526
3305	7527
5682	7528
1415	7529
2194	7530
4955	7531
2946	7532
1647	7533
1927	7534
2996	7535
2256	7536
1004	7537
4155	7538
3473	7539
6794	7540
7582	7541
3750	7542
5826	7543
935	7544
182	7545
1164	7546
1644	7547
942	7548
4702	7549
403	7550
1585	7551
5026	7552
8356	7553
4591	7554
6338	7555
4649	7556
185	7557
1176	7558
9353	7559
3385	7560
1419	7561
5623	7562
1656	7563
4035	7564
7244	7565
1349	7566
8256	7567
4814	7568
3878	7569
1269	7570
7187	7571
6376	7572
4828	7573
2952	7574
4771	7575
347	7576
581	7577
3375	7578
932	7579
6405	7580
1072	7581
6012	7582
9069	7583
8780	7584
1410	7585
1163	7586
8042	7587
3530	7588
7493	7589
879	7590
4953	7591
3463	7592
5141	7593
466	7594
2776	7595
2884	7596
8408	7597
6262	7598
3190	7599
2752	7600
3783	7601
3058	7602
8315	7603
8995	7604
2836	7605
3360	7606
2941	7607
8823	7608
9296	7609
8543	7610
1957	7611
4615	7612
2980	7613
8346	7614
1598	7615
5190	7616
1822	7617
8593	7618
121	7619
2902	7620
1305	7621
4161	7622
8379	7623
9090	7624
8205	7625
5406	7626
680	7627
8381	7628
5870	7629
3907	7630
7352	7631
5822	7632
8914	7633
5081	7634
1803	7635
3566	7636
1212	7637
3650	7638
7529	7639
8620	7640
7406	7641
6303	7642
2325	7643
5972	7644
3868	7645
7299	7646
1690	7647
925	7648
43	7649
5577	7650
3582	7651
419	7652
2778	7653
6329	7654
8562	7655
4401	7656
7171	7657
1263	7658
5262	7659
7210	7660
3549	7661
7265	7662
9308	7663
3210	7664
5212	7665
1852	7666
4460	7667
1812	7668
7105	7669
4417	7670
4487	7671
4498	7672
3587	7673
7233	7674
3758	7675
9374	7676
3376	7677
6000	7678
4227	7679
1940	7680
7791	7681
4508	7682
86	7683
898	7684
6804	7685
5468	7686
261	7687
3435	7688
9581	7689
566	7690
5162	7691
8732	7692
3163	7693
9159	7694
3236	7695
4113	7696
5615	7697
711	7698
4884	7699
7597	7700
9239	7701
7110	7702
8212	7703
3199	7704
1351	7705
2847	7706
8797	7707
930	7708
7553	7709
5768	7710
6483	7711
7457	7712
5618	7713
92	7714
6465	7715
8087	7716
7560	7717
3638	7718
3044	7719
1786	7720
5329	7721
4535	7722
4554	7723
6687	7724
6403	7725
3640	7726
5533	7727
8858	7728
7675	7729
7459	7730
3631	7731
2851	7732
6746	7733
6889	7734
697	7735
4943	7736
7235	7737
2476	7738
7409	7739
6782	7740
7501	7741
4137	7742
8794	7743
9195	7744
9371	7745
4069	7746
6312	7747
8855	7748
3409	7749
8749	7750
7884	7751
9329	7752
604	7753
8444	7754
4939	7755
650	7756
8618	7757
45	7758
1998	7759
6481	7760
6382	7761
7527	7762
9033	7763
6450	7764
4801	7765
7534	7766
8791	7767
2119	7768
7290	7769
5862	7770
2218	7771
3384	7772
3858	7773
2969	7774
380	7775
7979	7776
7206	7777
9063	7778
6832	7779
3152	7780
8702	7781
1036	7782
917	7783
1886	7784
6551	7785
76	7786
8069	7787
945	7788
774	7789
758	7790
2764	7791
2763	7792
6958	7793
6489	7794
6344	7795
1244	7796
8306	7797
4231	7798
3034	7799
1715	7800
1797	7801
6980	7802
5786	7803
845	7804
5242	7805
8456	7806
1723	7807
434	7808
1243	7809
6738	7810
9160	7811
5029	7812
4873	7813
7227	7814
3166	7815
729	7816
5312	7817
307	7818
1478	7819
1757	7820
1641	7821
1985	7822
3882	7823
6633	7824
747	7825
8984	7826
7883	7827
2347	7828
8623	7829
111	7830
8962	7831
2936	7832
339	7833
9520	7834
334	7835
2916	7836
6839	7837
4158	7838
6524	7839
4957	7840
4060	7841
7375	7842
161	7843
7905	7844
2833	7845
6718	7846
7368	7847
6792	7848
3625	7849
809	7850
3106	7851
1547	7852
3110	7853
3207	7854
6419	7855
877	7856
6829	7857
7973	7858
4749	7859
5409	7860
178	7861
8118	7862
248	7863
6604	7864
5934	7865
4998	7866
136	7867
9464	7868
5997	7869
3267	7870
1151	7871
9046	7872
5331	7873
4076	7874
5280	7875
3047	7876
4146	7877
1400	7878
13	7879
6686	7880
9150	7881
1970	7882
3798	7883
5878	7884
3589	7885
6672	7886
3359	7887
7193	7888
5158	7889
5316	7890
355	7891
3093	7892
5723	7893
7481	7894
3729	7895
8877	7896
7134	7897
872	7898
7232	7899
3325	7900
4330	7901
527	7902
8565	7903
5674	7904
1312	7905
8231	7906
8388	7907
75	7908
799	7909
4590	7910
9528	7911
5616	7912
847	7913
5944	7914
2426	7915
6661	7916
824	7917
5385	7918
5549	7919
6072	7920
8160	7921
3062	7922
8031	7923
4456	7924
8292	7925
9185	7926
3645	7927
812	7928
2999	7929
4673	7930
9260	7931
6657	7932
5034	7933
266	7934
5586	7935
6933	7936
1941	7937
4762	7938
8195	7939
6636	7940
8034	7941
7165	7942
1643	7943
7925	7944
3556	7945
3364	7946
9539	7947
4719	7948
938	7949
1431	7950
844	7951
6300	7952
846	7953
8568	7954
8576	7955
4164	7956
8113	7957
6747	7958
5294	7959
1772	7960
8458	7961
3013	7962
2921	7963
6761	7964
987	7965
3528	7966
353	7967
3086	7968
6278	7969
3116	7970
7285	7971
2796	7972
2007	7973
3730	7974
9142	7975
7613	7976
3955	7977
3312	7978
137	7979
5609	7980
3874	7981
228	7982
8090	7983
7118	7984
5435	7985
1843	7986
5515	7987
7111	7988
6669	7989
9534	7990
918	7991
5047	7992
9072	7993
8781	7994
4923	7995
4006	7996
4457	7997
6923	7998
1323	7999
61	8000
8912	8001
2230	8002
5668	8003
9165	8004
8762	8005
4760	8006
1233	8007
5371	8008
4895	8009
5021	8010
5630	8011
261	8012
5536	8013
1960	8014
2428	8015
8097	8016
9557	8017
5109	8018
72	8019
9513	8020
9015	8021
18	8022
6440	8023
8910	8024
8036	8025
3456	8026
2167	8027
1344	8028
9341	8029
348	8030
487	8031
8098	8032
4471	8033
6552	8034
8204	8035
282	8036
5565	8037
23	8038
4171	8039
7932	8040
5658	8041
6061	8042
5555	8043
4310	8044
2210	8045
8898	8046
2713	8047
4707	8048
831	8049
2164	8050
2781	8051
5912	8052
9280	8053
2971	8054
2562	8055
6242	8056
4915	8057
2404	8058
349	8059
8269	8060
2105	8061
594	8062
3420	8063
5024	8064
7546	8065
6062	8066
7399	8067
8058	8068
1222	8069
6134	8070
112	8071
8373	8072
718	8073
7678	8074
8142	8075
3050	8076
3842	8077
7927	8078
3373	8079
9186	8080
990	8081
5180	8082
4011	8083
4240	8084
1056	8085
984	8086
5341	8087
3920	8088
5334	8089
3565	8090
1128	8091
8969	8092
5948	8093
4822	8094
127	8095
6065	8096
3863	8097
1932	8098
8892	8099
6364	8100
6453	8101
3841	8102
5133	8103
1678	8104
6340	8105
3204	8106
1557	8107
5608	8108
7948	8109
7707	8110
2064	8111
9388	8112
241	8113
2427	8114
5302	8115
4842	8116
3813	8117
629	8118
6629	8119
1083	8120
8944	8121
3132	8122
2541	8123
1798	8124
2998	8125
2801	8126
7691	8127
4965	8128
961	8129
8405	8130
7218	8131
5077	8132
1519	8133
1500	8134
5541	8135
2207	8136
7550	8137
2456	8138
2974	8139
2926	8140
8337	8141
7221	8142
1332	8143
262	8144
3209	8145
593	8146
5910	8147
698	8148
6660	8149
7348	8150
2039	8151
8600	8152
7621	8153
1266	8154
191	8155
641	8156
192	8157
7936	8158
7170	8159
6644	8160
4772	8161
5513	8162
4663	8163
8874	8164
4996	8165
7026	8166
8237	8167
8564	8168
1484	8169
6452	8170
2224	8171
9197	8172
195	8173
1112	8174
298	8175
5120	8176
5599	8177
4644	8178
3254	8179
7156	8180
7631	8181
2882	8182
7605	8183
7366	8184
7943	8185
2977	8186
2785	8187
1934	8188
7641	8189
1665	8190
9037	8191
3663	8192
4916	8193
6241	8194
9307	8195
150	8196
1952	8197
8864	8198
101	8199
129	8200
4632	8201
9088	8202
9335	8203
8156	8204
8178	8205
7376	8206
7689	8207
6963	8208
3258	8209
1821	8210
7099	8211
7924	8212
2738	8213
2756	8214
1845	8215
9287	8216
6475	8217
9330	8218
8191	8219
8441	8220
5817	8221
8571	8222
9171	8223
8001	8224
4221	8225
6850	8226
4376	8227
7069	8228
536	8229
5297	8230
28	8231
7475	8232
94	8233
6756	8234
7125	8235
8741	8236
281	8237
310	8238
3128	8239
6054	8240
424	8241
4293	8242
1265	8243
5992	8244
2146	8245
238	8246
2747	8247
9439	8248
4866	8249
3707	8250
271	8251
3230	8252
3818	8253
5947	8254
3030	8255
1	8256
176	8257
3569	8258
3994	8259
5148	8260
1445	8261
393	8262
1341	8263
171	8264
3174	8265
7365	8266
3324	8267
2919	8268
3145	8269
4362	8270
3679	8271
8849	8272
224	8273
5939	8274
1858	8275
4653	8276
99	8277
7962	8278
913	8279
5819	8280
4544	8281
4896	8282
37	8283
136	8284
348	8285
2790	8286
9473	8287
7793	8288
2717	8289
8723	8290
8566	8291
4061	8292
8947	8293
2394	8294
5066	8295
7059	8296
2725	8297
9496	8298
900	8299
6640	8300
931	8301
3685	8302
9237	8303
5957	8304
2827	8305
634	8306
9068	8307
252	8308
4532	8309
7977	8310
86	8311
5645	8312
1776	8313
7284	8314
6957	8315
3607	8316
6163	8317
4761	8318
8083	8319
430	8320
9264	8321
6559	8322
4268	8323
9118	8324
976	8325
3358	8326
6350	8327
6507	8328
1187	8329
6349	8330
347	8331
329	8332
6779	8333
1728	8334
7438	8335
3896	8336
3939	8337
1569	8338
57	8339
79	8340
263	8341
2232	8342
5261	8343
5057	8344
9	8345
7817	8346
5561	8347
6929	8348
850	8349
3876	8350
5209	8351
5157	8352
3739	8353
5959	8354
1576	8355
3356	8356
5894	8357
9538	8358
3161	8359
3997	8360
4015	8361
7646	8362
5791	8363
2808	8364
7606	8365
7359	8366
3671	8367
807	8368
5788	8369
9555	8370
295	8371
6578	8372
324	8373
1267	8374
8453	8375
9582	8376
6485	8377
4793	8378
3060	8379
8588	8380
5336	8381
7433	8382
859	8383
7115	8384
6976	8385
1294	8386
7003	8387
6358	8388
2895	8389
8463	8390
323	8391
4853	8392
5108	8393
7279	8394
7578	8395
7426	8396
3353	8397
8134	8398
293	8399
7972	8400
9097	8401
313	8402
8806	8403
7	8404
3332	8405
2433	8406
6932	8407
6371	8408
949	8409
4353	8410
9227	8411
159	8412
7770	8413
7066	8414
9529	8415
919	8416
44	8417
5866	8418
7268	8419
5969	8420
6050	8421
3405	8422
7378	8423
2721	8424
6622	8425
1856	8426
8740	8427
3441	8428
8050	8429
3009	8430
5345	8431
5346	8432
1830	8433
5864	8434
601	8435
8376	8436
3487	8437
2729	8438
3447	8439
6069	8440
4620	8441
167	8442
9107	8443
8761	8444
5391	8445
6891	8446
4017	8447
7468	8448
7863	8449
2126	8450
4812	8451
8253	8452
5627	8453
1318	8454
7795	8455
7615	8456
194	8457
4847	8458
7810	8459
7517	8460
5962	8461
2703	8462
2675	8463
5337	8464
246	8465
2430	8466
1418	8467
7774	8468
172	8469
2571	8470
2130	8471
6885	8472
608	8473
8270	8474
652	8475
5062	8476
5661	8477
1103	8478
5008	8479
8727	8480
1717	8481
8641	8482
8294	8483
3506	8484
8201	8485
5390	8486
3162	8487
1412	8488
9338	8489
2657	8490
9540	8491
7749	8492
3637	8493
6771	8494
805	8495
2995	8496
4911	8497
253	8498
1594	8499
4252	8500
1376	8501
141	8502
9344	8503
4128	8504
797	8505
4631	8506
8070	8507
6543	8508
5114	8509
6992	8510
6990	8511
4443	8512
4500	8513
2249	8514
8044	8515
257	8516
6547	8517
8879	8518
5781	8519
1864	8520
77	8521
3424	8522
3843	8523
2610	8524
9378	8525
6609	8526
4766	8527
3337	8528
8015	8529
3815	8530
3316	8531
2569	8532
7168	8533
857	8534
7558	8535
6654	8536
9564	8537
9365	8538
9203	8539
9205	8540
6793	8541
5380	8542
6501	8543
8916	8544
6809	8545
7668	8546
7651	8547
88	8548
4889	8549
1027	8550
9497	8551
5318	8552
4931	8553
8990	8554
4430	8555
5546	8556
3309	8557
9272	8558
1621	8559
2015	8560
2330	8561
5655	8562
4191	8563
3745	8564
6908	8565
5701	8566
8774	8567
8632	8568
2955	8569
1434	8570
8112	8571
1727	8572
7511	8573
7462	8574
964	8575
5211	8576
8970	8577
6968	8578
3225	8579
3877	8580
4841	8581
531	8582
5566	8583
340	8584
2287	8585
6728	8586
9290	8587
375	8588
955	8589
6231	8590
1453	8591
8977	8592
600	8593
5998	8594
5751	8595
3764	8596
2259	8597
2463	8598
8520	8599
7735	8600
2741	8601
6570	8602
1551	8603
5006	8604
4103	8605
6741	8606
5232	8607
9350	8608
7911	8609
1824	8610
5583	8611
9297	8612
956	8613
4791	8614
2690	8615
28	8616
3235	8617
3238	8618
7922	8619
3462	8620
7190	8621
3471	8622
615	8623
3643	8624
5745	8625
1227	8626
2049	8627
4926	8628
8045	8629
2390	8630
3517	8631
4695	8632
9243	8633
2615	8634
3025	8635
4764	8636
7836	8637
4403	8638
2706	8639
4770	8640
3861	8641
6110	8642
7949	8643
2526	8644
4628	8645
1599	8646
5417	8647
874	8648
8570	8649
826	8650
6955	8651
682	8652
4492	8653
17	8654
6209	8655
4522	8656
1093	8657
6459	8658
4381	8659
2226	8660
9207	8661
6712	8662
7601	8663
6380	8664
6826	8665
3971	8666
3794	8667
270	8668
7135	8669
4101	8670
8313	8671
4048	8672
3040	8673
5796	8674
7946	8675
2124	8676
7842	8677
3940	8678
1132	8679
180	8680
1611	8681
6060	8682
7959	8683
8964	8684
2945	8685
1534	8686
5838	8687
2957	8688
1448	8689
4108	8690
5249	8691
1887	8692
1287	8693
8987	8694
8122	8695
490	8696
6113	8697
183	8698
11	8699
134	8700
8228	8701
678	8702
18	8703
8265	8704
5641	8705
2832	8706
3343	8707
325	8708
29	8709
1694	8710
3194	8711
5415	8712
6806	8713
5759	8714
4829	8715
6620	8716
5177	8717
4949	8718
1379	8719
7027	8720
8678	8721
3995	8722
211	8723
5675	8724
91	8725
3911	8726
3951	8727
3545	8728
2148	8729
4783	8730
6773	8731
6498	8732
7623	8733
4765	8734
4369	8735
8423	8736
7425	8737
5815	8738
2780	8739
5428	8740
5502	8741
5227	8742
4563	8743
8193	8744
5852	8745
2917	8746
4165	8747
221	8748
9252	8749
6848	8750
3770	8751
618	8752
1784	8753
9099	8754
6493	8755
371	8756
180	8757
4115	8758
4625	8759
5956	8760
8314	8761
3444	8762
277	8763
7660	8764
9213	8765
91	8766
3778	8767
3227	8768
5840	8769
3416	8770
402	8771
3535	8772
4611	8773
3468	8774
6101	8775
5858	8776
2550	8777
8301	8778
3483	8779
5155	8780
6088	8781
994	8782
6845	8783
9448	8784
936	8785
978	8786
3642	8787
4784	8788
1	8789
6541	8790
3378	8791
1321	8792
5833	8793
5571	8794
3591	8795
7926	8796
3853	8797
7811	8798
83	8799
388	8800
2960	8801
5229	8802
6037	8803
4031	8804
1699	8805
1144	8806
1241	8807
4569	8808
236	8809
24	8810
1407	8811
8772	8812
1040	8813
3035	8814
8401	8815
4782	8816
3380	8817
7041	8818
3732	8819
3340	8820
9466	8821
7832	8822
5236	8823
154	8824
5268	8825
358	8826
2551	8827
5905	8828
2158	8829
3113	8830
4019	8831
2029	8832
2532	8833
8348	8834
1327	8835
8983	8836
3457	8837
5963	8838
6305	8839
6781	8840
8328	8841
3773	8842
8260	8843
5742	8844
1320	8845
7102	8846
5646	8847
5362	8848
3744	8849
7743	8850
3479	8851
3439	8852
5505	8853
4712	8854
4062	8855
9471	8856
1828	8857
3496	8858
8288	8859
5622	8860
7139	8861
6	8862
4420	8863
3411	8864
7516	8865
8397	8866
3206	8867
8063	8868
8396	8869
8982	8870
2407	8871
6294	8872
3352	8873
345	8874
6905	8875
2618	8876
8247	8877
582	8878
4153	8879
3981	8880
4946	8881
3947	8882
7506	8883
3674	8884
2337	8885
7201	8886
9470	8887
7503	8888
8032	8889
225	8890
1980	8891
4028	8892
6354	8893
3222	8894
3351	8895
5672	8896
3031	8897
2522	8898
9571	8899
5124	8900
5769	8901
2585	8902
7188	8903
334	8904
3120	8905
9367	8906
6378	8907
3414	8908
8737	8909
8738	8910
7565	8911
8241	8912
8509	8913
7907	8914
2335	8915
3331	8916
863	8917
7737	8918
681	8919
5433	8920
523	8921
8102	8922
104	8923
2254	8924
2414	8925
9187	8926
471	8927
3864	8928
1252	8929
6479	8930
8996	8931
5113	8932
1335	8933
6383	8934
2682	8935
5035	8936
9310	8937
7569	8938
6562	8939
6250	8940
6255	8941
6212	8942
2206	8943
7396	8944
2054	8945
4243	8946
6515	8947
6875	8948
1279	8949
1146	8950
933	8951
7881	8952
7386	8953
1228	8954
1744	8955
8061	8956
3967	8957
587	8958
659	8959
3436	8960
3239	8961
7857	8962
9328	8963
7531	8964
5823	8965
3322	8966
274	8967
4780	8968
1495	8969
1047	8970
8259	8971
5135	8972
4735	8973
2050	8974
1563	8975
7128	8976
610	8977
2523	8978
3216	8979
4914	8980
9507	8981
1888	8982
9029	8983
3611	8984
1890	8985
1213	8986
5717	8987
719	8988
2304	8989
9112	8990
2104	8991
3348	8992
8884	8993
5964	8994
2705	8995
2174	8996
3237	8997
494	8998
2301	8999
1560	9000
2875	9001
7172	9002
6446	9003
218	9004
6075	9005
5810	9006
6170	9007
7659	9008
7073	9009
8643	9010
6297	9011
9392	9012
163	9013
3672	9014
9070	9015
314	9016
5891	9017
7934	9018
533	9019
1692	9020
8333	9021
1791	9022
9566	9023
6229	9024
381	9025
1439	9026
42	9027
707	9028
8071	9029
5857	9030
2109	9031
5299	9032
6595	9033
73	9034
7007	9035
4404	9036
2830	9037
9268	9038
8200	9039
5245	9040
1440	9041
3779	9042
8222	9043
8939	9044
3089	9045
8430	9046
7141	9047
2567	9048
5253	9049
5251	9050
4920	9051
4395	9052
8421	9053
6730	9054
1718	9055
2774	9056
8953	9057
1000	9058
1169	9059
6588	9060
1183	9061
5452	9062
3071	9063
4640	9064
4610	9065
6594	9066
1832	9067
2997	9068
3344	9069
1002	9070
7247	9071
8529	9072
8580	9073
364	9074
5960	9075
5770	9076
2684	9077
5107	9078
87	9079
2510	9080
165	9081
35	9082
7455	9083
8317	9084
118	9085
98	9086
4744	9087
5666	9088
5750	9089
9154	9090
6914	9091
282	9092
8957	9093
246	9094
4629	9095
717	9096
8467	9097
4166	9098
6870	9099
2343	9100
8095	9101
3366	9102
2910	9103
1640	9104
7518	9105
6053	9106
3306	9107
5634	9108
5748	9109
4785	9110
4087	9111
1901	9112
9434	9113
294	9114
1573	9115
6309	9116
4338	9117
4273	9118
3796	9119
9567	9120
3212	9121
7734	9122
209	9123
5813	9124
221	9125
3313	9126
3503	9127
5824	9128
754	9129
9503	9130
609	9131
7814	9132
1953	9133
5002	9134
6107	9135
9433	9136
8135	9137
1977	9138
3326	9139
63	9140
6651	9141
314	9142
8649	9143
3526	9144
62	9145
6962	9146
813	9147
3895	9148
2904	9149
3197	9150
6348	9151
9189	9152
8980	9153
3960	9154
1879	9155
4387	9156
8065	9157
2791	9158
46	9159
553	9160
8698	9161
5600	9162
2809	9163
4654	9164
4603	9165
3623	9166
3900	9167
3943	9168
9560	9169
4024	9170
3597	9171
1527	9172
4496	9173
1774	9174
3173	9175
8411	9176
4175	9177
1160	9178
7480	9179
1043	9180
6392	9181
2575	9182
8711	9183
4743	9184
2208	9185
8233	9186
2388	9187
23	9188
7403	9189
727	9190
7965	9191
8694	9192
6213	9193
4909	9194
6417	9195
7327	9196
4736	9197
8394	9198
4808	9199
1458	9200
660	9201
2248	9202
2660	9203
8952	9204
4177	9205
6314	9206
1866	9207
3455	9208
9175	9209
5147	9210
7122	9211
5183	9212
6987	9213
3902	9214
3564	9215
135	9216
384	9217
5208	9218
1363	9219
8656	9220
6327	9221
7956	9222
2915	9223
7015	9224
3588	9225
5420	9226
6997	9227
4044	9228
1168	9229
84	9230
8155	9231
8903	9232
5979	9233
685	9234
109	9235
6029	9236
1662	9237
2577	9238
3664	9239
912	9240
8170	9241
6299	9242
1246	9243
4246	9244
395	9245
7312	9246
8014	9247
1378	9248
1880	9249
5230	9250
2849	9251
4674	9252
2498	9253
4696	9254
5511	9255
4979	9256
7452	9257
5715	9258
2027	9259
5689	9260
2956	9261
2377	9262
2022	9263
14	9264
8264	9265
9042	9266
1965	9267
2553	9268
4636	9269
2357	9270
2032	9271
4095	9272
8508	9273
287	9274
279	9275
5359	9276
8303	9277
1253	9278
8492	9279
162	9280
8285	9281
5850	9282
7131	9283
8799	9284
2025	9285
9363	9286
1476	9287
233	9288
8719	9289
5517	9290
7730	9291
68	9292
3708	9293
1995	9294
7392	9295
2018	9296
6073	9297
3404	9298
6926	9299
7142	9300
7138	9301
564	9302
320	9303
3318	9304
2121	9305
9325	9306
6666	9307
33	9308
920	9309
9198	9310
5311	9311
9305	9312
9247	9313
3678	9314
8923	9315
901	9316
2222	9317
8650	9318
1165	9319
4982	9320
781	9321
6426	9322
495	9323
2091	9324
2557	9325
4124	9326
5772	9327
2621	9328
3592	9329
59	9330
380	9331
8869	9332
390	9333
4602	9334
8825	9335
9436	9336
4055	9337
5153	9338
2279	9339
7132	9340
885	9341
3383	9342
9017	9343
3675	9344
1922	9345
5621	9346
4418	9347
3941	9348
8417	9349
9361	9350
5159	9351
3266	9352
5676	9353
7619	9354
2171	9355
3186	9356
1608	9357
1634	9358
3633	9359
3527	9360
117	9361
8352	9362
3804	9363
8449	9364
6624	9365
2973	9366
8917	9367
2405	9368
3854	9369
1073	9370
4214	9371
6022	9372
7571	9373
14	9374
7163	9375
8672	9376
4378	9377
8323	9378
9422	9379
2992	9380
14	9381
3892	9382
7252	9383
1782	9384
815	9385
3713	9386
2760	9387
3357	9388
361	9389
6841	9390
1785	9391
1426	9392
5589	9393
5831	9394
7329	9395
220	9396
4568	9397
8145	9398
7666	9399
5523	9400
4821	9401
1848	9402
2197	9403
8234	9404
8630	9405
8638	9406
7892	9407
6222	9408
5333	9409
6230	9410
7890	9411
7886	9412
1834	9413
9362	9414
7380	9415
8353	9416
3478	9417
6767	9418
2261	9419
107	9420
6530	9421
9391	9422
7788	9423
7391	9424
515	9425
6554	9426
6670	9427
4546	9428
453	9429
4291	9430
6177	9431
7967	9432
9048	9433
899	9434
1461	9435
1701	9436
6531	9437
3169	9438
6199	9439
7113	9440
4616	9441
7731	9442
2154	9443
1583	9444
6158	9445
674	9446
6433	9447
3342	9448
1308	9449
3228	9450
8495	9451
9245	9452
1273	9453
444	9454
6796	9455
5747	9456
4721	9457
1651	9458
5241	9459
5740	9460
3142	9461
5138	9462
300	9463
237	9464
7296	9465
7215	9466
642	9467
5720	9468
941	9469
1685	9470
4030	9471
2370	9472
8778	9473
6049	9474
2101	9475
1790	9476
3576	9477
5846	9478
4786	9479
6195	9480
580	9481
8192	9482
673	9483
6282	9484
5052	9485
8734	9486
1459	9487
3052	9488
3168	9489
5519	9490
8282	9491
4968	9492
8500	9493
4071	9494
3363	9495
4813	9496
704	9497
4655	9498
2450	9499
1871	9500
5425	9501
4742	9502
7434	9503
554	9504
7286	9505
4727	9506
9155	9507
447	9508
8999	9509
5122	9510
952	9511
2436	9512
1365	9513
7595	9514
7147	9515
3263	9516
4704	9517
5484	9518
6337	9519
256	9520
4473	9521
6696	9522
2443	9523
123	9524
5880	9525
6951	9526
6667	9527
8059	9528
6499	9529
6626	9530
5058	9531
7151	9532
1455	9533
7970	9534
9228	9535
2730	9536
5820	9537
6634	9538
5580	9539
6478	9540
6106	9541
6851	9542
539	9543
5709	9544
138	9545
9332	9546
6682	9547
816	9548
4123	9549
7084	9550
6400	9551
7746	9552
856	9553
8035	9554
8029	9555
5038	9556
8895	9557
2686	9558
6635	9559
3717	9560
795	9561
9122	9562
1402	9563
9075	9564
8403	9565
6472	9566
6486	9567
3787	9568
3094	9569
483	9570
7278	9571
1219	9572
464	9573
2336	9574
9201	9575
8360	9576
9049	9577
6447	9578
4140	9579
7328	9580
4280	9581
4010	9582
8310	9583
4442	9584
3418	9585
4298	9586
4903	9587
8316	9588
5296	9589
8603	9590
8249	9591
3310	9592
2707	9593
2795	9594
3272	9595
7222	9596
5845	9597
5758	9598
4827	9599
4703	9600
2911	9601
8340	9602
8584	9603
8844	9604
9009	9605
1736	9606
5013	9607
636	9608
1275	9609
5300	9610
5680	9611
6807	9612
3244	9613
1277	9614
691	9615
4242	9616
8163	9617
5326	9618
4305	9619
4683	9620
299	9621
4245	9622
4874	9623
8826	9624
3307	9625
736	9626
6544	9627
2512	9628
8066	9629
3986	9630
1234	9631
6253	9632
4754	9633
2243	9634
4064	9635
2061	9636
855	9637
4303	9638
4645	9639
4464	9640
9199	9641
4958	9642
3201	9643
3398	9644
2620	9645
126	9646
916	9647
3372	9648
5237	9649
5198	9650
2943	9651
8368	9652
4415	9653
2573	9654
2036	9655
1761	9656
5659	9657
8617	9658
5721	9659
3701	9660
1702	9661
5567	9662
3497	9663
6172	9664
838	9665
7725	9666
5697	9667
6573	9668
9397	9669
3893	9670
4189	9671
4318	9672
7275	9673
9526	9674
3042	9675
5163	9676
2403	9677
3639	9678
2993	9679
4094	9680
1937	9681
1697	9682
7063	9683
2424	9684
497	9685
2263	9686
1831	9687
9300	9688
8450	9689
3449	9690
4549	9691
9120	9692
596	9693
7034	9694
8811	9695
8043	9696
1232	9697
6703	9698
1364	9699
2746	9700
9130	9701
4557	9702
882	9703
4757	9704
3897	9705
109	9706
1588	9707
2176	9708
5482	9709
1592	9710
2656	9711
775	9712
1614	9713
5001	9714
6973	9715
3926	9716
2397	9717
4357	9718
7428	9719
4410	9720
9578	9721
8127	9722
332	9723
8053	9724
9005	9725
9342	9726
9355	9727
5075	9728
688	9729
3176	9730
5410	9731
1550	9732
1854	9733
926	9734
1999	9735
8951	9736
5909	9737
3917	9738
2313	9739
5338	9740
8468	9741
7899	9742
8392	9743
3187	9744
3276	9745
128	9746
640	9747
8813	9748
944	9749
8166	9750
229	9751
9266	9752
6179	9753
8144	9754
6504	9755
6764	9756
2720	9757
2180	9758
8561	9759
6418	9760
9018	9761
8324	9762
8391	9763
383	9764
923	9765
309	9766
8304	9767
9418	9768
7674	9769
5746	9770
1725	9771
8363	9772
4480	9773
4447	9774
2112	9775
9406	9776
7844	9777
4799	9778
3837	9779
7958	9780
6322	9781
8902	9782
4525	9783
4541	9784
1008	9785
8395	9786
5869	9787
2491	9788
311	9789
52	9790
4241	9791
4961	9792
186	9793
7694	9794
5591	9795
1912	9796
1108	9797
1891	9798
8841	9799
3346	9800
7898	9801
1237	9802
5986	9803
2722	9804
4984	9805
366	9806
9316	9807
1325	9808
8105	9809
3049	9810
6719	9811
8242	9812
2213	9813
6325	9814
1746	9815
4469	9816
6018	9817
9200	9818
5116	9819
123	9820
1157	9821
5532	9822
8455	9823
7117	9824
26	9825
4136	9826
2633	9827
1102	9828
3644	9829
6298	9830
5718	9831
1155	9832
8558	9833
2968	9834
2131	9835
7928	9836
1745	9837
6139	9838
7523	9839
2509	9840
8268	9841
9269	9842
51	9843
4741	9844
2678	9845
442	9846
2606	9847
8409	9848
3423	9849
3641	9850
5160	9851
7567	9852
105	9853
18	9854
184	9855
512	9856
3458	9857
2083	9858
2144	9859
10	9860
2242	9861
1620	9862
9081	9863
301	9864
5422	9865
8093	9866
8705	9867
7782	9868
9536	9869
5811	9870
139	9871
287	9872
4832	9873
7419	9874
8216	9875
5342	9876
8293	9877
9460	9878
1658	9879
8209	9880
2631	9881
6402	9882
9441	9883
6837	9884
2799	9885
7942	9886
3256	9887
702	9888
7109	9889
7916	9890
4728	9891
4820	9892
7174	9893
8940	9894
2664	9895
5347	9896
7957	9897
9561	9898
4183	9899
226	9900
1567	9901
6681	9902
8758	9903
7554	9904
2818	9905
1045	9906
2042	9907
6264	9908
8501	9909
2106	9910
3724	9911
8169	9912
3687	9913
2274	9914
500	9915
7219	9916
1989	9917
7587	9918
1714	9919
3088	9920
5744	9921
6258	9922
4739	9923
6748	9924
7652	9925
4849	9926
2275	9927
4912	9928
3465	9929
6895	9930
5849	9931
575	9932
3722	9933
4040	9934
5203	9935
8596	9936
5408	9937
5306	9938
5985	9939
3010	9940
5712	9941
9051	9942
323	9943
5836	9944
9172	9945
7939	9946
6560	9947
6367	9948
1454	9949
4107	9950
1946	9951
5554	9952
2845	9953
7837	9954
6379	9955
7205	9956
288	9957
6357	9958
4609	9959
3761	9960
4661	9961
7068	9962
6567	9963
1150	9964
2931	9965
4536	9966
1034	9967
1193	9968
1464	9969
8078	9970
3143	9971
3005	9972
4515	9973
9137	9974
9492	9975
4706	9976
8721	9977
5023	9978
333	9979
4396	9980
4711	9981
397	9982
5101	9983
2787	9984
391	9985
2354	9986
6505	9987
8121	9988
1430	9989
4622	9990
7225	9991
4400	9992
2278	9993
4282	9994
3720	9995
9071	9996
2085	9997
47	9998
9162	9999
6743	10000
