126	2461	3	25.27
13	116	7	8.51
322	110	24	174.2
3259	12	5	16.72
1241	12	11	35.44
2020	380	10	158.3
4373	14	3	11.24
799	14	6	10.44
12	2342	3	4.44
102	403	8	24.17
111	218	21	125.81
1139	12	7	12.52
210	12	18	7.4
3364	12	3	5.99
2167	128	3	25.03
620	141	8	70.67
1520	105	5	28.51
1091	12	9	21.17
911	610	8	112.06
630	143	6	49.42
107	1313	3	15.07
984	228	13	171.57
2298	108	3	20.18
2983	14	3	8.62
7927	14	3	17.76
2321	14	4	11.84
5074	108	3	27.09
109	243	18	103.07
633	12	7	5.74
105	348	3	5.47
4107	101	3	15.9
104	3282	4	27.03
2844	12	7	28.79
142	130	4	10.57
103	155	7	6.47
107	933	3	12.94
249	102	8	15.75
270	14	11	9.39
108	589	3	11.78
1482	104	3	13.08
753	12	6	5.48
2722	12	3	5.14
354	12	31	80.85
7225	12	3	14.84
118	6645	3	34.77
6031	12	3	10.52
1834	12	5	9.67
3685	12	4	12.51
2613	12	5	14.68
158	6792	3	41.09
126	106	9	7.6
2718	160	4	43.77
12	1426	8	21.52
2	279	6	13.77
1963	206	4	44.31
105	209	8	19.15
922	14	5	8.24
2529	1112	5	82.82
58	895	3	21.31
281	647	5	51.34
1757	104	3	14.09
452	12	16	27.94
329	684	5	53.82
606	1251	3	36.52
3747	12	4	12.51
2931	101	3	13.16
3047	105	4	27.77
326	1783	4	48.73
138	182	3	10.81
209	101	8	7.59
140	2023	3	27.2
1257	14	6	15.41
103	508	3	6.48
1061	106	5	26.74
780	643	3	34.03
1711	1130	5	77.1
102	1003	4	13.56
2412	12	4	8.31
2782	12	3	5.14
529	1419	6	83.5
1508	12	4	4.8
131	169	3	8.26
585	12	9	10.09
129	152	11	52.68
12	4147	3	8.47
3175	575	3	42.02
129	323	26	242.73
2060	14	3	6.28
1072	14	4	5.71
107	1151	3	13.9
104	277	12	45.34
120	652	5	31.45
15	2920	7	120.37
169	364	3	18.81
106	300	7	23.89
106	104	25	6.45
1219	104	6	32.96
242	8	3	11.08
2326	104	3	16.07
4706	12	5	24.74
990	12	5	4.89
384	101	5	7.18
172	1419	3	27.46
146	187	4	18.1
163	8096	3	41.46
105	1744	3	14.63
243	108	3	6.35
12	714	6	5.12
2725	102	3	14.37
2915	545	5	77.29
3152	12	3	5.99
289	1068	5	56.91
2008	782	4	57.12
218	187	4	24.21
254	12	22	24.06
3168	12	3	5.99
102	1583	6	31.87
223	12	24	22.69
1020	1927	3	42.41
3197	12	3	5.99
104	447	3	6.47
1456	14	3	4.38
126	758	3	18.45
2	618	3	7.78
120	3259	4	37.12
133	173	3	8.54
3277	12	3	5.99
107	2699	5	39.33
12	4403	3	8.47
4154	12	3	8.47
247	3025	3	36.43
1190	4560	3	49.3
2691	14	3	7.7
128	923	3	20.07
2058	2	9	74.11
12	1040	18	81.43
168	190	6	35.27
6787	1356	3	56.86
1304	4798	4	75.53
7128	14	3	17.76
1255	12	7	14.29
2187	12	4	7.39
106	119	10	6.07
58	264	5	27.87
257	117	3	9.27
312	104	3	4.53
895	16	5	33.15
951	12	7	10.37
122	171	9	37.95
923	136	3	21.69
164	136	22	154.11
1464	7744	3	57.32
1101	12	5	5.76
13	251	3	9.44
5993	2073	3	55.15
550	14	6	6.53
734	140	23	285.34
126	634	4	25.22
119	218	3	8.51
2	607	4	12.33
45	1667	3	39.54
3997	4433	3	58.41
3871	14	3	9.76
176	127	4	13.05
891	1028	3	37.77
125	201	7	32.78
2257	12	5	13.08
2062	12	3	3.86
12	331	13	9.58
12	196	18	5
12	130	77	65.39
1683	104	12	109.65
105	1544	3	13.61
540	951	5	62.62
103	451	3	6.09
235	1291	7	84.4
151	58	3	8.05
2343	14	3	6.94
105	343	6	18.32
261	4647	3	39.71
163	371	3	18.61
2075	14	3	6.28
120	2749	4	35.59
2	157	15	33.25
5080	12	3	10.52
124	2043	5	47.15
108	1318	8	63.59
101	4681	4	25.09
622	5453	3	47.66
1957	14	3	5.72
2241	14	8	41.18
191	3409	4	50.42
177	209	16	137.24
12	448	9	6.4
1253	21	5	38.55
2741	12	3	5.14
107	1023	5	28.16
841	282	4	41.5
116	526	3	13.56
1909	143	5	51.35
113	284	3	8.69
113	180	6	17.57
107	4313	3	23.22
105	1242	3	12.76
2675	12	3	5.14
111	2400	5	41.94
3053	14	3	8.62
932	14	4	5.03
1928	14	3	5.72
244	13	3	9.11
296	2902	3	37.72
103	3800	3	18.56
396	2058	9	142.59
2190	102	3	12.8
1778	736	5	72.92
3779	104	4	28.94
902	1388	3	39.33
163	269	5	32.55
2783	104	3	16.92
534	12	8	6.38
123	169	7	26.24
3516	12	3	7.05
1667	12	4	5.92
135	143	20	124.31
129	434	5	31.55
105	295	7	21.31
1104	102	6	27.07
2	325	5	11.45
5734	14	3	13.36
12	179	139	660.43
2262	102	4	20.86
162	102	14	22.59
105	3805	3	19.69
610	326	9	106.78
1494	12	6	11.98
164	1898	3	28.58
2431	12	3	4.44
1858	668	3	39.69
1958	424	4	51.93
103	478	4	10.57
12	3030	4	10.76
1229	104	4	18.25
127	414	4	22.04
334	119	3	11.46
1292	3308	3	46.87
263	758	3	28.19
3836	14	4	16.25
2347	108	7	64.2
598	14	12	30.82
1721	14	3	5.22
397	112	3	10.69
200	257	3	18.25
200	213	3	16.59
515	830	6	75.88
2091	12	4	7.39
8076	1	3	36.64
2	715	3	8.78
3284	12	4	10.76
785	1666	4	56.62
889	12	6	6.72
3130	12	3	5.99
173	321	3	18.07
1840	14	3	5.72
1	45	11	98.15
192	610	3	23.64
210	9	5	20.73
12	941	20	91.12
107	344	4	11.52
1353	12	11	37.74
734	2337	3	41.82
120	3100	3	25.45
147	455	3	18.65
4163	12	5	24.74
124	3414	3	28.28
216	355	3	21.29
120	116	17	47.7
239	362	7	65.36
1406	409	3	35.01
2	517	5	15.92
3742	14	3	9.76
1051	2	3	10.65
425	14	46	272.46
113	119	11	18.33
2162	12	3	3.86
324	12	17	19.68
105	1245	3	12.76
4913	12	4	19.79
103	171	13	28.99
1124	12	5	5.76
497	313	4	37.96
134	117	7	15.82
3994	12	5	24.74
936	107	3	12.94
2253	2568	8	169.68
12	120	441	1775.6
108	506	7	37.33
2061	3233	3	50.09
1000	2804	7	123.91
170	501	3	20.87
225	674	3	25.91
3308	1827	3	48.81
4637	12	4	14.97
174	12	26	10.78
1159	12	5	6.26
2570	246	3	35.33
2168	731	3	41.06
6006	4983	3	62.87
418	574	3	29.28
132	111	18	58.98
104	415	4	10.07
547	2833	4	57.32
129	933	3	20.36
2117	14	3	6.28
2762	2	4	24.81
159	1310	5	49.46
8374	140	3	39.39
114	134	5	6.8
109	1810	3	18.39
231	984	3	28.41
4182	12	3	8.47
107	155	10	23.24
742	12	8	10.66
198	891	5	49.29
731	104	5	20.65
1948	14	3	5.72
275	14	14	17.47
167	2226	9	118.92
867	14	5	7.43
164	360	4	26.88
242	14	19	28.39
1362	14	4	7.45
335	2061	3	35.84
205	370	3	21.09
382	12	46	200.57
7330	12	3	14.84
106	180	4	4.65
439	12	14	19.52
5054	12	3	10.52
843	12	7	9.19
173	244	3	16.04
12	5620	3	10.52
147	2203	3	27.97
145	1101	3	23.93
1293	14	4	6.96
140	2837	3	28.82
1633	2	3	13.04
161	106	6	8.2
206	2009	5	58.3
12	955	10	22.36
6245	12	3	14.84
808	12	6	5.87
165	111	6	14.35
213	943	4	38.95
117	2784	5	46.84
4686	14	3	11.24
139	572	3	19.11
672	2104	3	40.36
1205	463	4	48.77
1022	206	3	27.46
327	802	10	128.46
12	8070	3	14.84
644	2702	5	77.06
12	1973	10	42.96
2821	104	3	16.92
7448	12	3	14.84
4219	228	5	75.5
105	838	4	16.38
1101	111	3	16.47
706	12	17	50.3
109	452	3	10.57
16	166	3	4.89
105	277	3	4.19
153	211	3	13.42
123	275	15	105.15
123	126	10	28.48
2834	102	3	14.37
232	6742	3	45.3
5799	12	3	10.52
12	131	263	993.38
128	417	3	15.08
175	119	7	25.76
996	1111	4	54.44
726	14	5	6.37
103	188	7	10.79
142	163	5	21.29
113	266	3	8.17
2	4880	4	35.81
271	108	4	11.61
2750	14	3	7.7
377	102	9	28.22
1845	2935	3	49.42
6700	12	3	14.84
372	111	4	15.63
3188	12	3	5.99
320	1235	5	59.32
2969	720	3	43.71
12	2957	3	5.99
112	177	9	32.03
304	126	4	19.04
434	409	3	27.67
102	674	3	6.34
456	102	3	4.44
102	809	4	12.08
12	212	72	227.44
430	105	17	99.39
2	173	10	17.95
3389	5639	3	59.05
16	9	8	14.79
480	1190	3	34.72
106	863	3	11.55
3785	14	4	16.25
368	13	3	12.06
2139	160	6	68.89
690	102	4	10.87
342	2	3	4.5
660	5012	3	48.08
1010	579	7	95.37
106	607	3	9.6
101	1103	3	7.03
126	567	4	24.21
6895	5417	3	67.37
7458	105	3	27.95
2018	12	4	6.6
2538	101	3	12.19
117	808	12	104.74
2272	12	5	13.08
4851	9	3	32
2922	12	4	10.76
907	668	3	35.36
793	984	3	36.88
3867	688	3	44.48
103	213	4	3.98
105	1171	4	18.97
1642	102	3	11.07
1631	14	3	4.78
3527	294	3	38.96
107	376	3	7.76
2976	14	3	8.62
12	904	9	17.97
12	972	5	4.89
111	130	8	14.17
128	2265	5	49.71
152	111	6	12.63
2488	12	3	4.44
198	4306	3	36.93
101	388	4	4.35
16	2323	8	84.34
106	105	25	8.55
1927	860	3	41.17
122	155	7	23.55
104	343	6	17.31
104	268	19	89.39
1188	14	4	6.51
3309	14	3	8.62
12	7860	3	14.84
15	2921	7	120.37
3532	115	6	67.63
132	125	4	7.1
110	112	11	10.12
104	385	3	5.68
12	1998	7	20.92
316	113	3	9.28
346	646	3	28.77
101	185	15	24.58
3711	12	3	7.05
1352	105	5	27.68
3294	101	3	13.16
236	105	49	336.15
211	118	4	12.79
2535	16	4	34.22
3593	12	5	19.51
102	168	10	11.86
2617	104	3	16.92
1206	101	3	7.35
111	532	3	12.03
373	656	3	29.44
114	162	4	7.25
392	12	14	16.32
1783	5597	3	53.88
13	1409	6	50.35
127	444	4	22.58
357	108	4	13.97
108	944	13	109.15
191	2936	3	33.96
176	103	5	4.27
1380	12	7	15.32
12	601	11	16.95
2131	348	8	119.71
111	2669	3	22.01
334	105	4	8.94
239	612	3	25.82
4906	105	4	37.27
119	146	9	31.08
668	8	5	34.82
158	336	7	52.91
16	694	27	306.67
6027	12	3	10.52
1556	1981	11	223.77
13	121	6	7.36
5841	14	3	13.36
610	1866	4	54.99
215	274	5	37.85
179	111	5	12.19
115	169	5	12.52
245	851	3	28.05
127	1394	3	21.95
104	295	4	7.44
560	104	9	42.86
102	4085	4	28.09
2673	107	5	39.33
117	141	8	23.41
707	104	9	48.22
1425	107	6	40.84
3480	12	3	7.05
128	954	3	20.07
589	104	7	30.38
161	130	3	7.73
6167	702	3	53.03
105	1834	3	14.63
2288	14	3	6.94
103	811	3	9.21
101	1312	3	8.09
2504	14	3	6.94
142	131	5	15.47
4699	12	3	8.47
999	12	5	4.89
142	265	4	21.82
309	264	4	32.2
5789	12	3	10.52
597	1	6	42.56
141	104	18	41.68
101	2270	3	11.36
3907	140	4	47.54
894	12	19	77.04
153	119	6	16.95
861	12	7	9.19
3451	2901	6	126.42
5552	12	3	10.52
2213	12	3	3.86
851	113	3	15.26
45	366	3	30.11
12	163	33	18.38
12	2	228	20.99
3064	12	3	5.99
1460	7018	3	57.32
116	223	3	7.97
12	119	68	12.6
198	278	19	195.51
247	1035	3	29.43
165	828	3	23.75
1797	14	4	9.25
134	116	5	8.06
4395	14	3	11.24
112	208	4	10.17
459	102	3	4.56
1762	14	3	5.22
842	14	6	10.92
2269	2	3	15.53
105	177	9	18.68
3029	12	4	10.76
7881	12	3	14.84
2	264	8	21.84
721	101	5	13.1
216	491	3	23.51
12	1307	9	25.4
6547	1442	3	57.32
58	607	3	18.95
118	263	6	27.86
113	120	7	6.9
142	144	4	13.42
558	14	5	4.08
380	121	3	12.59
1093	12	5	5.76
203	248	6	44.85
2300	12	3	4.44
205	1699	3	30.48
139	3118	3	29.77
121	111	11	17.85
121	306	3	11.17
3169	101	5	29.28
1212	105	3	12.37
102	590	4	9.62
1614	104	4	20.67
2357	1993	4	66.74
148	791	5	42.66
845	183	3	25.27
255	106	4	8.09
12	7833	3	14.84
104	245	10	31.12
126	2222	8	87.98
2281	319	3	36.39
12	5468	3	10.52
2994	4097	5	106.3
13	162	4	8.95
12	3345	4	10.76
101	168	9	4.88
580	859	3	33.77
2552	117	3	23.88
102	1539	3	10.6
371	110	3	9.53
126	726	5	35.83
115	347	3	10.58
132	156	3	7.51
938	285	3	29.89
495	339	10	117.4
1312	14	3	4.02
107	240	5	12.62
962	210	6	64.54
214	118	3	8.1
102	135	74	298.28
125	168	3	7.23
136	182	3	10.45
2544	12	8	39.59
616	116	6	38.05
125	215	3	9.78
143	312	4	23.54
468	1553	4	51.27
114	121	12	23.29
2163	14	3	6.28
16	675	28	309.39
186	135	5	22.55
454	12	9	6.7
1767	164	3	27.98
119	118	14	36.7
2817	12	3	5.14
575	12	8	7.06
366	2316	6	86.77
106	231	3	3.92
2555	339	5	69.85
102	541	5	13.32
5146	5244	3	62.87
1675	12	12	59.39
184	3282	3	33.54
206	2008	8	104.85
542	12	9	8.8
5431	1443	3	52.82
1698	105	3	14.63
103	338	4	7.76
1975	107	3	17.14
502	105	3	7.48
1611	14	3	4.78
109	126	6	5.47
530	14	6	6.01
131	305	3	13.66
157	316	5	33.57
135	414	3	16.57
2116	12	4	7.39
1083	9	3	20.34
129	592	4	25.77
103	1150	5	23.71
101	645	8	26.35
2746	102	3	14.37
505	273	3	25.64
406	659	3	30.15
270	126	3	11.83
3908	140	5	65.7
1461	14	4	7.99
420	113	3	11.08
249	127	4	17.4
3170	12	4	10.76
103	390	4	8.93
798	359	8	100.11
1949	12	5	10.64
897	12	5	4.15
276	6188	3	46.76
5034	14	3	13.36
131	183	7	33.47
5389	102	3	20.33
16	425	46	523.96
170	132	3	8.42
1901	12	5	10.64
105	505	14	80.08
101	898	3	5.91
805	3770	3	45.47
4114	104	3	20.71
256	2775	4	50.57
101	1102	12	67.54
105	1170	7	42.39
1	9	5	9.02
1295	104	5	26.02
142	119	8	24.91
1379	14	5	11.56
12	211	20	10.96
2	1562	3	13.04
12	144	179	661.84
164	3324	5	60.78
823	1409	5	72.34
658	1067	7	98.77
5736	12	4	19.79
1131	12	5	5.76
258	145	5	29.68
133	7954	3	37.84
12	1533	9	27.17
246	133	3	12.18
12	1999	6	15.41
612	12	13	24.45
396	1322	13	204.83
12	8268	3	14.84
2503	12	3	4.44
528	12	32	129.97
2046	629	4	56.22
4984	1361	4	76.13
725	2001	3	40.38
6069	107	3	25.43
5877	1387	4	76.13
103	902	4	15.3
217	733	3	26.17
253	659	4	38.31
105	1782	4	22.15
1984	14	3	5.72
12	2192	6	16.93
191	475	38	547.23
2592	12	6	21.05
104	191	5	6.13
1988	105	7	50.89
1265	319	6	74.83
1861	12	8	27.23
1474	104	7	44.68
7	7	12	137.84
101	438	11	34.73
296	693	8	93.9
125	1360	4	31.5
154	121	5	12.97
2243	14	9	53.27
257	102	9	20.21
12	1695	7	19.22
104	220	10	28.22
4743	140	4	52.54
126	2348	3	25.27
106	146	7	9.17
3626	104	4	28.94
121	182	3	7.08
3389	246	3	37.6
3613	12	3	7.05
444	12	24	61.67
108	781	3	13.46
12	924	21	103.94
357	504	11	133.51
659	1137	3	36.36
197	106	17	67.63
176	102	25	76.32
2847	6589	3	61.28
1144	14	4	6.1
3970	484	3	43.83
174	8227	3	42.18
1516	12	5	8.08
102	141	15	19.35
6391	12	3	14.84
2774	12	4	9.41
12	5338	4	19.79
178	1472	3	28.05
564	12	9	9.21
130	141	6	20.16
101	289	11	24.85
119	147	4	7.92
3105	3299	3	52.75
2019	14	5	15.07
104	547	4	12.08
344	5415	4	64.41
220	107	6	15.74
8	1027	6	50.03
601	331	5	52.36
3343	12	3	5.99
600	105	4	13.69
102	2443	7	48.39
959	9	5	38.42
1003	104	3	10.84
2975	12	3	5.99
420	203	4	31.46
102	765	3	7.16
512	14	8	11.43
57	3962	3	33.7
103	495	4	10.76
2881	14	4	13.01
103	345	5	11.84
142	132	9	38.01
113	163	4	7.09
401	533	10	123.19
104	5214	3	22.92
112	447	7	38.86
9	329	3	12.83
231	12	15	5.6
12	6561	3	14.84
170	119	4	9.98
1967	12	7	20.92
271	277	4	31.23
12	5983	4	19.79
5009	14	4	23.67
12	1075	15	55.38
326	1377	5	60.99
684	1823	3	39.31
104	3871	3	19.14
1331	466	5	65.18
154	128	5	16.13
190	235	7	52.03
102	1268	3	9.77
2185	110	3	19.85
104	177	12	29.18
7573	108	3	31.58
1509	14	3	4.38
229	482	3	23.96
130	150	4	11.32
4004	12	5	24.74
114	207	4	10.47
1122	12	7	12.52
102	150	26	63.72
606	2384	3	40.5
102	201	18	50.98
4672	12	4	14.97
661	14	5	5.49
107	124	18	38.32
555	14	8	12.6
107	172	5	7.39
21	58	6	13.8
113	411	3	10.96
188	13	3	6.89
12	5074	3	10.52
12	5030	3	10.52
116	111	9	9.58
270	101	5	4.13
12	157	32	13.69
2	6338	3	26.85
3824	12	3	7.05
101	733	3	5.03
105	245	7	18.2
553	174	6	52.46
104	2466	3	16.07
118	195	3	7.21
105	550	3	8.08
2630	12	4	9.41
170	118	6	19.13
771	12	13	31.83
12	7439	3	14.84
606	8	3	17.03
108	336	6	24.72
2705	12	3	5.14
108	185	5	11.35
101	1759	8	45.02
2287	575	3	40.12
266	102	4	3.97
103	156	6	4.47
140	1730	4	37.29
103	307	5	10.81
108	123	6	4.02
730	534	3	32.63
162	444	3	19.5
535	2	4	11.42
175	106	6	9.94
2176	14	4	10.85
7149	12	3	14.84
113	205	3	5.95
829	12	6	6.28
1761	12	10	39.03
807	658	15	239.14
172	2036	3	29.79
645	927	6	80.27
1072	101	4	11.2
1772	104	4	21.42
123	512	8	56.63
1286	102	3	9.77
1923	14	3	5.72
282	14	8	4.06
220	209	4	25.69
6047	6864	3	67.37
297	101	5	4.92
2426	12	8	33.49
103	457	4	10.2
5468	101	3	18.09
171	111	7	19.6
942	106	4	18.55
12	325	11	5.66
209	167	4	21.46
175	561	4	31.76
209	14	16	13.47
299	683	4	40.27
2381	285	3	35.65
521	3167	5	76.99
108	2270	4	29.79
15	3938	5	85.66
2096	12	8	29.93
3938	12	5	24.74
536	143	3	19.31
7897	12	3	14.84
1384	2768	3	46.27
101	5172	3	18.09
104	379	3	5.58
1007	12	5	4.89
4911	4939	4	93.52
278	490	9	99.2
106	501	4	13.5
102	1506	3	10.6
2491	102	6	38.23
508	161	4	29.39
101	529	10	33.23
1441	14	3	4.38
267	2151	4	48.62
478	112	3	11.88
145	912	4	33.09
3214	12	3	5.99
147	2150	4	40.13
3102	12	3	5.99
119	350	9	55.49
107	441	3	8.58
6773	7249	3	71.87
3135	12	5	16.72
168	443	6	48.6
550	101	4	6.64
104	505	5	16.51
119	217	3	8.41
316	12	20	27.8
3231	12	6	24.13
130	183	18	120.56
521	123	3	15.16
101	202	7	4.71
396	4048	5	82.38
504	2731	3	40.13
102	287	9	22.65
2676	14	3	7.7
140	1380	4	35.17
114	116	38	144.01
214	132	4	16.66
1533	106	3	14.68
1394	14	4	7.45
1929	12	5	10.64
104	1170	3	11.85
145	1913	4	39.1
107	139	10	18.95
1288	104	4	18.79
1269	12	4	3.91
804	105	3	10.27
149	119	4	8.17
150	1532	3	25.9
4527	12	3	8.47
107	569	5	21.87
5252	2072	3	55.15
587	102	3	5.66
12	2311	3	4.44
1096	108	5	31.5
554	102	4	9.18
102	1250	3	9.77
1242	2	4	18.09
2016	12	4	6.6
1132	12	5	5.76
215	12	34	47.94
219	119	3	8.51
105	445	3	6.95
103	1399	5	25.82
224	269	7	59.24
231	3847	3	36.98
212	143	4	19.3
1042	14	4	5.71
5075	108	3	27.09
2161	209	3	32.13
104	2107	3	15.33
120	1612	5	41.06
1573	12	4	5.33
345	107	7	27.81
105	1357	3	13.17
113	130	6	8.4
632	242	3	26.09
102	989	5	19.32
12	3146	3	5.99
103	526	3	6.77
137	2832	3	28.61
318	21	3	11.32
2896	4423	3	54.55
3684	12	4	12.51
398	1252	3	33.86
221	102	7	10.14
181	215	3	15.86
3998	1221	3	49.3
791	481	3	32.48
153	324	3	16.81
105	191	8	17.21
493	720	3	32.13
101	660	3	4.48
2195	105	8	64.59
368	104	6	18.57
966	647	6	80.97
1804	12	5	9.67
148	1138	5	45.94
12	7573	3	14.84
281	797	4	41.02
310	111	3	8.87
101	814	5	13.9
102	2114	3	12.8
277	285	8	75.56
105	220	10	29.9
12	3870	3	7.05
102	630	11	51.26
917	14	6	11.98
134	121	7	17.25
1378	12	4	4.33
128	205	3	9.78
126	7513	3	36.7
3872	12	6	29.69
175	196	3	14.36
102	2233	4	19.79
12	432	33	113.27
578	691	3	32.52
101	1688	3	9.47
174	1179	4	37.74
3608	247	3	37.67
103	225	9	22.71
337	106	5	15.03
687	108	3	12.77
101	7014	3	22.54
102	1655	4	17.3
124	3420	3	28.28
6249	2	3	26.85
109	221	3	5.82
549	12	19	48.59
3531	12	3	7.05
1130	228	3	29.03
102	1299	3	9.77
106	340	4	10.35
3924	12	4	14.97
439	203	3	22.06
272	500	7	72.82
144	126	4	9.69
115	305	3	9.93
489	102	14	65.64
613	14	7	10.47
107	1264	3	14.65
232	378	3	22.53
2	1852	4	21.55
518	102	5	12.8
1703	14	3	5.22
1233	12	6	9.55
152	136	3	8.15
160	7156	3	41.12
1212	104	3	11.85
101	1327	3	8.09
1338	12	4	4.33
114	128	10	22.22
2207	12	3	3.86
2649	4308	4	77.43
343	282	14	157.68
683	468	3	31.35
1956	12	5	10.64
476	112	5	24.97
219	127	3	10.32
3986	254	5	77.01
1979	12	4	6.6
867	12	6	6.28
140	519	7	56.22
1341	104	5	26.78
106	128	9	8.66
5558	12	3	10.52
3121	12	4	10.76
4054	12	3	8.47
402	157	4	27.24
121	237	6	26.82
798	629	7	93.75
102	525	6	17.79
275	12	18	16.82
111	310	3	8.87
12	877	10	21.28
1862	14	3	5.72
190	3859	3	35.06
120	2010	4	32.28
197	116	20	119.74
59	124	3	12.46
2585	14	3	7.7
892	2	3	9.76
2399	958	9	167.15
500	14	8	11.07
2365	12	5	13.08
187	567	3	22.85
102	187	15	34.54
102	271	5	6.85
133	379	3	15.2
111	414	4	16.43
12	5213	3	10.52
2986	12	3	5.99
1912	1164	11	212.86
119	127	11	31.05
2	771	3	9.01
137	1813	3	25.71
459	2	7	25.97
174	14	21	15.24
102	2127	3	12.8
1498	823	3	39.51
823	2	9	50.12
12	3685	4	12.51
383	287	3	24.44
105	283	4	7.86
1264	336	3	32.61
6944	141	3	39.69
3880	12	3	7.05
5603	105	3	23.47
8	1869	3	23.96
691	12	12	23.96
12	295	35	84.85
113	369	3	10.37
3144	5978	3	57.81
112	147	6	12.56
1418	3461	4	69.14
113	121	9	12.55
345	314	4	34.66
166	112	4	7.25
1267	102	3	9.77
2543	12	7	28.79
104	601	4	13
120	180	4	11.23
317	111	3	8.96
286	449	3	25.52
118	261	3	9.8
306	102	4	4.98
105	536	3	7.93
1937	14	3	5.72
421	108	3	9.84
105	433	5	15.96
131	112	8	15.21
12	1358	5	7.41
145	589	8	70.66
505	588	3	30.62
1346	14	5	11.56
6205	45	3	53.03
1361	346	4	47.02
757	12	10	18.48
135	562	5	36
246	2245	4	48.9
103	185	5	5.01
103	269	4	6.15
134	448	3	16.64
113	191	3	5.57
217	111	25	158.52
108	240	5	15.11
108	112	22	41.61
156	123	59	474.95
1439	108	5	34.48
159	2629	3	30.52
460	292	5	48.57
2025	140	9	111.9
5726	140	4	52.54
451	2809	4	56.02
12	134	145	330.26
3003	14	3	8.62
133	2210	7	76.18
175	369	5	37.92
104	1787	4	21.42
148	533	3	19.54
897	101	3	5.91
102	729	7	28.18
5311	12	3	10.52
515	12	8	5.75
1165	484	3	34.72
366	190	3	20.5
145	270	3	15.1
422	106	3	7.55
1519	14	3	4.38
106	431	6	23.39
251	57	4	22.13
132	253	4	18.67
3356	136	3	29.31
132	201	7	35.33
2055	12	3	3.86
119	178	3	6.51
2928	12	3	5.99
119	117	6	6.7
2299	12	4	8.31
516	954	5	62.04
107	253	3	5.26
2957	12	3	5.99
5596	104	3	22.92
1783	1823	3	44.88
2041	5182	4	80.06
675	14	29	171.72
191	4886	4	58.05
789	102	3	7.39
3960	4237	5	114.67
121	254	6	27.8
203	770	5	48.28
111	3065	4	33.88
979	104	3	10.84
673	1701	7	107.48
3063	12	3	5.99
104	315	6	16.37
104	145	30	102.8
115	214	21	132.28
127	3722	3	28.6
154	163	3	10.72
1890	108	4	27.76
384	113	3	10.6
106	229	4	7.01
1282	2352	4	63.17
105	3273	3	18.47
1692	101	3	9.47
616	106	10	58.23
125	137	5	12.85
314	2205	3	35.54
114	163	10	35.13
325	172	4	26.59
550	5021	3	46.9
2383	2	3	15.53
741	102	4	11.45
104	384	3	5.68
316	16	3	10.25
5790	5142	4	93.52
117	1265	3	19.08
3005	12	4	10.76
132	377	3	15.11
674	143	4	29.98
2379	12	3	4.44
115	271	7	32.87
124	1293	3	21.2
101	389	5	7.18
3362	837	3	44.5
634	492	6	71.48
1347	4427	3	50.13
126	4364	4	43.95
102	495	5	12.55
121	126	7	14.08
1313	1577	3	42.81
103	825	3	9.46
1567	14	4	8.58
974	695	5	66.31
292	1715	3	33.79
12	1079	5	5.76
2346	12	3	4.44
1549	894	3	40.3
172	766	5	45.06
2808	12	3	5.14
133	817	3	19.83
106	1886	3	16.29
441	2	3	5.89
2922	14	3	8.62
116	394	3	11.78
157	186	4	19.16
12	1156	7	13.36
105	2767	3	17.46
104	639	4	13.51
120	147	4	7.97
563	12	18	43.58
163	306	3	17.26
2465	464	7	108.82
271	232	4	29.28
2276	105	9	83.88
848	159	3	23.32
8	2535	4	38.02
4966	117	3	29.94
383	201	3	21.23
12	3827	4	12.51
105	249	7	18.51
7125	12	3	14.84
1695	695	9	147.97
427	721	3	31.1
2	176	9	15.92
3233	14	3	8.62
401	3872	5	77.19
102	3301	3	15.36
4497	14	3	11.24
107	781	5	25.13
293	102	4	4.7
6122	378	3	49.05
5401	104	4	36.53
108	450	10	59.56
647	276	3	27.28
1433	12	4	4.8
12	162	28	9.55
117	903	3	17.03
12	103	1962	9455.15
162	118	13	58.42
580	1137	6	80.82
861	14	7	14.87
4783	1300	3	51.93
105	1510	4	20.71
526	132	4	25.12
2242	14	6	24.38
153	121	3	5.01
163	508	3	20.37
1230	915	3	38.8
1860	12	9	34.46
1475	104	7	44.68
102	5236	3	20.33
2591	12	4	9.41
3829	12	3	7.05
120	233	5	19.79
1671	117	4	30.7
109	111	12	11.04
2684	9	3	25.93
2	521	3	6.81
108	1466	3	17.14
224	112	3	6.96
107	5462	4	39.89
3422	108	3	23.29
1193	161	4	36.59
1028	14	4	5.71
126	2860	3	26.14
14	58	24	5.81
142	134	12	59.61
2119	14	3	6.28
1	58	14	61.77
1207	14	5	10.27
1339	101	3	8.09
2046	359	5	67.5
6242	293	3	47.28
12	549	19	48.59
12	6611	3	14.84
325	441	3	26.07
568	274	3	26.31
2288	12	3	4.44
12	7125	3	14.84
605	423	6	68.92
329	1351	12	178.71
1904	2	3	14.15
104	174	5	4.53
1270	107	6	38.82
509	741	6	74.19
106	207	5	9.1
154	131	5	16.95
101	426	4	4.86
13	119	9	16.41
135	633	4	27.92
1208	7165	3	56.03
976	12	6	7.72
343	164	16	154.07
102	1586	3	11.07
2	697	5	19.39
3213	744	6	101.59
119	149	3	4.7
104	470	3	6.73
176	163	4	18.8
107	287	3	6.07
1283	12	10	29.37
1976	12	4	6.6
2	329	8	25.44
206	2869	3	33.44
101	692	4	8.22
8	2254	4	36.75
786	14	4	4.18
1834	14	3	5.22
2584	14	3	7.7
3136	12	3	5.99
270	12	15	9.73
906	164	3	24.27
1318	12	6	11.08
12	159	24	4.03
102	4274	3	18.13
2660	209	5	63.41
1715	14	7	25.66
4568	236	3	38.9
101	1709	3	9.47
1322	2	13	104.7
2478	14	3	6.94
103	305	3	3.92
400	101	5	7.35
483	105	3	7.34
273	107	3	5.78
1214	12	9	22.44
2	446	6	19.81
131	338	3	14.24
751	9	3	18.24
122	141	6	16.4
582	164	3	21.41
212	624	4	35.57
111	1394	3	17.65
109	600	6	32.99
104	231	9	24.65
934	5085	3	50.15
117	204	4	11.78
1304	6190	3	56.43
129	3306	4	40.48
210	14	32	65.7
358	604	4	40.91
107	474	5	19.96
175	756	12	135.81
952	101	5	15.27
152	141	3	8.9
102	406	7	19.31
111	219	3	6.41
102	576	10	42.25
325	198	8	69.43
2530	12	7	28.79
1122	101	3	7.03
1791	12	6	14.11
107	170	7	14.2
547	355	3	27.84
2766	437	4	55.63
104	433	8	31.73
302	102	7	15.12
4172	14	3	11.24
2563	12	8	39.59
2	2565	3	16.38
111	1190	6	43.16
111	1138	3	16.47
274	105	3	4.19
110	244	3	6.71
169	284	8	61.99
147	796	5	42.48
12	3328	4	10.76
223	14	12	7.32
13	129	4	4.84
265	102	8	16.99
102	156	8	5.51
111	444	4	16.96
2083	7211	3	59.65
890	102	3	7.88
105	1922	3	15.21
254	14	10	6.04
112	726	4	21.71
114	106	60	184.03
107	336	3	6.88
737	12	7	7.69
1359	105	8	53.96
2274	424	3	38.24
1487	12	5	8.08
104	1397	5	26.78
424	3618	3	41.37
2860	12	3	5.14
137	722	5	39.94
167	1618	4	39.59
7426	12	3	14.84
117	111	11	15.82
1768	202	4	43.32
108	4498	4	37.11
101	376	14	47.01
5827	14	3	13.36
990	14	6	12.57
2967	14	3	8.62
649	12	8	8.66
7087	12	3	14.84
788	3451	6	108.43
3417	12	6	29.69
144	111	4	5.14
105	516	5	17.62
4642	12	5	24.74
2	483	3	6.39
157	126	3	6.66
585	14	9	17.15
810	106	4	17.43
294	758	3	28.95
222	772	4	38.14
156	110	13	45.3
108	172	4	6.23
305	557	8	89.86
2412	14	3	6.94
335	247	3	22.22
103	150	9	10.76
4673	12	3	8.47
103	201	6	8.68
974	8	3	19.98
6540	12	3	14.84
4790	12	4	19.79
12	5043	4	19.79
2193	12	3	3.86
103	507	3	6.48
102	662	6	20.77
12	149	171	649.98
137	1228	4	33.74
3310	254	3	36.58
5039	14	3	13.36
16	115	7	6.68
3275	12	3	5.99
297	12	20	25.56
105	145	18	46.92
1027	9	6	49.39
383	141	3	17.12
922	12	9	17.97
7875	12	3	14.84
123	317	10	64.67
108	241	3	6.29
2741	14	3	7.7
156	115	10	35.4
752	797	6	80.88
849	1717	3	40.56
6589	3143	3	62.31
2206	12	4	7.39
177	145	3	11.14
102	947	3	8.15
213	293	9	80.96
169	2341	3	30.33
135	500	4	26
147	553	3	19.77
2	563	6	22.31
157	321	3	17.1
262	126	3	11.6
428	113	4	17.05
3963	354	3	41.74
2996	12	3	5.99
332	214	5	40.02
118	414	4	19.27
3300	12	4	10.76
410	203	15	162.35
167	5862	3	37.2
2343	12	6	18.76
678	896	3	35.28
108	420	3	9.84
12	193	114	487.73
3240	57	3	30.87
102	225	9	17.47
125	204	3	9.23
214	134	3	11.31
107	216	8	24.57
1395	107	7	49.21
1129	105	18	167.86
198	803	3	25.61
2414	12	6	18.76
966	101	5	15.78
1545	12	8	21.52
132	141	8	31.68
184	2265	3	31.65
102	3747	5	35.95
302	133	4	20.51
169	233	4	22.8
119	219	10	51.92
783	293	4	41.13
225	322	3	21.21
105	2630	3	17.46
150	143	23	163.09
612	16	3	14.25
101	152	20	27.81
130	285	3	13.09
211	102	10	19.2
504	2729	3	40.13
106	121	9	4.69
3248	14	3	8.62
4741	140	4	52.54
509	637	5	57.7
7840	14	3	17.76
126	4348	4	43.95
1879	14	3	5.72
951	14	8	20.83
2072	286	4	49.4
104	249	4	6.04
224	2492	4	47.91
796	104	20	161.29
101	4784	3	18.09
198	1649	11	149.68
2549	12	4	9.41
3603	12	3	7.05
446	12	26	73.97
4416	12	3	8.47
2274	101	3	11.36
111	261	3	7.78
107	2698	4	28.86
133	121	4	5.61
2804	2263	5	91.72
126	3586	3	28.4
12	2309	3	4.44
1970	303	7	96.77
124	349	6	35.07
222	102	5	4.84
2916	1008	3	45.4
2904	140	4	42.99
127	106	10	10.38
1840	12	7	20.92
7227	12	3	14.84
1969	105	4	22.98
235	684	5	49.57
367	164	11	98.93
122	185	3	7.56
106	267	5	12.55
1026	101	5	16.32
1469	12	13	57.31
1998	105	3	15.21
101	493	5	9.3
627	8	3	17.22
1102	1444	3	41.1
8	129	5	10.7
158	456	4	28.47
225	112	4	11.36
1187	14	7	19.46
388	266	3	23.86
3045	3018	5	97.92
2734	128	3	26.66
13	105	12	6.71
474	1699	3	36.91
101	155	27	53.54
114	130	6	8.83
114	196	3	5.89
125	155	3	6.43
2124	14	3	6.28
108	978	4	22.26
4578	14	4	18.78
213	518	4	33.85
1494	14	6	17.24
2431	14	3	6.94
12	2927	3	5.99
134	120	5	9.2
108	569	3	11.61
2308	12	3	4.44
1133	12	7	12.52
1661	943	3	40.6
663	102	4	10.6
534	14	5	3.88
3516	14	3	9.76
2642	14	3	7.7
105	470	5	16.87
120	119	8	13.67
282	136	8	53.97
131	317	3	13.85
3088	12	5	16.72
109	171	9	27.36
2140	12	4	7.39
110	1797	3	18.59
203	235	14	127.93
932	12	8	13.97
128	505	3	16.21
108	139	8	15.83
102	1038	3	8.74
1393	14	4	7.45
1179	57	3	24.61
2675	14	3	7.7
4492	12	3	8.47
3167	12	7	34.64
172	610	3	22.13
102	4275	3	18.13
2599	14	3	7.7
210	598	7	70.27
166	2986	3	32.08
108	137	6	8.79
1457	14	3	4.38
120	163	5	13.82
133	3389	3	29.54
4337	14	3	11.24
256	518	5	47.58
237	5673	3	41.13
771	14	5	6.7
185	254	3	17.57
141	159	80	831.82
4463	12	4	14.97
3198	12	3	5.99
5961	104	4	36.53
184	145	5	24.45
12	3992	3	8.47
105	417	4	10.73
4845	3169	4	83.96
3118	12	3	5.99
303	1721	3	33.97
5682	12	3	10.52
6480	16	3	33.96
101	794	3	5.44
786	101	4	9.37
102	1990	5	26.36
174	16	4	9.09
2968	12	3	5.99
4632	837	3	47.33
2	6283	3	26.85
1264	254	6	71.33
108	1287	6	42.11
1094	5959	3	51.15
129	6098	3	37.51
234	188	9	71.45
753	101	3	5.23
102	761	4	11.75
167	3825	3	33.39
1229	175	5	50.19
2781	12	3	5.14
12	666	15	36.53
619	597	4	45.58
3533	12	4	12.51
150	5927	3	35.93
12	2539	8	39.59
283	623	3	27.41
165	186	3	13.18
680	2268	4	58.19
397	183	16	169.35
106	566	10	55.4
8096	12	3	14.84
281	101	13	32.47
696	12	6	4.78
267	1100	3	30.31
109	599	5	25.54
3748	12	3	7.05
720	276	3	28.18
1372	242	5	57.32
923	14	4	5.03
403	263	3	24.11
101	538	9	28.41
198	4282	3	36.93
103	611	3	7.56
952	14	8	20.83
166	796	5	44.91
4939	14	3	13.36
1024	752	7	101.18
8247	12	3	14.84
3256	105	7	65.23
4388	12	4	14.97
2513	12	3	4.44
3639	12	6	29.69
713	9	8	65.39
1470	12	4	4.8
3590	104	5	40.28
12	4354	5	24.74
102	2797	3	14.37
137	723	3	20.65
4967	108	4	42.11
132	387	3	15.23
107	1285	4	22.06
853	14	5	7.43
219	102	20	67.49
386	2075	3	36.96
157	706	3	22.21
651	3244	3	42.81
1063	435	9	124.97
102	1178	5	21.12
106	162	5	5.46
2251	684	3	41.35
3686	12	5	19.51
200	221	3	16.99
13	196	4	11.66
2535	9	4	37.59
2874	12	3	5.14
132	186	3	9.63
1661	579	4	52.85
119	102	91	285.72
5812	14	3	13.36
136	14	32	17.94
243	106	3	4.28
348	529	3	27.56
916	2783	3	44.06
5	598	3	37.41
1036	14	4	5.71
1092	181	5	50.5
3467	12	3	7.05
133	415	6	39.99
102	306	6	11.48
218	135	4	18.31
12	207	16	3.94
172	4358	5	70.05
1521	105	13	114.01
3363	12	4	10.76
209	12	18	7.22
2087	282	3	34.8
160	108	6	11.97
151	257	4	22.34
666	102	3	6.34
278	917	3	29.63
109	391	4	14.99
1057	12	5	5.3
180	12	23	9.7
16	16	116	743.44
3052	12	6	24.13
131	171	3	8.42
1923	12	4	6.6
939	12	9	17.97
538	342	4	39.32
120	212	4	13.12
145	574	3	19.9
153	531	3	19.85
829	14	8	19.23
448	102	3	4.33
105	568	5	18.45
403	670	4	42.73
1388	14	3	4.02
416	102	4	7.09
120	5956	3	30.5
156	109	31	161.04
1892	12	6	15.41
2176	12	3	3.86
1240	12	5	6.8
355	14	12	17.52
2043	1876	3	46.76
368	102	6	13.89
109	390	3	9.57
888	12	6	6.72
16	59	11	65.55
1990	104	6	39.75
107	645	3	10.78
859	12	6	6.28
1435	14	3	4.38
112	163	3	3.92
134	132	4	8.95
105	1610	3	14.1
657	125	4	25.69
1841	14	3	5.72
203	4984	4	58.59
111	719	6	37.22
107	1021	5	28.16
2	489	4	10.82
1186	12	5	6.26
2	354	10	38.05
120	189	5	16.68
2090	12	7	22.95
4467	1253	5	94.8
208	1883	3	31.3
106	621	5	21.44
247	5870	4	61.36
196	102	14	31.87
197	1612	4	42.21
12	1729	9	31.57
115	152	11	39.59
5149	12	3	10.52
904	571	7	94.53
664	104	11	62.38
508	428	7	79.91
102	434	3	4.22
148	4549	3	33.55
111	143	5	8.07
714	4162	5	89.22
102	478	10	38.65
228	118	3	8.7
167	1648	7	79.53
107	215	21	105.36
107	140	7	9.33
117	479	4	20.14
149	121	5	12.44
5568	181	3	38.51
992	2394	5	79.82
117	360	7	39.04
165	304	3	17.24
2676	12	3	5.14
1755	12	10	39.03
105	2124	3	15.87
121	512	4	21.47
422	104	3	6.12
800	12	9	15.42
102	1383	3	10.17
322	1	3	12.88
504	2730	3	40.13
295	111	3	8.54
1422	12	10	33.44
189	2414	3	31.88
119	121	5	5.1
284	1335	3	32.1
2553	2131	8	165.95
1564	490	3	36.68
148	3549	3	31.97
534	598	3	31.32
130	125	67	495.28
272	102	13	40.66
101	112	29	6.98
3182	102	3	15.36
755	104	6	27.65
2593	12	4	9.41
104	562	4	12.3
3697	12	5	19.51
1818	136	10	118.99
1854	12	8	27.23
101	2969	5	29.28
1265	359	3	33.26
12	738	23	95.77
176	118	5	15.13
4343	12	4	14.97
192	918	4	37.63
626	310	3	27.96
698	929	4	50.43
511	1785	3	37.39
1924	753	3	40.63
875	14	4	4.73
303	572	13	162.59
102	125	34	61.31
103	614	4	12.28
496	160	16	167.72
275	112	5	18.79
1501	228	3	30.7
12	875	7	9.76
16	1677	7	63.01
161	143	3	9.78
2361	105	4	25
5319	12	4	19.79
5570	4430	3	60.64
104	308	4	7.86
140	584	7	58
1026	14	4	5.71
102	3590	3	16.57
1281	413	5	62.95
819	5823	3	49.29
108	1415	3	17.14
12	1304	4	3.91
549	14	16	48.48
4023	524	3	44.32
7961	12	3	14.84
101	916	3	6.16
2032	12	8	29.93
591	111	3	12.71
135	397	5	32.46
2920	12	7	34.64
2063	12	5	11.76
266	119	3	10.03
2791	105	5	36.06
743	575	4	46.58
231	227	3	18.76
1250	108	3	16.27
107	749	3	11.87
5968	14	3	13.36
1378	14	3	4.02
12	116	175	220.62
109	1195	3	16.09
102	631	3	5.99
213	443	3	22.65
917	12	5	4.5
908	326	3	30.73
2653	105	6	46.95
1010	293	5	56.47
3247	12	3	5.99
2186	12	3	3.86
16	57	6	14.87
108	1228	3	15.88
214	116	4	12.17
12	2403	5	13.08
12	2523	5	14.68
2710	584	3	41.18
21	45	6	41.56
167	1907	3	28.82
4483	12	3	8.47
2484	133	3	26.41
260	12	78	367.97
487	2336	4	55.15
1025	278	5	56.32
279	104	12	45.67
1965	12	4	6.6
1442	14	5	12.3
237	1428	4	44.15
592	140	27	325.97
12	3431	3	7.05
133	1396	3	22.87
144	187	3	11.69
12	980	5	4.89
1195	12	5	6.26
1506	4985	3	52.82
2067	242	3	33.56
2452	14	4	11.84
121	110	9	10.5
4848	2	3	22.38
1093	14	4	6.1
175	134	8	40.09
103	221	13	40.95
103	169	12	24.4
118	143	4	7.4
199	111	3	5.4
1089	105	3	12.02
566	127	6	41.92
170	102	24	66.75
2	396	29	194.15
442	2	5	14.5
2035	102	3	12.8
220	231	4	26.95
1762	12	5	9.67
174	101	11	9.85
101	599	3	4
367	922	3	31.72
1789	558	5	69.67
153	162	3	10.46
102	845	7	30.11
809	12	19	70.35
1232	151	5	46.99
134	180	3	9.82
181	112	8	27.84
12	121	75	22.54
105	3750	4	29.67
156	387	4	26.82
188	261	3	17.96
897	14	4	4.73
109	1348	3	16.91
162	146	3	10.06
107	763	8	48.7
2202	105	5	32.82
1426	12	4	4.8
105	2994	4	27.77
1832	12	11	47.73
1419	326	7	92.96
297	113	3	8.94
879	102	3	7.88
101	6914	3	22.54
101	827	4	9.69
1489	108	3	17.14
5951	14	4	23.67
150	4355	3	33.7
530	12	7	4.02
131	155	4	11.96
2497	12	3	4.44
128	1261	3	21.83
12	1290	11	35.44
301	284	5	43.28
120	196	4	12.02
1694	12	4	5.92
226	101	9	12.15
2871	12	5	14.68
262	269	4	30.8
107	1737	3	16.55
540	4660	3	44.49
1668	117	3	21
418	2018	3	36.67
2758	2716	5	93.5
1311	101	6	25.31
2366	14	4	11.84
159	639	4	31.3
561	102	6	18.46
127	263	10	64.03
599	231	6	59.94
102	477	12	51.24
496	210	11	117.26
247	9	12	77.65
12	2240	5	13.08
1046	12	6	8.28
596	102	3	5.66
2	858	3	9.5
702	102	5	16.16
168	447	3	20.05
104	568	4	12.3
118	2345	4	34.04
124	1424	3	22.08
119	229	17	109.67
386	1630	3	35.13
12	2123	3	3.86
3627	14	3	9.76
537	106	6	26.15
454	14	13	28.07
1385	14	4	7.45
2704	102	3	14.37
1936	12	6	15.41
4162	12	5	24.74
1088	107	11	85.81
1542	1295	3	41.88
211	107	6	14.9
4904	658	3	48.08
102	223	10	20.92
785	2283	3	42.33
3080	12	7	34.64
192	2189	4	44.6
325	12	16	16.89
1247	12	10	29.37
114	119	14	30.16
139	511	5	36.07
804	102	5	17.38
58	329	4	22.36
3083	282	3	37.46
1962	164	7	82.48
154	119	6	17.22
4866	12	3	10.52
895	12	9	17.06
8	247	12	78.94
3955	380	3	42.32
127	132	3	4.17
104	1610	3	13.56
12	974	6	7.72
2212	12	7	22.95
12	4417	3	8.47
6827	12	3	14.84
7817	12	3	14.84
860	12	6	6.28
1086	668	3	36.36
1735	105	3	14.63
1206	12	7	13.36
330	455	3	26.36
2118	12	3	3.86
998	12	5	4.89
219	1326	4	42.47
12	823	6	6.28
132	126	4	7.19
110	305	5	18.67
6	2041	10	196.39
16	679	4	22.48
196	364	4	29.89
1704	105	4	22.15
13	131	8	19.37
1029	12	5	5.3
198	1376	3	28.67
104	1106	3	11.49
180	111	6	16.93
101	2424	3	11.36
465	159	7	58.62
548	12	10	11.52
788	190	4	36.26
4841	787	4	71.9
103	513	4	10.95
2823	12	4	9.41
3479	12	3	7.05
9	118	4	3.93
841	164	6	56.65
2571	12	3	5.14
309	102	5	8.14
142	121	4	7.71
148	3068	3	30.73
111	839	3	14.92
105	577	3	8.25
163	112	6	14.8
5043	108	4	42.11
1906	492	8	123.49
109	255	7	27.31
2656	12	4	9.41
311	678	3	28.7
7871	105	3	27.95
120	146	4	7.97
428	12	30	91.87
362	12	28	68.38
2608	12	3	5.14
3594	12	5	19.51
2	4848	3	22.38
1602	8	3	22.81
135	583	3	18.74
126	2655	3	26.14
135	532	3	18.03
739	530	5	59.92
120	106	12	10.2
1436	108	3	17.14
12	1184	16	71.75
109	112	9	5.56
273	102	5	6.96
2196	14	3	6.28
1562	2	3	13.04
2637	12	6	21.05
103	168	10	17.1
105	1172	4	18.97
124	4249	3	29.86
151	111	6	12.58
134	157	3	8.03
1708	12	4	5.92
1003	102	9	47.23
267	1400	3	31.51
12	245	61	202.77
109	1119	4	23.47
5306	108	3	27.09
126	161	27	180.17
2	6274	3	26.85
1849	299	3	34.48
1726	104	6	38.29
3444	12	4	12.51
118	596	3	14.85
105	308	3	4.89
169	265	3	16.56
119	148	3	4.61
745	571	7	91.62
13	120	5	4.65
4247	14	3	11.24
1676	102	3	11.59
440	3676	4	59.08
956	974	4	53.06
485	371	4	39.33
114	211	3	6.6
1516	14	3	4.38
289	900	4	42.13
149	207	4	19.48
2921	12	7	34.64
1753	101	3	9.47
107	288	6	19.77
117	214	5	17.76
605	424	4	42.24
1262	136	3	23.46
107	436	3	8.58
1298	242	9	116.04
128	3515	5	56.66
140	398	4	24.96
126	4196	4	43.95
102	1280	4	15.45
144	214	5	26.59
115	171	3	5.03
484	3596	3	42.24
489	118	3	13.84
4531	12	3	8.47
132	480	3	16.57
117	981	3	17.64
892	646	4	49.11
6087	14	3	17.76
138	163	3	9.33
359	14	10	12.13
116	132	4	4.54
160	9	3	6.58
1307	12	9	25.4
102	725	3	6.94
8314	12	3	14.84
153	214	3	13.53
355	105	5	13.86
1342	12	4	4.33
230	12	15	5.6
643	101	6	16.19
313	150	4	24.26
2	165	9	13.43
2	301	16	71.35
102	3296	3	15.36
1239	504	10	149.91
4875	108	4	42.11
16	2	57	144.68
1884	174	3	29.3
1707	14	3	5.22
180	364	3	19.98
3146	107	5	41.52
492	105	4	12.14
2845	105	7	59.23
2070	12	3	3.86
2377	12	3	4.44
113	271	4	13.24
349	416	3	26.08
625	14	13	36.7
102	472	3	4.56
208	161	13	99.32
121	147	4	8.13
127	141	3	5.72
12	948	5	4.5
5153	12	3	10.52
3414	426	6	99.8
596	12	8	7.43
1932	101	4	15.96
1672	3435	4	70.61
702	12	10	16.88
101	515	4	6.08
130	472	4	24.07
2929	492	6	96.19
2625	115	8	90.2
101	261	5	3.87
1917	14	3	5.72
295	102	10	27.75
104	393	4	9.62
667	970	3	35.68
119	182	3	6.91
163	4385	3	34.73
107	205	11	38.27
413	12	10	7.34
2523	12	5	14.68
107	249	12	51.84
8241	12	3	14.84
2669	12	7	28.79
616	115	4	21.43
102	121	19	10.86
336	14	13	19.24
129	1664	3	24.05
1882	14	5	15.07
1247	102	3	9.77
107	158	6	9.2
475	8	10	78.03
2	3386	3	18.61
165	146	3	10.25
2589	12	3	5.14
2577	656	4	58.88
13	168	7	23.72
598	107	6	29.32
272	111	6	24.08
111	1178	3	16.84
237	1509	6	72.36
200	205	4	23.73
2049	2383	3	48.2
756	3045	5	81.28
2211	14	5	16.26
246	14	12	9.6
370	1292	3	33.5
122	331	9	56
514	104	3	7.14
122	196	4	12.71
504	3148	6	96.19
766	276	6	66.23
103	727	3	8.74
513	189	3	22.39
101	1185	3	7.35
1614	12	5	8.83
3959	105	3	21.26
102	596	7	24.59
3457	12	3	7.05
3424	108	6	63.17
161	152	3	10.4
2385	14	3	6.94
217	208	9	72.07
545	14	9	15.66
253	116	3	8.95
1659	102	3	11.07
1678	14	4	9.25
169	3524	4	48.08
1128	12	6	8.89
287	107	22	133.25
12	374	18	27.98
109	117	8	6.34
8004	12	3	14.84
109	178	3	3.95
12	1134	17	76.59
4029	12	3	8.47
224	116	3	8.08
168	4328	5	69.62
1382	14	6	16.28
5338	14	4	23.67
1751	14	12	71.03
327	136	4	22.47
2	258	4	5.78
488	203	4	32.84
5874	12	3	10.52
140	2422	3	27.95
107	743	4	17.87
116	119	7	8.94
341	104	3	4.85
376	21	3	12.46
567	106	3	9.08
429	14	7	6.35
400	105	7	25.84
4949	1	4	48.87
216	363	3	21.63
7641	12	3	14.84
4464	12	3	8.47
273	12	14	8.05
12	1316	8	20.09
195	361	3	20.46
3723	14	3	9.76
140	976	7	66.17
3018	4467	5	106.3
434	206	6	53.19
1972	1371	3	43.97
103	163	6	5.15
3189	104	4	27.03
175	214	5	30.63
102	2362	3	13.53
244	12	18	12.51
1360	12	4	4.33
547	1875	3	38.33
12	494	8	5.46
104	1705	3	14.09
1863	342	3	35.37
4572	104	3	20.71
5412	6595	3	67.37
787	5638	4	71.9
590	141	5	38.2
102	719	7	28.18
145	5908	3	35.62
112	126	14	36.17
112	275	9	44.48
101	621	13	56.37
2454	102	3	13.53
4048	2	5	44.76
628	161	6	52.33
16	131	7	13.83
4618	12	3	8.47
1058	1638	3	41.25
655	471	3	30.91
130	262	11	74.93
2	641	3	7.97
12	2032	8	29.93
225	121	5	19.81
339	349	3	24.68
1045	14	6	13.2
155	102	12	14.76
191	6394	3	43.52
1505	12	6	11.98
290	162	3	16.86
723	12	6	5.12
1643	12	4	5.33
102	143	32	85.57
308	101	5	5.26
1898	2220	3	46.76
121	118	5	4.9
103	804	3	9.21
102	462	5	12.08
102	514	4	8.58
275	21	3	10.31
943	14	4	5.03
197	112	7	24
6362	3928	3	65.14
119	405	4	19.32
3221	14	3	8.62
115	121	9	14.68
117	1531	3	19.96
104	123	29	58.69
3039	830	4	62.71
5373	12	4	19.79
1416	12	5	8.08
122	249	5	21.78
106	151	5	4.51
190	101	15	25.37
2651	12	3	5.14
104	185	10	22.94
148	3202	3	30.73
154	123	3	5.69
16	2266	3	22.54
129	821	3	19.78
7130	744	3	53.27
4103	303	3	40.73
228	14	19	25.49
1344	14	3	4.02
120	1992	4	32.28
127	135	8	27.18
6929	101	3	22.54
1445	12	5	8.08
4017	535	3	44.49
149	111	5	8.78
517	12	23	65.49
124	198	3	8.91
125	134	14	59.41
1724	524	4	52.9
105	1933	3	15.21
1449	2	3	12.56
998	102	4	13.56
1153	206	3	28.19
101	192	8	6.09
101	134	24	26.15
3161	129	3	27.97
1422	116	3	19.68
110	157	4	5.63
327	810	7	83.4
1215	105	7	42.39
1742	12	4	5.92
186	143	3	11.61
119	111	18	43.51
189	12	33	33.1
1290	107	5	30.15
140	673	5	39.1
103	1279	3	11.66
991	326	3	31.05
106	916	5	25.62
627	1009	3	35.25
2	224	12	37.04
559	14	5	4.08
2	172	21	66.41
239	149	3	14.43
2	124	12	8.64
3895	14	4	16.25
548	102	3	5.21
3492	14	3	9.76
12	138	235	1029.49
718	102	3	6.94
1627	14	4	8.58
102	2450	3	13.53
290	718	3	28.7
390	118	6	33.15
160	12	36	21.54
3390	12	3	7.05
207	265	3	18.86
583	2465	3	40.31
3066	107	3	20.41
2057	12	10	49.49
456	101	4	5.43
134	507	3	17.24
103	145	12	18.83
1295	12	7	14.29
927	12	7	10.37
5268	209	3	39.84
192	190	3	15.2
1368	14	3	4.02
108	281	3	7.35
195	1298	5	52.83
12	392	35	114.81
2698	14	3	7.7
841	167	3	23.93
7152	14	3	17.76
195	378	3	20.81
178	3490	3	34.27
4797	2	3	22.38
1794	14	4	9.25
1413	102	3	10.6
3237	12	5	16.72
754	3104	3	43.96
3148	12	3	5.99
197	214	3	16.5
3164	12	4	10.76
2239	12	6	16.93
117	107	12	11.04
8202	14	3	17.76
103	655	3	7.92
1080	2638	5	82.82
102	1326	3	10.17
154	115	7	19.66
168	139	7	34.03
872	12	21	95.98
57	680	3	21.41
525	496	3	29.91
16	788	6	41.07
2106	12	4	7.39
132	340	4	21.29
2127	104	5	31.91
119	12	67	11.64
1234	12	10	27.68
101	277	5	4.22
1173	108	7	50.78
1735	14	4	9.25
111	591	3	12.71
125	277	7	39.5
111	440	4	16.96
2458	14	3	6.94
3435	439	4	59.08
1081	16	13	126.12
4099	107	5	49.87
2077	12	6	16.93
108	936	5	29.75
12	3017	3	5.99
12	3121	5	16.72
1543	12	5	8.08
292	5885	3	42.78
969	4622	3	48.23
2778	12	3	5.14
318	101	7	11.48
1653	12	5	8.83
12	204	78	244.21
959	129	3	20.67
102	2463	3	13.53
686	108	4	19.39
494	579	5	56.42
6281	2	3	26.85
1670	627	4	54.41
1068	14	5	9.18
1169	102	3	9.4
180	102	24	74.66
4280	12	3	8.47
1512	12	4	4.8
235	468	11	119.92
1618	12	6	12.98
101	635	3	4.15
7870	2743	3	61.28
378	887	8	102.81
212	135	3	11.71
604	1412	3	37.41
224	262	4	28.79
791	108	3	13.71
131	121	4	5.52
156	106	9	17.34
108	220	3	5.64
175	112	3	4.66
167	6056	4	55.62
103	324	3	4.22
7867	105	3	27.95
103	205	14	41.84
4976	368	3	44.43
101	1728	5	21.59
247	741	3	27.41
434	164	5	38.07
7196	12	3	14.84
2580	12	3	5.14
1939	14	3	5.72
3132	14	3	8.62
253	102	8	16.09
103	106	26	5.44
3204	688	3	43.24
362	108	6	26
928	113	3	15.83
427	2207	4	52.89
108	3769	4	34.49
1787	2083	3	46.16
494	107	6	26.82
110	768	3	13.87
108	1206	3	15.88
210	1830	8	103.5
3934	6773	3	65.14
2979	14	3	8.62
1041	14	4	5.71
151	102	17	29.15
303	1107	7	87.14
201	1766	5	56.9
4651	2691	5	104.09
103	351	3	4.63
112	270	3	8.29
623	2110	3	39.94
104	1758	8	57.89
117	1012	3	17.64
126	1374	3	21.74
224	1832	3	31.68
111	477	3	11.57
265	214	3	19.3
2015	12	4	6.6
176	110	20	97.73
682	14	5	5.77
1099	108	6	40.38
1496	14	5	12.3
2429	14	3	6.94
326	490	5	50.23
158	328	3	17.29
1115	160	13	157.65
163	975	4	35.31
605	3749	3	43.64
12	3231	7	34.64
4767	12	4	19.79
111	1194	6	43.16
2048	12	7	22.95
201	107	46	302.58
1270	12	4	3.91
105	1065	8	48.9
58	9	3	4.64
4889	12	4	19.79
4168	12	3	8.47
242	178	3	16.62
102	1341	3	10.17
272	374	5	45.19
278	326	4	33.03
4402	14	3	11.24
507	121	3	14.19
4056	211	3	37.72
107	470	8	39.79
2644	14	4	13.01
172	235	7	48.79
121	217	3	8.58
319	12	11	5.44
264	16	3	9.12
111	223	3	6.57
2192	104	7	51.79
101	1125	4	11.64
2091	2	3	14.8
3572	14	3	9.76
111	6057	3	28.07
634	133	6	45.37
172	1125	6	61.2
122	594	3	15.61
104	2852	5	35.14
224	980	3	28.28
1956	104	3	14.67
1316	12	9	25.4
154	507	4	28.63
143	109	8	17.59
143	237	3	13.86
746	306	3	29.22
187	455	3	21.72
12	6806	3	14.84
1008	2	3	10.33
107	247	6	17.69
117	127	4	4.01
107	418	3	8.21
7002	206	3	44.02
152	131	7	27.79
445	1095	5	62.5
2939	1498	4	67.21
101	7441	3	22.54
2049	847	4	58.81
12	3489	3	7.05
4085	107	4	34.9
2095	12	3	3.86
1039	12	6	8.28
150	495	4	28.2
1224	160	6	60.29
119	440	4	20.03
1116	161	4	36.07
140	960	3	22.53
199	102	8	10.65
135	513	3	17.87
667	104	8	39.36
170	111	5	10.97
127	1944	4	34.83
120	169	3	5.86
650	368	3	29.44
124	1776	4	33.54
126	537	7	50.37
2800	12	3	5.14
698	164	5	43.32
571	12	8	7.06
102	2227	3	12.8
3381	1208	5	88.67
441	276	3	24.89
253	121	3	9.85
142	204	3	12.19
103	283	4	6.6
12	2668	3	5.14
102	636	4	10.09
118	1227	3	19.01
780	1062	3	36.95
103	366	3	5
936	14	5	8.24
304	102	4	4.88
346	5790	4	64.41
102	2429	3	13.53
460	530	6	68.5
3623	12	3	7.05
12	114	682	3254.09
802	136	6	50.85
106	2319	3	17.69
6234	12	3	14.84
437	12	9	6.11
124	2033	3	24.39
2646	12	3	5.14
102	1908	4	18.86
130	839	3	19.87
153	156	4	15.65
2494	1878	3	47.52
105	123	22	37.5
13	746	3	16.48
146	2363	3	28.73
510	828	11	157.37
267	102	10	25.37
195	140	3	11.43
126	125	8	21.47
6206	299	3	47.37
2053	6	10	196.39
211	599	3	24.58
105	185	7	12.78
2708	12	3	5.14
2598	12	3	5.14
368	12	10	5.96
4995	12	4	19.79
2324	101	4	17.92
108	550	7	38.97
293	113	3	8.86
859	102	5	17.82
108	245	5	15.33
1228	14	8	24.8
9	14	78	100.61
1598	110	5	36.1
103	196	17	55.36
103	130	10	6.94
5784	105	3	23.47
102	875	3	7.88
502	12	8	5.46
1963	585	3	38.88
148	3852	3	31.97
7252	107	3	29.92
323	118	4	17.06
102	7981	3	24.79
1443	107	3	15.52
157	147	3	9.76
109	134	6	7.73
2388	534	5	73.3
106	172	5	6.28
106	124	11	12.08
58	316	3	14.84
664	14	6	8.39
1086	2081	3	43.43
2016	104	4	22.26
164	2676	6	74.02
144	117	3	3.96
127	201	4	14.7
3462	606	3	43.64
3429	285	4	55.22
587	14	6	7.09
6385	14	3	17.76
1086	627	7	98.66
1630	584	3	37.72
101	1424	3	8.51
846	14	6	10.92
12	2426	9	44.54
3273	12	3	5.99
107	315	3	6.62
6230	105	3	27.95
124	139	11	45.01
3320	293	4	53.54
101	2945	3	13.16
910	117	3	17.33
110	119	21	53.17
3244	12	5	16.72
101	327	5	5.62
2225	12	3	3.86
3767	21	5	52.96
105	645	3	8.96
857	12	6	6.28
109	1078	7	49.34
173	2844	3	31.42
102	3110	3	15.36
107	190	7	17.09
804	113	3	15
101	1546	11	68.25
133	344	4	21.55
314	2397	3	36.29
111	187	14	64.08
2901	1229	7	126.77
102	414	5	10.83
12	2355	7	25.46
12	2303	5	13.08
6255	1450	3	57.32
12	2184	6	16.93
471	161	5	38.59
2240	4163	5	102.31
8	110	6	5.9
158	534	4	29.76
101	379	5	7.02
1326	107	10	80.76
111	7674	3	32.56
5182	2529	4	82.43
448	810	9	119.96
12	1345	15	74.24
301	304	3	23.1
1053	14	4	5.71
2403	108	9	94.79
498	454	3	29.12
337	125	3	13.16
4255	104	3	20.71
3421	3475	3	55.23
8366	133	3	37.84
396	610	3	29.4
108	295	4	12.34
949	101	4	10.4
1480	361	3	34.16
352	1721	3	34.98
1786	12	4	5.92
12	322	22	35.27
293	111	3	8.54
815	104	3	9.75
849	2098	3	41.84
6412	45	3	53.03
3229	14	3	8.62
935	14	6	11.98
105	215	9	24.12
109	395	9	48.73
5004	228	4	60.35
2	286	5	10.22
833	12	6	6.28
452	104	7	26.82
381	117	4	18.34
101	2481	3	11.36
5332	12	3	10.52
3560	12	3	7.05
5394	12	3	10.52
2744	12	3	5.14
3666	12	4	12.51
767	12	7	8.16
105	168	5	4.65
673	254	3	26.87
109	499	7	37.84
2	197	6	8.44
2591	108	3	21.04
583	772	3	33.42
116	106	22	34.09
12	240	70	260.65
12	156	32	13.32
278	1783	3	33.35
331	143	3	16.1
732	12	7	7.69
615	12	23	79.84
103	157	19	50.12
112	439	3	11.32
108	343	5	19.12
4739	14	3	13.36
108	192	3	4.5
120	167	3	5.8
1722	108	7	57.46
1098	206	5	52.2
756	4250	5	89.65
109	102	66	104
126	559	3	16.37
1419	2782	3	46.74
2492	12	6	18.76
606	3767	5	81.53
129	105	42	143.58
393	286	4	35.02
2065	12	3	3.86
339	107	7	27.57
105	1064	4	18
12	3563	3	7.05
124	4013	3	29.86
3881	102	3	16.57
106	213	6	13.48
101	431	8	19.73
472	1237	3	34.57
665	14	5	5.49
7544	174	3	42.18
102	460	3	4.56
275	177	3	17.55
117	207	5	17.06
2030	12	3	3.86
1118	12	5	5.76
2605	885	5	80.51
1880	12	4	6.6
12	745	9	14.68
1241	104	4	18.79
2188	12	3	3.86
1252	12	4	3.91
107	173	6	10.66
440	111	13	88.1
143	227	3	13.47
3893	195	5	67.28
5013	14	3	13.36
2879	1393	3	46.27
150	223	3	13.82
919	12	9	17.97
167	764	4	33.68
104	361	3	5.29
744	606	3	33.37
2155	12	3	3.86
302	12	15	12.46
1161	116	3	18.41
2632	14	3	7.7
153	1626	3	26.57
389	102	7	18.75
3672	14	5	24.29
232	530	7	70.14
117	128	5	7.05
850	210	6	62.58
3657	606	6	104.54
104	1372	3	12.64
5021	8076	3	67.37
4105	12	5	24.74
2222	104	4	23.2
1300	12	6	10.28
1451	1185	4	58.22
7249	5412	3	67.37
900	12	5	4.15
155	1201	4	35.91
122	266	6	29.37
695	2493	3	41.58
251	2	28	146.92
190	437	4	31.11
509	881	7	92.01
2857	14	3	7.7
225	107	4	7.9
12	2017	4	6.6
104	408	6	19.51
110	265	4	11.93
12	615	22	73.12
3334	12	3	5.99
107	248	3	5.14
114	199	5	14.43
125	108	6	5.07
138	250	3	13.67
420	190	4	30.74
12	2984	6	24.13
1276	2106	3	44.21
4174	101	3	15.9
105	1491	3	13.61
134	169	3	8.73
657	117	8	57.87
102	1909	3	12.16
785	6210	3	53.78
937	1672	3	41.15
5713	14	3	13.36
12	1555	8	23.15
1120	14	5	9.71
119	776	3	16.73
110	1031	3	15.58
372	314	3	24.84
1320	753	3	38.51
954	14	5	8.24
827	108	4	21.05
361	4350	3	41.97
3254	105	3	18.47
941	105	17	138.15
102	1043	4	13.99
217	313	7	60.79
102	959	3	8.43
103	284	7	18.5
103	180	9	16.87
112	512	7	40.71
4159	14	5	29.59
108	209	6	17.68
244	113	3	7.51
103	129	12	10.99
6448	2	3	26.85
140	1707	3	25.92
142	112	4	5.31
130	1817	3	24.14
1975	14	4	10
958	606	3	34.74
1439	12	4	4.8
2754	12	3	5.14
9	101	26	20.4
259	105	5	10.61
351	12	12	8.93
1472	12	10	33.44
157	146	3	9.76
3562	558	4	61.01
163	121	4	9.61
123	385	3	13.36
184	123	5	17.6
12	3848	3	7.05
1182	14	4	6.51
4895	2948	4	83.96
6294	6592	3	71.87
123	134	4	6.78
133	1746	3	24.38
515	108	3	10.95
147	161	48	444.28
1716	12	4	5.92
2460	104	5	33.39
12	333	52	211.75
2510	12	5	13.08
2876	12	3	5.14
743	107	3	11.64
138	157	4	14.04
1444	8	3	22.31
101	3717	3	14.36
155	127	3	6.67
1092	108	13	115.76
1102	524	6	79.71
1059	12	8	15.66
102	117	16	4.36
306	8004	3	47.56
3990	12	5	24.74
1519	105	5	28.51
130	117	20	80.62
2043	1434	5	82.56
101	251	6	5.74
105	779	3	10.02
2275	136	6	66.34
163	980	5	46.69
299	1435	3	32.83
2006	126	3	23.85
126	708	4	26.4
537	14	5	3.88
226	742	4	38.05
1792	14	3	5.22
1981	1912	11	234.94
3270	108	3	22.06
8	115	7	11.72
12	1861	8	27.23
1162	557	4	50.1
1502	106	3	14.68
1554	542	4	52.36
122	119	16	49.71
3072	104	4	27.03
165	350	13	119.58
12	2306	3	4.44
2145	12	3	3.86
1273	12	5	6.8
107	568	8	42.56
117	229	3	8.39
105	588	3	8.42
101	1078	3	6.72
104	4543	5	45.67
660	101	3	4.48
2210	12	3	3.86
104	645	5	19.16
126	1210	6	51.43
2245	12	4	8.31
120	1401	3	20.05
5926	12	3	10.52
1	2	26	49.89
137	3079	3	29.63
103	266	6	13.11
411	1310	3	34.55
191	2277	9	130.99
129	1153	3	21.72
12	5056	4	19.79
1725	14	4	9.25
3296	12	3	5.99
2362	12	3	4.44
12	187	36	40.85
4731	12	3	8.47
1063	671	3	36.01
401	5736	3	44.93
1866	493	7	104.71
105	334	6	17.93
7441	6291	3	71.87
278	937	7	82.98
4681	2495	3	53.68
132	250	3	12.23
256	663	5	50.5
168	527	4	30.39
3490	104	3	19.14
102	1394	5	22.55
544	986	3	34.32
13	141	3	3.96
1266	101	3	7.71
114	221	4	11.42
198	2515	3	32.21
1070	105	8	48.9
114	169	5	11.62
6376	12	3	14.84
487	957	3	33.34
143	141	8	37.14
7439	108	3	31.58
2265	1787	3	46.92
850	160	10	105.99
393	1535	3	34.63
2939	1613	3	48.26
1411	12	10	33.44
3482	107	6	59.85
2540	12	3	5.14
121	146	5	12.11
896	210	6	63.2
1750	12	5	9.67
101	565	4	6.64
237	1166	8	98.65
106	226	4	7.01
1381	12	5	7.41
122	180	6	22.48
7433	293	3	47.28
4633	767	3	46.79
104	215	8	18.4
1932	14	4	10
3249	14	3	8.62
109	2518	3	20.4
1446	12	5	8.08
2639	12	4	9.41
1833	104	3	14.09
179	118	3	6.54
120	6955	3	34.99
760	12	7	8.16
2745	12	3	5.14
1427	104	3	13.08
104	168	9	15.25
107	487	4	14.38
648	107	10	61.87
519	2356	5	73
121	106	16	20.81
1197	129	3	21.72
152	129	3	6.96
108	2615	5	42.09
1021	129	4	30.53
102	444	5	11.43
3948	102	3	18.13
2378	14	4	11.84
103	879	3	9.72
2919	325	4	54.44
2	2049	3	14.8
117	386	7	40.18
105	3236	3	18.47
1599	12	10	35.97
107	308	6	20.82
1568	12	4	5.33
150	306	4	24
110	196	3	4.91
104	346	3	4.93
106	376	5	16.43
145	294	4	23.24
6338	1008	3	54.96
110	634	3	12.56
256	254	4	29.76
145	174	5	22.97
180	127	4	13.58
2	316	16	73
1066	12	6	8.28
4044	12	3	8.47
2796	105	5	36.06
105	288	6	16.18
193	685	4	35.12
151	117	4	7.73
166	354	7	55.19
188	12	35	38.05
4683	12	3	8.47
138	211	4	18.43
562	14	5	4.08
108	6665	3	31.58
2524	14	8	47.35
103	119	39	82.92
103	173	8	11.32
5462	12	4	19.79
224	117	3	8.33
104	2607	4	25.52
101	1063	9	41.81
2	4797	3	22.38
1649	101	12	83.17
5878	104	3	22.92
1835	703	3	39.54
101	2142	3	10.65
107	1836	4	24.73
2200	12	8	29.93
102	651	3	6.16
880	12	6	6.72
337	477	3	26.86
430	323	12	141.11
2365	2523	3	49.83
191	637	3	23.84
4348	14	3	11.24
2633	14	3	7.7
235	3923	4	55.61
12	241	73	283.81
982	2	8	44.98
128	188	46	407
2604	14	3	7.7
381	134	3	15.73
131	531	4	25.12
150	692	4	31
109	353	5	19.82
2	272	13	49.04
101	622	3	4.15
1314	12	5	7.41
2050	9	3	24.3
277	164	3	16.49
12	5801	3	10.52
332	117	9	53
211	782	3	26.13
118	187	3	6.96
1017	12	6	7.72
955	2382	3	43.19
2835	102	3	14.37
611	102	5	14.46
1235	110	3	16.29
695	325	8	95.75
2525	140	6	69.87
2148	545	8	127.81
222	1964	7	90.98
624	14	5	4.97
577	463	4	42.69
728	3468	4	63.56
107	940	15	124.7
314	208	3	20.13
108	277	3	7.2
156	211	3	13.74
156	144	15	95.56
2493	198	3	32.21
4934	9	3	32
133	761	3	19.58
118	1617	3	20.79
2098	12	3	3.86
166	117	3	5.28
140	1842	3	26.52
112	452	3	11.59
707	12	6	4.78
2691	128	5	51.49
222	182	3	16.37
124	4842	4	48.78
1060	14	5	9.18
1140	14	4	6.1
2738	115	3	23.25
1430	695	7	105.52
140	469	11	97.19
105	1071	5	24.96
298	106	5	13.83
106	256	3	4.62
102	1335	6	29.69
3597	139	3	31.01
560	12	10	12.01
2408	12	3	4.44
119	255	4	15.19
167	763	3	23.4
2668	12	6	21.05
132	232	6	31.25
408	12	12	11.73
388	150	4	26.15
1509	107	4	23.28
7967	101	3	22.54
2677	108	3	21.04
101	121	33	26.48
828	108	20	193.11
106	405	3	7.32
143	123	5	12.68
926	14	5	8.24
102	261	16	55.14
2146	14	3	6.28
661	107	5	23.54
370	148	4	25.64
59	348	3	23.99
1428	12	4	4.8
5916	105	4	37.27
165	118	6	18.33
6043	12	3	10.52
4543	2134	5	100.81
1417	5341	4	76.77
1893	206	6	73.04
149	112	5	9.23
132	195	6	27.84
110	106	153	707.08
1330	14	4	7.45
205	140	8	47.15
595	643	5	59.58
378	136	7	50.11
148	3534	3	31.97
499	12	11	12.96
2466	12	3	4.44
106	111	12	4.46
122	233	3	9.47
7086	12	3	14.84
2453	104	4	24.27
4564	105	4	32.28
2342	830	3	42.6
311	296	7	66.84
158	429	8	67.36
115	134	4	4.7
144	102	9	5.7
679	1250	3	37.36
348	190	4	28.97
6085	2252	3	60.41
3344	102	3	15.36
117	102	31	33.22
117	161	5	12.79
1002	14	6	12.57
1578	12	5	8.83
532	12	7	4.02
102	415	8	24.5
152	105	6	5.46
17	9	4	21.85
12	2246	8	33.49
2387	5895	3	55.91
310	1288	4	45.61
594	102	8	30.38
2085	5393	3	55.15
722	14	6	9.55
113	257	4	12.66
177	126	4	12.8
963	188	5	49.74
330	758	3	29.61
281	4353	3	40.2
690	14	8	15.98
212	126	3	9.8
101	953	4	10.4
109	207	4	8.84
5613	104	3	22.92
131	117	4	4.81
109	148	6	10.92
1239	278	4	44.53
104	644	3	8.46
16	6480	3	33.96
4669	12	3	8.47
292	136	3	14.47
3143	8359	3	62.31
479	209	7	66.67
3372	2	3	18.61
368	113	3	10.37
112	183	3	5.17
207	132	3	10.41
456	14	9	13.14
3752	5299	3	59.05
293	12	15	11.8
138	119	4	6.9
2130	12	4	7.39
102	2601	3	14.37
107	701	3	11.41
1102	2624	3	45.07
103	327	4	7.53
12	2695	7	28.79
2416	556	3	39.94
1409	14	5	12.3
474	140	27	304.64
177	137	3	10.27
2380	4145	3	53.68
1253	12	4	3.91
12	507	11	12.96
2189	12	3	3.86
107	1028	5	28.16
267	368	6	56.12
126	455	7	48.02
109	145	4	4.55
1286	12	4	3.91
131	119	10	29.02
3279	12	3	5.99
4508	12	3	8.47
4774	3546	3	59.05
981	183	5	49.36
102	1768	4	18.04
469	102	3	4.56
130	7086	3	37.6
1772	14	5	14.04
848	14	5	7.43
2323	2053	7	134.08
711	102	9	40.61
2445	14	5	17.65
1512	14	3	4.38
296	582	3	27.19
1618	14	3	4.78
162	1465	3	26.79
565	647	3	31.9
12	1599	7	17.75
2	184	5	4.96
2064	12	7	22.95
366	203	6	50.85
234	173	3	15.71
12	253	26	36.09
102	2462	3	13.53
105	1415	3	13.61
12	3072	3	5.99
1653	14	3	4.78
4740	14	4	23.67
136	102	10	5.43
107	192	8	21.83
12	762	18	60.67
164	1590	4	39.27
165	219	6	37.82
126	3277	3	27.16
1366	2922	3	47.3
1029	105	5	24.96
135	729	4	29.42
216	774	3	26.3
2106	14	3	6.28
104	376	3	5.58
104	451	4	10.91
12	8126	3	14.84
4798	325	3	43.45
119	243	7	33.36
109	717	5	27.76
219	243	4	27.5
101	448	5	8.45
3665	12	3	7.05
111	1539	4	26.75
129	713	3	19.01
4480	111	3	25.84
102	562	4	9.18
374	12	32	92.62
2596	12	3	5.14
2092	101	3	10.65
228	111	3	6.73
140	1329	3	24.41
6340	1015	3	54.96
117	106	10	5.09
1237	14	5	10.27
2303	125	5	48.72
111	123	10	16.51
187	125	3	8.61
117	146	3	4.12
1304	3940	5	94.8
419	164	3	19.36
8268	12	3	14.84
5030	12	3	10.52
12	1841	4	6.6
104	226	5	8.37
1270	14	4	6.96
285	14	8	4.2
12	5659	3	10.52
322	106	4	9.99
200	134	3	10.61
102	1526	3	10.6
283	1899	8	113.32
106	394	3	7.1
101	231	16	38.15
101	283	6	7.15
2495	397	3	37.84
129	4202	5	62.55
12	2020	10	42.96
2572	159	4	43.73
2102	606	7	110
1669	12	4	5.92
682	12	10	16.15
107	295	11	50.36
803	6503	3	53.78
12	2541	7	28.79
1677	1854	7	125.11
143	113	5	8.55
193	102	7	7.64
470	102	3	4.56
111	4393	3	25.84
12	110	374	775.1
1041	12	7	11.74
202	1529	3	29.38
134	12	39	7.1
206	2868	4	47.64
101	788	5	13.9
12	3880	4	12.51
2325	12	6	18.76
277	107	7	24.42
107	2075	3	17.8
150	730	6	52.89
2	6281	3	26.85
12	1430	5	8.08
123	2706	3	25.25
111	3170	4	33.88
6846	108	3	31.58
145	2854	3	29.54
141	237	3	13.68
123	350	9	58.08
8065	133	3	37.84
1555	101	8	43.02
1351	12	4	4.33
7663	12	3	14.84
391	105	3	6.15
3180	12	3	5.99
3984	139	4	47.44
108	2931	5	44.28
102	4217	3	18.13
673	1271	3	37.14
128	378	3	14.59
1467	14	3	4.38
1243	12	5	6.8
1878	104	6	39.75
123	173	3	6.75
3084	12	4	10.76
277	282	3	21.96
103	1305	5	25.06
2	2951	3	17.39
437	14	7	6.81
2	321	19	94.79
2646	14	3	7.7
851	102	12	67.72
12	115	151	138.28
102	633	12	58.44
1272	12	11	35.44
936	12	7	10.37
108	2753	3	21.04
160	8	4	11.21
4891	12	3	10.52
263	455	3	24.94
158	3530	4	47.18
213	136	7	39.37
2277	12	3	4.44
3546	1841	3	50.66
2254	9	4	36.32
762	118	3	16.56
1810	118	3	21.33
102	2176	4	19.79
137	174	13	81.02
126	1198	5	40.65
109	218	3	5.77
131	211	4	16.51
115	818	3	15.87
126	481	3	15.56
118	150	4	8.01
366	2847	3	38.35
342	8	4	20.22
140	887	10	101.31
342	276	6	55.23
163	265	3	16.25
3840	12	3	7.05
115	157	3	4.27
326	286	4	33.37
2480	12	5	13.08
329	468	20	269.26
2397	314	3	36.29
223	444	3	23.18
122	134	6	13.88
5780	14	3	13.36
794	183	5	47.29
2354	14	3	6.94
58	14	26	8.21
152	134	4	12.27
1629	1223	5	76.76
121	102	72	196.76
309	706	3	28.83
111	167	4	6.97
275	106	4	8.72
107	415	8	37.46
348	235	4	31.7
518	12	9	8.04
1460	107	4	23.28
648	104	4	13.51
3687	12	3	7.05
203	918	8	89.56
4354	12	5	24.74
1338	102	3	10.17
133	387	3	15.32
13	156	3	4.93
106	438	6	23.66
343	285	6	55.93
101	106	51	9.32
314	5515	3	43.25
755	12	9	14.68
371	104	3	5.48
1473	12	4	4.8
422	12	23	54.11
122	473	3	14.29
196	347	4	29.15
550	2	3	7.11
1994	206	5	58.3
104	508	3	7
1288	14	4	6.96
105	3264	4	27.77
1373	12	4	4.33
2545	12	7	28.79
846	12	7	9.19
12	2427	5	13.08
463	104	11	53.44
2443	12	5	13.08
3396	346	4	56.78
1624	12	4	5.33
1273	101	3	7.71
6283	2	3	26.85
187	2970	3	33.72
1142	1987	4	60.04
1407	299	3	32.83
106	169	6	8.9
404	950	6	74.13
6424	16	3	33.96
2266	4774	3	55.91
106	221	5	10.22
664	12	7	6.46
2784	12	6	21.05
1186	104	4	18.25
109	265	3	7.19
621	1121	11	170.56
2858	14	6	26.73
58	646	4	28.23
102	1635	3	11.07
597	102	3	5.82
105	1151	3	12.02
163	1494	3	26.93
124	2247	4	36.44
12	452	9	6.7
3954	12	5	24.74
2965	12	3	5.99
12	528	32	129.97
9	12	52	9.16
3333	12	4	10.76
2283	16	3	22.54
7547	12	3	14.84
110	2006	3	19.19
768	14	4	3.93
21	2	13	6.52
4055	108	5	52.64
3553	14	4	16.25
102	686	4	10.87
355	102	4	5.92
105	137	34	120.47
4728	380	3	42.32
2	153	9	11.27
3150	12	4	10.76
1301	12	6	10.28
1716	101	3	9.47
110	622	3	12.56
996	237	4	40.89
159	390	3	18.49
164	1395	5	50.07
102	119	24	19.89
2182	12	3	3.86
336	12	12	7.78
1266	12	6	10.28
2963	3745	5	100.89
6651	12	3	14.84
114	171	5	11.88
4549	104	4	31.55
325	104	3	4.69
413	14	13	25.14
1172	5517	4	74.97
139	398	19	184.91
388	225	3	22.52
2897	380	8	131.65
826	102	7	30.11
443	14	8	9.46
2554	14	3	7.7
124	1418	4	32.08
115	465	4	19.12
1261	136	5	44.96
164	128	5	17.23
577	3293	3	42.02
2270	12	5	13.08
154	12	25	3.89
4649	12	4	14.97
1203	922	3	38.8
133	1452	3	23.33
766	286	4	40.89
114	1194	3	17.45
124	3970	3	29.86
132	460	4	24.27
145	893	4	32.68
107	1171	3	14.27
575	102	5	13.87
179	127	3	8.42
2806	14	3	7.7
419	129	3	15.5
231	637	4	36.63
124	506	4	23.15
2775	14	5	19.33
102	368	7	18.23
111	150	17	68.4
187	12	41	55.96
12	388	33	102.24
12	439	18	34.12
625	12	7	5.74
4128	209	3	37.61
109	3842	3	23.51
166	325	6	44.25
4604	14	4	18.78
3854	2416	3	52.09
102	1059	3	8.74
111	710	3	13.93
577	2839	3	40.99
105	376	8	31.06
411	367	3	26.64
271	156	4	23.52
1094	423	3	33.48
5110	12	3	10.52
7098	12	3	14.84
12	1284	5	6.8
3793	104	3	19.14
213	3799	3	36.2
614	107	5	22.5
2	244	11	34.2
2640	12	5	14.68
180	118	3	6.69
57	410	4	26.66
4250	3657	5	109.27
105	273	12	47.44
1342	14	3	4.02
202	121	3	7.83
1307	14	4	7.45
135	3878	3	30.44
2041	6856	3	59.65
3100	105	3	18.47
6291	12	3	14.84
2539	12	4	9.41
429	12	11	9.99
4382	12	4	14.97
103	370	3	5
103	473	4	10.38
320	14	9	7.55
209	129	3	10.4
107	665	8	45.94
128	140	4	9.64
12	123	242	614.51
12	222	97	469.56
12	1490	7	16.46
2420	12	4	8.31
101	1061	5	16.32
285	732	6	66.39
157	102	10	10.05
1051	14	6	13.2
1128	14	4	6.1
203	303	3	19.59
159	678	3	22.08
289	342	3	23.62
545	12	8	6.38
113	169	3	4.18
1532	12	5	8.08
16	4159	5	56.61
103	219	12	35.68
128	2697	7	80.9
4730	12	4	14.97
2263	3408	6	123.96
648	105	3	8.96
2833	14	3	7.7
112	1017	3	16.12
57	3384	3	32.11
107	2641	5	39.33
172	1391	3	27
101	418	6	11.11
527	14	6	6.01
1585	14	5	13.12
3979	12	3	8.47
4697	12	5	24.74
109	685	3	12.98
198	1724	5	56.56
462	5401	4	67.31
1607	111	6	47.25
489	111	3	11.72
371	105	3	5.94
15	4790	4	68.41
1369	4522	3	50.13
4834	12	3	10.52
2211	12	3	3.86
882	104	3	10.27
104	419	3	6.12
397	102	4	6.81
103	1818	3	13.52
237	1371	3	30.63
8	4851	3	32.32
101	163	12	10.2
2624	14	4	13.01
126	5268	3	32.21
102	132	13	8.28
108	1014	3	14.85
279	12	38	93.19
1323	12	4	4.33
122	208	4	13.41
12	5546	3	10.52
106	202	4	5.6
130	465	4	24.07
115	119	10	17.53
1244	12	6	10.28
352	359	6	59.64
2663	105	3	17.46
250	150	3	14.8
256	1808	5	60.84
299	587	3	27.29
943	12	5	4.5
1994	1188	4	60.55
4258	1182	3	49.3
224	8158	3	45.17
213	760	4	37.43
114	257	4	13
355	1984	3	35.59
574	14	5	4.29
290	163	3	16.99
102	263	18	67.01
102	211	5	4.16
723	14	7	13.17
108	889	3	14.25
426	342	3	26.1
555	105	4	12.98
102	3130	4	23.6
1045	12	6	8.28
136	148	3	7.92
3923	2766	4	77.43
2313	12	3	4.44
1126	12	9	21.17
110	207	3	5.33
1402	101	3	8.09
411	821	3	31.75
543	14	8	12.19
564	102	3	5.35
147	634	7	60.8
8	4934	3	32.32
226	595	4	36.01
3966	983	3	48.23
12	1521	4	4.8
239	106	7	20.21
12	1370	4	4.33
2	6448	3	26.85
607	12	14	28.59
118	590	3	14.85
4565	105	5	46.59
123	157	5	14.36
105	155	8	11.22
2870	12	6	21.05
102	768	4	11.75
638	12	8	8.23
7116	12	3	14.84
1579	12	4	5.33
533	12	35	158.05
304	118	3	10.75
568	1093	3	35.18
2115	14	4	10.85
1003	14	4	5.36
876	102	3	7.88
137	158	4	14.07
2768	12	4	9.41
103	162	15	34.49
380	12	11	8.29
834	117	3	16.75
118	135	9	26.65
856	111	3	14.92
350	12	23	42.93
4334	12	3	8.47
12	4137	4	14.97
262	102	11	29.64
120	112	7	6.86
120	156	5	13.03
101	2147	5	23.94
488	529	3	29.91
2944	140	5	57.33
1329	14	4	7.45
273	14	9	5.41
184	112	25	146.29
131	180	4	14.63
105	2694	3	17.46
109	146	8	18.28
3260	105	4	27.77
1310	210	5	55
4427	12	4	14.97
927	14	7	16.19
3032	14	3	8.62
5638	2939	4	83.96
410	190	4	30.56
160	14	54	109.19
6274	2	3	26.85
166	533	22	257.9
102	670	5	15.44
171	102	12	18.37
139	1030	3	22.79
12	260	74	324.93
708	12	16	44.62
12	1484	4	4.8
108	1127	3	15.51
2790	104	3	16.92
1531	164	4	38.57
437	8	3	15.09
16	175	5	13.71
189	14	15	8.05
6914	102	3	24.79
123	147	4	8.91
118	541	3	14.32
101	699	3	4.83
2855	14	8	47.35
132	277	5	26.6
195	632	3	23.89
2	679	3	8.36
115	442	3	12.19
5801	12	4	19.79
130	104	8	4.34
129	1079	6	52.21
5659	12	3	10.52
2099	12	4	7.39
987	12	5	4.89
165	117	4	8.88
4569	12	3	8.47
3920	1469	3	50.59
107	328	3	6.79
104	1151	3	11.49
2886	14	3	7.7
641	102	11	52.12
369	756	3	30.6
467	285	22	295.62
124	588	5	33.05
1997	12	4	6.6
2201	12	4	7.39
3186	12	3	5.99
146	1470	3	25.65
103	718	5	19.71
101	594	4	7.04
58	8	3	4.89
2	2269	3	15.53
347	102	9	25.92
104	137	29	88.59
7003	209	3	44.34
104	317	7	21.16
8	9	5	9.26
104	139	13	21.37
246	569	3	25.65
521	2669	3	40.46
126	1034	3	20.2
144	119	3	4.35
2136	12	3	3.86
3784	105	5	41.2
232	1188	3	29.47
101	517	4	6.08
6135	106	3	29.05
378	469	3	27.61
102	1241	4	15.45
569	129	3	17.34
468	449	3	28.81
165	353	3	18.23
133	287	3	13.32
1785	14	3	5.22
3269	5700	3	57.81
172	190	10	70.27
524	5578	3	46.55
979	12	5	4.89
104	1482	3	13.08
321	12	20	28.4
136	178	3	10.01
204	12	24	16.4
102	218	19	62.1
111	403	8	43.96
296	906	4	42.66
1498	14	3	4.38
579	14	6	6.81
4781	12	4	19.79
110	117	11	14.25
1156	1749	7	116.5
2285	12	3	4.44
108	1837	3	18.17
105	274	7	20.18
879	101	3	5.91
105	198	6	10.19
750	235	5	50.83
2	6249	3	26.85
644	2188	3	40.15
4423	956	3	47.92
601	110	23	207.94
420	281	5	46.76
1702	108	3	18.17
12	58	36	6.64
102	2581	4	22.1
107	712	3	11.64
908	101	9	39.51
103	386	4	8.93
5092	12	3	10.52
104	3469	3	19.14
2834	12	4	9.41
103	133	11	9.58
121	654	3	15.78
103	267	16	65.77
2134	21	5	44.52
4316	104	3	20.71
775	136	10	96.19
12	387	16	22.48
156	220	6	36.77
1080	140	11	120.76
4769	577	4	68.89
841	292	3	29.48
1881	181	5	56.6
883	102	3	7.88
361	4399	5	81.36
1580	2	5	27.62
1264	429	3	34.25
2	422	3	5.66
120	125	7	13.65
5955	14	4	23.67
104	723	4	14.67
1392	437	6	80.18
105	375	3	6.05
12	3954	5	24.74
12	6085	3	14.84
3676	104	4	28.94
106	792	3	11.3
107	1631	5	32.66
838	242	5	52.33
2703	12	4	9.41
7417	293	3	47.28
131	324	3	14.04
108	7692	3	31.58
109	118	9	9.28
1023	203	3	27.36
153	347	4	25.16
329	3637	3	39.63
103	121	21	24.23
3788	12	4	12.51
8	2050	3	24.63
3646	12	5	19.51
414	12	9	5.32
2776	12	5	14.68
12	122	453	2104.57
162	111	8	22.84
2402	12	3	4.44
12	169	30	15.09
562	12	9	9.21
207	102	17	47.67
151	13	3	4.59
1859	511	3	37.99
213	527	3	23.73
103	369	3	5
380	373	3	26.14
304	106	3	5.64
479	174	3	20.94
123	231	5	21.09
332	106	8	31.19
8000	161	3	41.32
4648	14	3	11.24
2678	380	5	71.37
1225	210	8	95.27
1514	12	4	4.8
146	414	4	26.32
2846	105	4	26.26
140	136	14	74.82
101	248	8	10.86
145	2584	3	29.54
307	139	3	15.18
200	207	3	16.21
822	571	3	33.77
980	12	15	52.62
352	3053	3	38.91
119	126	10	25.86
349	2102	6	83.6
531	102	3	5.07
504	7409	3	50.72
2327	108	6	51.75
145	1903	4	39.1
12	4649	4	14.97
4328	101	5	37.56
125	104	12	10.17
102	189	11	19.4
2071	12	5	11.76
8	4028	3	30.09
103	725	3	8.74
445	954	3	32.89
264	12	27	42.66
409	210	10	100.04
1821	111	3	19.14
4067	12	4	14.97
909	12	8	13.97
111	237	4	11.52
360	14	8	6.94
172	5090	3	37.49
158	1337	4	37.43
328	661	3	28.67
760	14	6	9.98
3679	14	3	9.76
126	2150	4	35.51
867	104	4	15.67
122	128	8	20.14
1341	12	6	11.08
521	532	3	30.24
840	14	4	4.44
3110	263	4	52.52
114	214	4	11
926	12	6	7.2
723	101	4	8.76
104	4116	4	31.55
140	139	6	22.83
1554	203	5	55.96
929	136	13	140.99
257	391	3	23.55
101	173	11	9.38
101	119	29	17.3
6377	102	3	24.79
667	620	4	46.42
2408	14	3	6.94
104	124	9	4.35
1416	101	3	8.51
2298	12	3	4.44
1111	12	6	8.89
286	1084	3	30.89
102	1338	3	10.17
201	1365	4	41.14
4654	12	5	24.74
5770	104	3	22.92
2267	12	5	13.08
130	1235	3	21.81
1140	12	5	5.76
4237	13	5	57.84
589	14	5	4.5
1226	14	4	6.51
102	1076	4	13.99
1927	1167	3	43.14
1827	350	3	34.87
1693	104	5	29.51
571	16	5	28.42
483	12	14	22.06
131	196	4	15.44
131	130	7	21.36
273	101	5	4.22
3306	14	3	8.62
101	939	3	6.16
163	147	3	10.18
3156	14	3	8.62
915	14	6	11.98
105	112	91	314.12
8	1083	3	20.66
1079	571	5	65.01
249	111	3	7.38
1444	12	4	4.8
1433	104	7	44.68
101	1905	3	10.02
1996	14	3	5.72
12	259	45	119.28
175	347	4	27.56
6141	107	3	29.92
824	12	21	90.7
3625	12	3	7.05
411	104	3	6
1290	105	8	52.53
2022	101	3	10.02
2542	12	8	39.59
2	290	7	18.98
1319	231	10	132.68
973	14	4	5.36
1905	14	4	10
338	102	6	12.51
167	112	4	7.33
104	1033	3	11.16
394	124	6	36.71
465	110	3	10.9
107	8133	3	29.92
399	923	4	45.37
109	147	11	31.51
8	751	3	18.56
690	12	9	12.72
135	478	6	43.85
105	406	3	6.36
722	12	9	13.99
1642	12	5	8.83
502	16	3	13.05
2	1133	5	23.79
108	231	3	5.95
4736	160	3	36.63
121	127	8	18.42
127	187	8	38.81
1210	12	6	9.55
109	1988	5	37.91
124	587	3	16.61
1002	12	6	7.72
1177	12	8	17.66
3951	12	3	8.47
143	6023	3	35.38
1613	14	4	8.58
4695	110	5	53.35
1745	1207	3	42.53
3910	140	5	65.7
129	906	3	20.36
741	14	6	9.55
104	592	3	7.92
4028	9	3	29.77
2246	12	8	33.49
274	12	25	37.69
1330	12	4	4.33
2449	101	3	11.36
2	680	5	19.01
3992	7547	3	65.14
107	278	3	5.85
136	107	9	14.33
169	1493	5	51.45
176	214	7	48.04
864	12	6	6.28
1980	12	4	6.6
165	116	4	8.56
296	1662	5	62.66
213	1001	3	27.62
165	229	4	22.4
1830	14	9	40.1
160	598	3	21.27
364	268	4	33.86
833	14	7	14.87
195	188	7	47.42
465	14	6	5.1
132	848	3	20.01
45	6205	3	53.03
4169	12	4	14.97
135	223	8	48.34
105	317	3	4.97
3264	12	3	5.99
1896	242	3	32.89
103	580	4	11.81
1543	101	3	8.51
125	836	3	18.9
318	12	13	9.28
1786	14	5	14.04
386	474	3	27.73
619	209	5	46.63
102	2385	3	13.53
127	1038	5	39.7
12	573	30	124.57
108	174	4	6.44
162	440	3	19.5
1279	45	3	37.59
1112	2590	5	82.82
175	305	3	18.21
167	4139	3	34.97
1891	525	3	38.16
12	4090	3	8.47
5616	12	3	10.52
683	684	3	33.74
4491	293	4	58.1
2	362	3	4.85
109	314	3	8.28
150	899	3	22.94
57	224	3	13.94
57	124	6	19.62
106	303	3	5.64
1011	14	17	84.05
7108	12	3	14.84
115	196	5	15.3
115	130	5	6.73
156	666	3	21.7
431	139	6	43.48
8063	12	3	14.84
198	855	6	61.09
102	411	6	15.02
2732	870	8	146.24
3179	14	3	8.62
102	106	45	18.35
114	112	7	4.14
1882	181	3	30.13
516	1016	3	33.98
155	146	4	14.96
440	150	7	55.98
136	162	3	8.86
12	763	11	22.6
2197	105	7	53.07
339	503	4	38.5
110	162	4	5.97
150	135	12	64
179	395	5	38.95
3996	399	3	42.57
3210	14	3	8.62
130	106	7	4.98
2225	14	4	10.85
101	129	16	6.49
12	3382	3	7.05
2	706	4	13.68
12	2097	3	3.86
2890	604	3	41.37
104	479	13	68.91
302	14	9	6.76
109	2197	4	29
1376	12	5	7.41
2947	246	4	51.71
12	2542	8	39.59
3671	644	5	82.23
6071	16	3	29.46
103	860	3	9.46
1135	101	3	7.03
102	324	5	8.54
101	1381	3	8.09
1408	12	4	4.8
12	814	14	38.44
107	121	20	37.94
8339	102	3	24.79
107	296	11	50.36
2777	12	3	5.14
102	503	3	4.8
551	12	35	173.26
1619	12	7	17.75
1513	12	6	11.98
7275	1443	3	57.32
102	1272	4	15.45
115	231	3	7.88
2387	160	6	70.89
12	1840	8	27.23
179	102	10	14.59
155	1324	3	25.82
1012	206	9	105.02
884	339	11	147.68
141	110	12	35.3
103	1580	3	12.99
2126	104	4	23.2
4561	12	3	8.47
582	2393	3	40.31
2227	107	4	26.52
101	2264	3	11.36
3332	12	6	24.13
782	101	3	5.23
101	4183	3	15.9
3183	8270	3	62.31
12	1176	5	6.26
3297	12	3	5.99
749	101	3	5.23
162	374	4	27.01
102	971	4	13.56
142	199	5	24.85
391	106	3	7.1
166	120	3	5.74
615	14	5	4.97
380	112	3	10.46
732	14	5	6.37
12	3108	4	10.76
7211	14	3	17.76
3163	12	4	10.76
2764	105	3	17.46
802	319	6	69.02
12	109	776	3259.8
2	8	9	3.85
326	1000	5	57.6
123	163	7	25.54
278	911	5	55.17
2923	183	7	100.67
767	14	5	6.7
4507	12	3	8.47
591	3672	4	61.51
108	145	15	50.53
244	16	8	37.74
3775	105	3	19.69
192	235	14	125.98
113	115	11	15.01
158	3529	4	47.18
847	14	4	4.44
166	2	6	5.45
141	115	4	6.15
812	14	4	4.18
141	227	3	13.3
801	102	6	23.18
3056	389	3	39.61
1485	210	5	55.85
7371	2966	3	62.31
122	4491	3	28.83
2190	12	4	7.39
145	282	3	15.43
195	242	3	17.58
1300	1005	3	39.52
108	1159	9	71.37
1654	14	4	8.58
663	14	7	11.72
104	2340	5	33.39
101	818	3	5.44
656	206	5	46.45
105	124	10	7.18
153	305	5	32.59
104	3623	4	28.94
171	127	3	7.67
694	14	27	159.87
588	14	9	17.15
116	117	7	8.06
138	148	4	13.15
2059	12	4	7.39
1075	12	14	48.26
128	320	14	108.08
6284	246	3	45.91
172	484	5	39.97
125	105	15	19.56
102	130	13	7.9
159	434	3	19.27
232	129	3	11.29
4567	14	3	11.24
1424	643	5	69.39
119	186	5	16.54
150	167	3	10.65
132	102	11	4.89
13	155	3	4.83
1001	105	4	17.56
202	703	12	139.53
1732	12	4	5.92
367	242	3	22.88
1488	12	6	11.98
3587	12	5	19.51
106	269	3	5
58	244	6	34.19
106	185	4	4.87
1850	12	4	6.6
102	1219	4	14.93
115	106	33	70.64
310	861	3	29.85
150	347	3	16.94
2	1019	3	10.33
900	14	6	11.43
104	112	147	630.41
110	444	6	29.34
3099	102	3	15.36
117	195	4	11.29
127	156	3	6.78
1991	14	4	10
233	102	7	10.84
3554	12	3	7.05
12	2217	3	3.86
111	168	3	3.88
102	532	3	5.07
1142	1986	5	78.25
117	118	7	9.14
1553	2554	3	47.24
4591	3833	4	80.88
102	536	11	47.43
133	170	23	159.4
102	485	9	32.75
409	160	15	147.81
169	4133	3	35.05
102	1126	4	14.44
794	126	4	27.41
404	951	7	89.23
333	102	7	16.34
296	712	3	28.7
2174	14	4	10.85
122	121	16	50.64
12	3456	5	19.51
146	261	4	22.2
2645	12	3	5.14
1121	101	9	43.09
3763	12	5	19.51
267	857	3	28.72
167	880	3	24.21
115	205	3	6.71
132	143	4	10.83
2	612	3	7.61
1973	2919	5	91.14
2393	12	3	4.44
3519	12	4	12.51
329	3117	6	90.46
1788	2	3	13.56
187	559	4	32.9
165	102	36	124.5
334	135	4	22.46
1527	136	3	24.35
497	111	8	47.56
788	203	11	128.71
5696	12	4	19.79
112	12	177	163.92
1185	136	3	23.06
3958	164	4	50.29
103	379	6	17.71
2129	12	3	3.86
1005	12	16	59.87
2631	101	4	19.15
289	363	3	24.17
315	697	3	28.93
1223	1044	3	39.45
305	229	3	20.98
12	199	57	123.96
1577	14	4	8.58
104	1778	3	14.09
2479	14	3	6.94
6134	13	3	34.7
12	1469	5	8.08
126	275	7	39.67
2352	108	6	51.75
772	106	4	17.08
657	1397	5	68.92
526	111	7	40.37
2353	12	4	8.31
377	111	4	15.78
2985	107	5	41.52
1637	1875	3	44.93
4058	12	3	8.47
131	163	4	12.75
169	865	3	24
735	102	4	11.45
109	132	5	4.49
109	266	3	7.19
262	127	3	11.79
428	13	3	12.78
372	102	7	18.23
57	301	3	16.16
2616	14	3	7.7
109	1542	3	17.36
156	116	7	20.81
280	110	4	12.43
907	627	5	64.23
102	2212	3	12.8
237	2291	3	34.18
345	111	6	27.01
103	128	18	26.12
194	119	5	16.98
902	189	3	25.83
3216	12	3	5.99
166	264	3	16.42
142	109	6	10.12
