398	114	3	6.62
2687	102	3	13.41
142	150	3	3.96
142	251	3	10.04
2550	102	3	12.23
199	188	4	19.73
105	4843	3	23.36
510	283	3	25.22
109	1871	3	16.21
1248	1214	15	311.29
115	482	7	33.22
12	2979	3	12.99
389	261	5	42.63
678	134	3	16.48
1920	14	4	11.64
104	1905	4	18.79
1238	14	3	3.9
122	2831	3	25.01
130	1339	4	29.58
157	236	3	12.04
101	1723	5	16.77
101	1807	8	38.4
107	1335	4	18.44
1263	131	4	29
102	152	38	60.34
946	111	7	39.83
1194	140	6	51.46
664	102	4	7.12
1158	111	3	12.86
274	115	3	5.23
134	146	9	23.44
2009	14	3	6.8
105	1452	3	10.24
105	1377	3	9.73
101	2634	4	16.67
303	3602	3	39.99
103	3227	5	38.39
1165	14	5	10.66
844	12	3	4.52
971	108	4	16.36
1526	137	4	32.6
200	111	5	6.26
101	707	4	3.99
101	631	5	5.61
1232	102	4	11.97
395	381	3	25.6
1327	107	3	11.93
1211	101	4	7.81
388	104	5	7.43
143	232	3	9.62
535	427	4	41.19
124	346	3	9.71
363	110	3	5.14
106	348	7	14.51
450	263	9	92.03
350	108	6	15.07
603	14	9	17.85
144	331	3	12.27
4182	14	4	23.46
103	157	13	6.54
125	343	4	15.68
125	267	3	8.4
583	291	7	75.05
192	114	12	33.11
110	1519	3	14.63
1581	111	8	62.01
358	20	3	29.82
104	1471	3	10.09
110	1263	3	13.18
1152	122	4	26.51
341	114	5	13.69
753	14	14	49.04
206	225	3	16.08
6315	14	3	17.6
355	14	8	5.15
533	108	3	6.8
135	164	8	26.2
391	138	5	27.09
620	275	5	49.83
119	382	3	9.79
8	659	3	16.11
211	371	3	20.06
440	184	3	19.44
106	103	93	9.79
103	1115	5	18.31
395	193	9	79.05
147	113	16	28.26
291	118	3	7.21
3027	5399	3	65.18
101	2741	5	24.82
1012	113	3	12.38
346	111	14	64.24
2545	140	3	26.73
244	451	30	403.78
3355	107	3	19.52
356	126	24	191.54
103	1164	4	13.24
101	437	8	9.53
461	193	6	50.04
266	123	3	8.02
1369	14	4	8.4
454	14	7	6.55
1054	12	4	9.94
104	181	24	48.64
327	106	5	6.87
843	14	4	4.29
197	103	8	5.4
177	832	9	91.62
941	106	20	162.08
197	245	3	15.88
103	2863	3	14.84
109	425	6	19.79
208	12	13	14.84
393	660	6	68.99
237	370	8	73.06
101	1193	7	21.16
303	137	4	16.96
102	610	11	39.87
153	142	4	7.38
101	1449	3	5.49
1292	107	7	41.91
593	111	4	13.82
1083	102	4	10.93
101	1501	6	20.12
16	3824	4	43.99
102	1068	3	6.18
1068	137	7	59.76
2025	101	3	7.22
216	124	23	143.62
2627	3724	3	59.1
680	105	27	201.84
101	5866	3	18.08
3779	1207	4	76.19
320	450	9	97.24
104	366	4	3.92
109	1445	3	14.24
715	105	5	14.35
1401	3079	4	72.53
12	4300	4	28.17
152	176	3	7.78
429	110	5	15.34
234	144	5	21.21
103	1522	4	15.78
104	2771	4	23.39
1548	2790	4	71.53
101	284	24	51.35
119	180	4	6.29
323	113	3	5.12
223	142	12	69.87
15	2667	3	43.69
146	156	6	17.02
505	101	9	15.12
4693	193	3	42.3
101	2588	5	21.95
115	334	11	51.33
166	392	10	81.64
143	715	3	17.96
848	566	22	397.7
1227	14	5	11.33
134	166	4	8.08
1020	14	4	5.55
112	189	10	22.68
1037	105	3	7.76
179	473	3	19.27
1194	14	5	10.66
2370	14	3	8.47
752	12	4	7.45
163	217	4	18.53
719	203	6	58.27
101	3229	3	11.55
110	1992	3	16.62
62	186	4	30.05
117	111	21	11.09
102	3104	3	14.94
101	3538	3	11.55
104	3280	4	25.98
101	1758	3	6.56
1300	14	4	7.81
253	14	22	34.24
12	199	13	12.37
104	2585	3	13.82
103	1673	3	11.12
101	1048	7	19.23
2604	112	3	20.26
105	381	8	18.62
104	788	3	6.01
755	135	4	25.53
120	104	67	93.81
120	298	3	7.94
115	455	4	13.85
102	438	9	21.28
330	138	3	11.81
365	459	3	26.36
7	17	3	8.35
4151	14	3	13.21
569	12	5	8.82
376	114	3	6.24
102	2843	5	30.59
1388	102	3	8.08
469	102	7	14.12
209	271	17	163.7
105	150	24	29.96
311	111	3	4.34
101	2592	3	10.06
146	115	17	37.12
101	2457	5	21.95
107	292	27	135.92
950	14	13	51.13
1092	132	3	19.04
106	1101	3	8.94
3346	14	3	11.09
137	398	6	34.58
250	141	11	64.83
101	863	5	8.26
4235	121	4	44.4
3301	117	3	24.39
928	108	6	29.24
2264	111	3	17.57
104	606	3	4.68
101	2286	4	14.84
709	102	18	97.78
108	316	4	6.36
759	435	12	166.97
105	1272	4	14.81
231	115	4	7.42
919	104	3	6.74
1489	102	10	61.19
126	262	3	8.31
104	2090	4	20.02
2255	14	5	19.07
834	12	3	4.52
113	602	3	9.44
674	112	3	9.89
110	3514	3	21.27
325	110	3	4.53
7	179	8	13.81
646	14	5	5.29
507	14	14	33.95
220	164	4	18.73
13	197	4	6.09
4580	102	3	17.12
101	1328	5	12.79
121	101	59	16.2
1004	102	5	14.82
240	158	3	12.3
878	107	4	14.53
1024	101	4	6.44
107	982	6	29.04
223	440	3	22.2
102	1892	7	40.9
224	711	4	36.85
101	2847	3	10.06
5399	1708	3	59.7
116	157	6	6.26
13	1548	3	18.01
110	136	30	65.75
9	12	57	73.92
6	2062	4	58.38
897	8	4	26.37
181	543	3	20.66
105	653	9	35
105	713	3	5.71
1313	102	6	24.45
453	146	4	22.68
650	104	3	5.02
101	1431	3	5.04
109	5032	3	27.55
103	272	8	11.74
109	303	9	28.98
502	110	3	7.49
764	14	7	13.38
192	153	4	14.43
624	108	3	7.8
125	245	3	7.71
105	2035	3	12.98
149	134	4	6.12
125	103	32	19.57
5388	14	3	17.6
482	108	3	6.1
1008	12	3	5.51
464	14	15	35.44
114	181	8	13.62
2563	14	3	8.47
113	464	9	42.54
180	3347	4	49.74
1264	106	4	16
101	1599	5	15.57
1752	14	6	22.17
140	508	3	15.45
125	144	6	8.39
138	1098	4	29.64
113	2805	3	20.42
109	258	91	813.61
104	400	5	7.75
1255	102	6	23.44
104	503	34	233.65
295	112	3	4.45
775	250	3	27.03
12	1001	7	25.02
105	2597	3	15.17
590	110	3	8.6
520	125	3	13.39
165	136	7	21.44
103	1381	11	73.39
118	1069	4	23.71
124	123	32	107.73
313	103	5	5.09
3067	12	3	14.52
101	577	17	58.35
332	12	6	5.39
101	407	14	28.15
172	352	3	16.46
116	154	6	5.6
291	107	5	8.28
104	325	9	18.74
454	339	3	25.63
816	975	14	239.78
129	118	7	4.9
1072	102	3	6.18
2630	13	3	22.53
536	384	3	28.17
2043	101	6	27.36
104	1592	4	16.82
233	142	4	14.9
109	471	6	21.1
318	134	4	16.8
153	123	6	10.6
102	779	3	4.65
101	1267	3	4.64
101	1343	6	17.84
1541	9	3	22.41
712	14	5	6.17
105	1323	3	9.27
8	5828	3	35.04
3730	3054	4	88.58
105	1171	3	8.45
103	945	3	6.86
504	102	6	11.48
101	1732	8	38.4
103	989	4	11.8
592	114	3	9.42
12	1580	3	8.72
101	964	14	60.54
106	799	4	11.47
103	1759	4	17.51
12	111	101	44.76
224	110	17	65.3
180	375	3	17.54
115	409	6	24.1
186	116	4	4.65
111	138	38	105.78
105	415	19	83.83
254	105	10	17.45
115	110	35	33.24
146	199	4	13.46
110	798	3	10.27
280	427	3	23.77
1318	14	5	12.06
612	12	5	9.38
170	120	5	8.8
101	656	11	30.48
101	708	12	37.84
104	4214	3	18.75
200	115	4	5.7
110	4493	3	23.48
12	408	7	11.15
116	2250	3	19.73
12	356	12	26.6
107	265	32	165.03
4055	20	4	71.96
137	104	19	7.76
1360	111	7	47.65
119	758	3	14.47
107	133	17	12.94
101	1929	3	7.22
154	271	6	33.59
2553	114	3	19.37
390	101	13	22.86
112	104	103	104.01
769	102	4	7.94
274	111	7	18.58
101	5238	3	18.08
141	110	9	4.72
1001	132	4	26.94
1968	14	3	6.8
885	138	3	18.66
4458	105	3	18.9
138	525	5	31.02
4091	117	3	26.61
143	120	15	38.26
969	834	3	37.2
509	283	5	47.52
107	632	26	203.86
103	1567	8	48.66
350	121	3	9.64
101	317	8	4.56
457	101	9	13.18
2720	148	3	29.69
101	3055	3	11.55
444	102	13	41.14
115	808	3	12.29
167	2182	3	29.5
139	115	11	13.71
1962	140	5	48.13
121	405	3	10.85
144	211	4	14.02
962	105	3	7.15
252	116	4	8.34
4249	1253	4	76.19
128	141	10	23.29
109	3119	3	20.86
114	369	4	10.01
107	1800	3	14.16
153	184	6	25.03
1796	1613	3	46.81
318	132	5	22.24
5738	14	3	17.6
140	212	3	8.63
132	146	10	26.13
104	1487	4	16.01
104	1412	5	21.7
2802	102	5	30.59
600	148	3	18.39
118	2599	3	23.69
1931	104	4	18.79
119	568	3	12.78
12	807	3	4.3
124	116	16	19.14
1156	14	5	10.66
104	819	5	15.36
103	3424	4	25.75
2869	14	4	16.04
755	108	3	8.84
111	128	11	4.88
186	123	5	12.16
496	138	3	15.11
1579	14	3	5.58
2075	106	3	13.89
133	157	5	10.5
2084	2040	3	50.74
142	343	5	25.55
7	1407	11	95.55
118	163	9	21.47
1217	102	7	30.04
137	412	3	13.41
12	169	46	111.16
451	13	14	89.23
379	104	4	4.32
145	163	3	5.43
109	2352	3	18.07
101	1791	3	6.56
779	491	3	32.53
127	101	138	237.49
1119	224	3	28.5
109	965	3	10.99
101	3465	3	11.55
138	128	12	31.18
501	168	6	47.1
108	112	38	17.4
108	157	8	5.1
110	2013	3	16.62
109	659	3	8.99
101	3314	3	11.55
1001	134	3	18.92
1824	138	3	23.91
298	401	3	23.66
131	103	51	75
57	119	4	8.02
103	795	15	83.83
122	113	12	5.16
103	728	16	88.67
1967	102	4	16.66
380	384	3	25.37
104	2241	3	12.84
250	358	3	21.13
101	647	16	57.85
101	767	15	57.76
297	114	39	270.05
12	498	33	199.47
1467	111	4	22.28
201	948	4	37.44
102	1146	4	11.43
101	2618	4	16.67
110	612	18	126
101	2543	5	21.95
105	103	395	707.47
226	1867	8	112.46
156	103	18	15.64
555	108	3	7.11
570	130	3	14.77
101	674	8	16.72
101	598	5	5.36
104	2142	3	12.84
133	406	3	12.82
389	433	3	26.59
924	101	6	12.54
110	840	4	16.39
101	2392	4	14.84
108	406	5	12.82
108	458	4	9.7
110	1976	3	16.62
321	102	38	178.64
1276	135	5	41.06
109	746	4	15.18
5928	114	3	28.86
371	363	5	45.95
167	359	4	23.94
1281	112	5	29.46
246	123	3	7.39
103	641	4	8.53
101	1879	3	7.22
1794	14	3	6.15
1084	196	3	26.64
113	665	5	21.93
231	2984	4	51.88
773	120	3	14.75
674	14	5	5.57
108	154	12	12.97
108	255	4	4.54
126	325	5	21.49
197	619	3	23.21
3316	114	3	22.16
101	4189	4	24.1
101	2271	3	8
423	108	4	9.06
107	536	5	15.73
144	1768	3	24.38
118	209	7	21.84
2799	14	3	9.61
123	436	3	11.7
101	1006	4	6.06
649	128	3	15.41
104	247	30	114.43
116	168	5	5.51
771	12	5	11.79
1222	14	4	7.27
467	231	8	78.08
110	2815	3	19.7
118	719	3	13.61
711	114	11	70.7
440	142	3	14.32
101	555	5	4.66
509	383	3	27.66
229	104	8	9.08
2734	107	3	17.96
2850	101	4	16.67
2105	111	4	26.4
101	1109	4	6.86
121	305	3	8.67
206	256	9	71.55
101	5987	3	18.08
646	112	3	9.68
132	105	25	13.57
376	983	3	31.84
472	333	3	25.59
220	108	28	124.7
743	12	3	4.1
279	105	9	16.16
502	12	5	7.38
2695	121	4	36.78
149	132	8	20.32
1309	14	3	4.25
237	162	3	12.73
103	271	30	121.69
101	1434	4	8.96
101	1366	3	5.04
1419	114	7	49.52
102	934	3	5.6
144	104	27	26.92
101	300	46	178.43
270	109	20	91.38
106	581	3	5.4
1429	102	5	19.06
107	685	5	18.35
160	2137	5	55.4
107	617	4	11.78
1589	107	4	20.69
119	165	9	23.45
408	121	3	10.85
418	459	4	39.28
5571	14	3	17.6
1483	112	3	15.19
2484	103	3	13.64
225	14	24	34.43
12	2186	5	24.81
13	1359	7	54.04
113	280	3	4.28
188	133	9	37.21
144	472	8	56.45
104	1561	3	10.66
2148	14	4	12.81
132	120	6	4.04
132	216	3	7.68
292	105	7	10.19
182	130	3	5.14
13	257	90	898.95
169	161	7	31.32
1903	105	3	12.15
310	138	14	97.69
101	4749	3	18.08
338	14	9	6.45
1658	103	4	16.59
255	117	3	5.5
700	134	7	51.88
101	478	12	25.08
711	113	4	16.3
101	374	7	4.6
811	383	3	30.83
107	1072	4	16.22
350	144	3	12.71
689	102	16	79.16
198	129	5	15.22
101	291	14	17.11
4819	290	3	46.41
1853	225	3	32.88
104	547	4	7.38
159	138	8	26.04
110	151	60	264.98
1111	14	5	10.04
118	2313	3	22.46
105	637	13	62.03
638	123	3	14.46
205	166	4	17.86
1095	14	4	6.33
181	559	11	108.31
2270	14	3	7.56
299	132	4	15.5
2682	12	3	12.99
104	1237	3	8.7
230	141	3	9.42
147	1158	4	31.77
101	1387	3	5.04
106	1272	5	22.56
155	1150	3	23.18
110	5750	3	27.96
114	314	3	5.12
574	102	4	5.99
163	180	6	26.55
105	1542	3	10.8
158	675	3	20.14
117	101	316	737.31
473	111	4	11.53
112	279	4	7.34
109	2409	3	18.07
1194	112	3	13.31
527	9	3	14.79
277	12	7	5.73
101	625	7	11.9
544	398	3	28.4
122	1397	3	19.34
104	2263	6	37.51
123	112	20	22.06
228	134	6	24.95
123	157	4	5
101	796	4	4.49
130	163	4	7.03
1102	118	3	16.27
2277	203	4	47.94
101	4443	3	13.68
104	982	5	17.37
115	269	12	51.65
881	137	18	194.99
110	914	8	46.92
260	101	15	16.08
101	2322	4	14.84
120	160	9	22.99
12	336	7	8.04
441	427	3	27.45
867	112	4	17.49
1170	12	5	16
728	14	6	9.29
210	231	9	69.94
101	983	7	18.38
110	2247	6	46.97
1133	283	3	30.75
101	879	10	31.15
1476	14	8	32.09
3909	3791	3	62.92
2764	105	3	15.17
154	561	8	65.51
3560	14	3	11.09
103	1080	4	12.72
1285	118	3	17.54
2213	102	5	25.52
210	5921	3	43.66
863	102	5	13.31
3854	975	4	74.03
1291	102	6	24.45
177	103	12	9.37
106	5226	3	24.3
109	1094	3	11.99
101	5691	3	18.08
163	450	4	26.01
163	382	3	16.51
120	248	5	15.75
109	1720	4	23.39
5366	14	3	17.6
177	1572	3	27.83
104	774	3	6.01
1411	14	3	4.65
428	14	7	5.67
1112	12	3	6.12
111	153	26	72.22
103	1827	3	11.12
103	1775	5	24.74
343	102	6	6.4
12	124	471	2579.16
1010	205	5	50.56
123	154	4	4.54
1270	1547	3	44.48
101	843	5	7.86
110	611	12	70.88
810	418	3	31.54
673	105	3	5.32
789	344	4	41.92
170	232	5	27.24
2786	14	5	24.03
2800	105	3	15.17
109	839	3	10.14
104	1715	10	77.38
588	105	8	27.31
207	137	13	72.41
101	1973	4	12.24
7	567	4	14.85
134	148	4	6.02
125	276	3	8.66
108	945	4	15.92
3409	102	3	14.94
110	1369	4	21.4
103	2904	4	23.16
104	1150	11	65.46
150	970	7	63.22
2091	1138	8	153.9
3685	972	3	50.84
1808	12	3	9.33
168	116	32	143.67
620	389	4	41.52
103	241	34	134.37
16	5024	3	32.99
1477	12	3	8.17
165	151	11	52.52
1703	106	3	12.32
645	106	3	5.92
16	109	92	309.53
401	158	3	16.33
6193	102	3	21.56
2996	193	3	35.58
101	5173	3	18.08
154	3200	5	64.03
101	2931	3	10.06
215	115	5	10.12
255	131	10	52.51
1557	239	4	45.34
104	190	27	69.06
346	101	8	5.46
524	107	3	6.24
129	104	31	23.31
101	2826	4	16.67
124	236	5	16.68
229	340	20	219.12
1009	108	4	16.36
110	2797	3	19.7
103	1110	8	38.31
103	1178	9	47.48
1323	14	4	7.81
282	117	8	31.37
860	14	6	11.16
1450	1849	5	86.08
265	565	3	25.6
247	168	3	13.62
101	1147	4	7.32
869	131	3	17.33
1172	133	16	189.07
758	102	8	27.11
197	150	6	26.76
3060	14	3	11.09
958	14	4	5.2
110	1196	3	12.76
1260	14	6	15.99
341	14	16	26.23
110	1300	3	13.62
101	3980	3	13.68
153	115	10	16.69
113	327	12	52.01
787	102	6	17.14
676	127	3	15.36
162	133	6	15.81
3628	102	4	23.8
257	16	92	1003.94
124	115	16	18.53
114	1238	3	14.05
107	1037	3	10.36
101	469	11	20.61
395	261	6	53.76
116	317	10	43.96
1864	6	3	40.55
105	926	6	22.87
147	125	24	99.11
700	103	4	9.06
101	2800	4	16.67
101	2876	3	10.06
129	120	17	38.22
1289	14	6	16.95
16	281	3	7.9
4942	4865	3	71.91
317	110	3	4.4
110	227	48	299.08
104	466	4	5.98
1363	103	4	15.05
101	5127	3	18.08
119	210	20	109.26
579	244	3	25.09
107	701	3	8.19
717	102	7	21.09
1647	102	3	9.12
306	104	9	17.39
350	122	3	9.65
655	395	3	29.8
153	541	3	18.01
165	1467	3	26.29
101	1481	3	5.49
109	3068	3	20.86
128	140	7	11.99
106	1121	6	26.91
1372	107	3	12.41
804	103	3	5.86
104	1232	3	8.7
1778	12	3	9.33
192	14	24	21.07
110	1383	3	14.1
104	3463	4	25.98
263	103	10	17.09
1612	105	3	10.8
134	279	3	10.03
101	3209	3	11.55
433	13	26	204.84
109	762	3	9.65
5208	404	3	48.98
4617	102	4	28.75
115	169	25	99.18
254	107	7	13.4
510	351	4	38.24
101	2619	3	10.06
104	1073	4	12.47
101	2544	3	8.92
105	163	16	16.28
105	244	11	20.04
101	825	7	15.53
101	766	15	57.76
123	128	18	46.42
107	279	7	15.07
12	346	14	33.95
2500	105	4	21.71
103	1745	4	17.51
118	103	51	39.99
142	134	13	39.99
12	243	7	3.99
271	106	5	5.19
494	110	4	11.96
379	105	4	4.47
1981	102	3	10.44
566	13	8	45.94
389	193	9	78.68
409	16	3	10.67
133	158	3	4.01
407	111	5	14.91
101	3466	3	11.55
4047	102	3	17.12
1310	101	4	8.36
117	522	3	10.66
681	13	7	41.25
1475	14	3	5.09
145	103	41	66.72
727	14	15	53.78
407	200	5	39.11
803	105	12	60.7
287	112	3	4.27
103	2233	6	37.15
4751	1018	3	55.34
1119	332	5	58.44
2024	127	6	57.12
101	1827	7	30.27
12	318	33	136.79
1677	1364	4	64.08
222	114	7	16.71
2201	114	4	27.46
110	1034	10	68.66
4939	106	3	24.3
171	103	34	81.98
720	14	7	12.85
105	209	18	41.59
103	5314	3	23.03
104	1008	5	17.37
1919	12	5	23.09
101	4445	3	13.68
290	103	6	6.77
146	123	6	8.38
120	485	3	11.67
333	113	3	5.19
385	115	3	7.5
101	675	7	12.81
102	424	7	12.72
103	692	12	55.7
265	635	4	37.7
1093	102	4	10.93
340	12	20	62.7
562	105	3	4.34
2388	14	3	8.47
957	12	3	5.24
101	3214	3	11.55
5828	9	3	35.26
101	1568	5	15.57
101	1365	7	24.84
136	1255	3	20.72
5127	112	3	28.53
216	110	4	4.66
131	2614	3	26.44
150	991	3	21.62
109	305	4	6.95
104	1107	4	12.94
661	114	3	10.2
159	140	4	8.22
1399	122	5	38.27
3039	3857	4	88.58
116	555	3	10.36
109	3740	3	23.07
234	132	11	57.87
165	184	3	9.84
229	350	5	39.4
119	247	9	38.58
399	12	7	10.69
1441	12	3	8.17
104	2959	4	23.39
101	495	35	181.37
103	1147	8	39.59
461	261	7	68.25
1976	14	3	6.8
642	103	5	12.77
1340	105	3	9.27
132	104	24	11.23
104	1575	3	10.66
101	6158	3	18.08
109	558	3	7.89
132	165	3	4.05
377	137	54	628.56
5434	102	3	21.56
162	120	17	64.06
109	4819	3	27.55
153	199	7	34.29
178	463	13	125.2
110	253	25	125.13
2523	102	3	12.23
105	771	6	20.48
16	207	3	5.6
276	510	3	25.07
101	222	26	44
545	103	5	10.98
119	174	7	16.78
229	369	6	50.22
251	287	3	19.71
101	1388	3	5.04
135	403	3	12.87
101	1491	4	9.63
722	103	4	9.34
237	117	6	17.54
703	12	5	11.02
114	211	7	15.53
967	111	3	11.47
139	152	3	4.04
110	1596	4	22.99
101	5852	3	18.08
1237	111	3	13.27
132	175	3	4.76
18	15	5	65.75
801	107	3	8.65
109	363	4	8.37
707	102	4	7.65
2602	122	3	25.01
396	144	4	20.62
179	616	4	30.83
1045	14	8	23.29
106	326	6	10.04
110	2865	3	19.7
101	375	26	80.16
175	138	6	19.1
805	12	3	4.3
119	547	5	25.94
119	429	6	29.47
104	217	12	20.44
110	404	6	19.61
4239	102	3	17.12
110	507	3	7.49
995	293	3	29.92
119	4906	3	32.62
12	2419	4	18.79
672	102	5	10.95
215	129	3	7.33
1557	203	3	30.22
166	203	4	17.45
3156	2287	4	79.02
3012	451	3	43.28
101	984	6	13.77
122	1345	4	28.44
113	1966	3	17.33
1301	127	4	29
1026	101	4	6.44
1436	108	4	19.73
1615	14	3	5.58
273	103	7	8.77
160	123	11	35.21
611	14	6	7.47
1401	2310	4	67.98
120	232	4	10.36
101	2217	3	8
120	308	5	18.43
105	1355	3	9.73
138	157	4	7.69
108	128	29	42.21
126	279	4	14.01
104	2006	6	35.09
299	1092	3	30.81
104	1954	3	12.01
103	2364	5	30.1
2969	102	4	21.22
102	101	1364	2959.72
308	144	3	11.78
102	302	6	5.05
1224	102	5	17.4
101	1744	3	6.56
101	1640	5	15.57
1468	111	3	14.73
134	160	5	11.56
134	107	14	7.43
12	1282	7	30.32
2198	102	3	11.26
101	1897	4	12.24
148	3435	3	31.28
1220	12	3	6.84
1	7	7	11.4
1001	103	3	7.15
2324	3107	5	106.37
3574	14	3	11.09
595	120	5	26.93
111	561	5	18.91
130	103	58	97.15
116	1049	3	14.22
1185	12	3	6.47
745	14	9	21.87
101	2474	3	8.92
110	830	6	29.85
180	254	8	54.94
12	388	5	4.84
106	968	5	18.53
123	158	4	5.27
5051	5001	3	71.91
101	2573	6	30.51
104	1104	3	7.96
117	1416	3	17.17
104	954	12	66.28
105	6375	3	23.36
1549	104	11	85.12
170	160	3	8.57
21	7	14	23.84
110	2388	6	50.21
174	136	9	34.2
1092	103	3	7.8
101	844	4	4.76
1737	1004	4	60.57
101	693	11	31.4
1396	14	6	18.02
793	105	5	15.16
101	2047	4	13.41
2698	14	3	9.61
103	750	4	9.64
835	14	4	4.29
1057	103	3	7.46
187	134	6	19.96
109	705	3	9.42
830	131	3	17.05
305	723	5	52.57
131	474	3	13.36
7	145	9	7.41
110	3482	3	21.27
213	106	9	12.63
253	153	4	18.31
236	181	3	14.15
107	1165	3	11.09
101	947	9	27.82
6147	14	3	17.6
362	141	5	26.17
1070	112	6	34.36
109	3655	3	23.07
179	1395	3	26.92
103	1622	4	16.59
199	128	6	20.24
307	134	4	16.37
235	21	3	10.67
688	105	3	5.51
151	282	5	26.45
1123	102	3	6.5
120	148	24	94.51
1865	13	4	28.78
566	109	4	12.95
101	2370	5	21.95
186	169	3	10.62
2310	2327	5	98
395	847	3	31.34
105	474	9	27.81
585	156	3	18.82
111	154	20	45.96
12	678	5	10.32
606	102	7	18.54
124	111	37	73.12
822	122	3	15.65
1082	116	4	21.95
649	157	4	28.64
109	1212	5	27.03
725	103	4	9.34
191	643	3	22.91
230	344	7	59.88
490	1634	3	37.72
104	1406	4	15.28
735	1346	3	39.53
905	108	3	9.87
2099	14	3	7.56
618	112	6	27.03
262	133	4	14.74
1695	102	4	15.63
153	111	7	4.59
167	782	5	42.32
1505	118	4	27.45
533	102	11	36.16
135	235	7	32.22
101	1360	10	46.52
167	885	7	66.15
161	755	4	30.87
114	104	206	471.18
7	973	4	19.45
1428	102	6	25.57
2039	13	8	82.2
686	122	4	21.94
101	1403	4	8.96
101	1462	3	5.49
102	2290	5	27.68
230	14	29	53.66
125	132	10	17.49
149	161	3	6.6
105	1900	3	12.15
101	5945	3	18.08
2502	12	3	11.81
192	125	4	9.12
101	3770	3	13.68
104	1201	3	8.32
317	116	3	6.28
147	554	3	17.11
105	800	5	15.16
152	277	3	12.74
105	681	6	18.99
101	3133	3	11.55
2202	111	5	36.24
12	882	10	40.84
2	167	25	135.7
397	148	3	15.12
103	4511	3	18.57
359	804	5	55.44
117	152	7	9.5
2948	246	3	36.71
101	2114	4	13.41
951	14	9	26.47
459	106	4	7.15
101	1979	5	18.17
167	391	7	52.1
380	461	3	26.89
1253	14	7	21.21
4907	14	3	17.6
101	630	7	11.9
1924	105	3	12.15
107	211	8	13.62
137	174	3	5.57
527	283	3	25.55
102	1265	9	46.73
151	428	33	365.07
231	1162	3	29.18
104	955	3	7.02
101	2424	5	21.95
1202	13	4	23.82
120	314	7	31.06
110	1061	4	18.48
701	383	3	30.05
171	131	4	7.88
548	560	3	31.16
245	280	3	19.32
186	111	22	78.27
13	1881	5	39.04
1098	138	4	29.64
101	962	8	22.5
183	105	11	9.99
113	1968	3	17.33
210	340	15	149.13
12	116	197	397.83
1420	12	5	18.37
2944	14	3	9.61
7	206	21	91.56
112	369	6	18.99
336	132	4	16.48
798	12	3	4.3
416	103	4	4.96
483	118	4	16.99
126	217	3	7.15
157	111	8	7.5
108	173	7	5.69
157	237	7	39.91
153	169	3	7.49
402	133	3	12.7
102	658	4	7.12
2358	102	3	12.23
113	135	10	6.46
1442	108	3	13.39
127	2469	3	24.73
176	504	3	19.6
305	254	3	20.16
109	589	8	37.98
6196	14	3	17.6
215	123	3	6.37
101	2680	6	36.15
1699	14	4	10.66
2887	14	3	9.61
310	7	3	5.15
524	105	4	7.16
2452	111	3	18.57
1451	104	12	92.86
12	792	5	11.79
1009	102	3	5.88
124	101	49	7.76
101	585	13	37.03
103	1116	5	18.31
124	347	3	9.8
143	160	6	17.71
101	272	32	85.65
110	2962	3	19.7
165	142	9	33.63
1293	118	9	77.81
422	16	5	23.26
1005	12	3	5.51
105	738	8	31.66
104	382	7	14.26
115	688	3	11.58
105	1891	3	12.15
1034	12	7	25.91
125	134	5	4.27
149	103	16	9.57
109	268	12	41.97
139	243	4	14.98
502	130	3	13.76
875	112	6	31.56
6078	14	3	17.6
890	102	7	24.37
252	101	18	24
5531	102	3	21.56
113	386	4	10.57
4498	325	3	42.74
109	289	12	44.3
948	102	6	19.48
149	144	3	4.13
101	1448	4	9.63
103	322	24	96.35
237	294	3	19.44
797	14	4	4.02
101	1552	3	5.99
345	117	3	7.48
101	1500	6	20.12
102	1067	3	6.18
144	231	5	21.12
818	105	6	21.03
106	514	4	8.02
828	14	7	14.54
251	123	3	7.55
180	723	9	89.9
5533	5424	3	71.91
110	142	24	47.53
9	172	4	8.53
352	16	6	26.83
105	703	3	5.71
108	1656	3	13.97
170	649	3	21.12
1903	107	3	14.89
1065	102	3	6.18
296	12	8	9.12
1925	103	3	11.83
571	14	5	4.32
369	120	3	9.33
921	12	3	4.98
167	1956	3	28.63
5158	340	3	47.51
119	366	4	14.6
103	407	13	43.58
101	1246	5	12.04
282	134	4	15.68
730	13	12	88.88
1116	102	3	6.5
110	1159	4	19.52
101	3947	3	13.68
292	107	4	5.19
179	175	6	28.33
7	109	38	28.17
101	1639	6	21.5
217	271	3	18.24
242	108	4	4.12
2353	14	3	8.47
876	110	4	16.76
113	2478	4	28.74
101	3485	3	11.55
160	184	3	9.65
111	168	6	5.1
105	580	12	51.96
108	1404	3	12.86
120	166	4	5.13
1594	106	4	18.22
3966	14	3	13.21
898	108	3	9.87
235	104	7	6.96
565	203	4	33.16
12	129	29	8.41
644	102	5	10.62
6098	118	3	31.98
508	244	3	24.01
118	131	8	7.13
107	104	132	107.84
1820	102	5	22.36
1708	127	3	22.09
102	1114	3	6.5
101	691	5	6.47
101	615	7	11.48
101	794	8	19.27
894	111	6	31.28
174	115	8	15.25
106	905	3	7.7
196	120	6	16.12
3793	2328	3	57.86
245	380	3	21.74
1333	105	3	9.27
115	130	13	14.65
101	2407	4	14.84
3804	4776	3	67.42
146	110	11	10.19
110	720	10	58.9
191	482	3	20.75
2247	14	4	12.81
141	130	7	12.33
321	117	5	16.55
117	110	40	56
657	113	3	10.04
105	3704	4	31.15
364	733	4	42.09
354	101	17	34.15
1540	144	8	84.73
733	244	3	26.64
12	1295	4	12.02
486	127	4	19.92
375	102	5	4.83
103	656	7	23.17
170	385	3	17.19
102	3861	3	17.12
186	199	3	13
678	103	3	5.05
104	607	4	8.24
1235	14	5	11.33
12	201	96	512.98
102	1451	12	86.27
222	126	14	75.88
118	150	5	5.1
123	426	3	11.45
105	3970	4	31.15
452	102	27	136.44
1371	102	9	48.87
127	152	4	5.2
7	228	5	9.52
101	1836	3	6.56
7	13	21	14.14
110	5508	3	27.96
2599	203	4	49.86
145	150	10	35.28
101	1760	3	6.56
7	178	7	10.44
4096	116	4	40.34
191	110	9	17.58
1266	14	3	4.25
4300	103	4	30.71
696	12	5	10.66
101	5326	3	18.08
249	120	5	15.75
2111	117	3	20.57
141	200	3	8.02
112	314	3	4.85
12	1342	11	63.12
246	115	4	7.89
102	483	4	4.75
325	356	3	23.25
217	469	4	32.36
1622	102	5	21.12
7	484	4	13.33
1611	118	5	38.22
105	5193	3	23.36
441	239	3	22.79
107	217	6	8.15
200	129	3	6.59
123	126	6	4.36
1155	111	4	19.64
123	173	4	6.7
101	608	6	8.21
971	194	3	25.76
311	110	3	4.26
510	461	3	29.18
101	2542	5	21.95
101	2458	3	8.92
1270	2084	3	46.78
493	14	12	24.59
2249	103	3	12.66
234	134	12	67.72
198	143	7	29.74
106	521	6	16.89
509	9	4	21.64
530	111	3	8.02
110	6273	3	27.96
444	150	3	16.24
172	148	5	16.79
2123	137	5	49.24
401	339	5	46.45
109	242	26	124.81
387	104	8	18.54
279	107	4	4.89
635	351	3	28.52
149	343	3	14
163	669	3	20.66
125	163	6	13.49
128	157	13	46.87
101	1583	3	5.99
101	1432	5	13.61
107	1902	8	63.63
114	279	17	80.62
114	331	3	5.33
1210	103	5	19.73
103	452	9	26.04
231	2589	3	35.06
145	653	14	131.21
1881	6	4	57.11
121	243	5	16.36
107	1647	4	20.69
104	1373	4	15.28
104	1508	7	38.07
1376	140	7	66.78
164	208	4	17.94
115	1778	3	17.97
1352	101	5	13.61
14	2	128	207.69
3180	137	4	42.84
105	1676	7	42.42
248	135	3	9.23
3096	101	3	11.55
108	826	4	14.76
1548	13	4	26.75
900	102	5	13.78
110	588	4	13.7
195	144	3	7.71
266	101	9	4.11
107	4394	4	34.93
600	104	4	8.24
1298	102	5	18.19
116	158	7	9.38
367	131	3	11.27
12	4676	3	21.13
105	1086	7	31.89
101	359	33	116.17
189	181	5	24.21
107	877	3	9.16
119	563	3	12.6
420	1643	5	67.3
116	254	3	4.81
281	441	4	34.66
104	324	9	18.74
1893	422	5	70.31
109	1332	3	13.22
169	191	14	94.48
110	477	3	7.09
119	400	6	28.48
5189	1439	3	58.42
103	1125	3	7.8
1889	102	8	51.29
1251	101	3	4.27
103	1245	8	41
206	307	3	18.42
206	113	18	70.45
402	146	5	28.94
101	1344	6	17.84
850	14	20	104.16
778	116	3	12.44
182	12	12	6.04
1376	14	4	8.4
109	512	3	7.27
109	470	3	6.6
697	14	10	24.93
202	106	8	8.44
572	105	3	4.49
1413	110	3	14.1
920	103	7	27.62
1509	14	3	5.09
931	12	3	5.24
299	103	5	4.6
104	1217	9	49.7
104	1337	6	27.64
381	13	24	171.97
1770	133	3	23.19
184	192	3	12.15
105	2537	3	13.97
113	1153	4	20.46
3007	259	3	38.62
16	294	3	8.17
1059	112	3	12.57
159	306	3	14.17
101	3065	4	19.2
103	2015	3	11.83
101	709	5	6.79
104	4213	3	18.75
1311	132	3	20.31
751	12	3	4.1
368	103	5	6.36
2136	1101	4	63.94
102	1144	6	22.52
3913	143	3	31.95
104	910	5	16.31
106	4320	3	19.83
101	2505	4	14.84
115	237	3	4.3
339	115	4	10.77
109	645	3	8.79
221	104	13	24.15
101	3380	3	11.55
249	133	4	14.26
152	1998	4	38.8
133	1177	10	96.91
103	793	9	38
104	3630	3	16.56
103	870	3	6.33
101	1777	9	47.83
101	1673	5	16.77
487	136	3	14.56
127	110	17	15.38
112	350	8	29.09
103	4173	3	18.57
126	104	21	4.9
108	240	6	9.88
3533	102	4	23.8
358	135	4	18.05
1177	139	10	99.65
224	111	5	7.98
104	758	6	19.67
101	2354	4	14.84
104	714	12	57.56
101	4220	3	13.68
186	115	4	4.5
111	339	3	4.83
124	627	3	14.26
616	103	6	16.69
2062	13	4	30.04
466	118	7	36.8
113	3629	3	21.99
105	104	175	101.02
103	2002	5	26.19
110	4581	3	23.48
106	1042	5	19.68
101	644	9	20.33
142	385	3	13.26
123	199	3	5.51
894	138	6	47.16
101	764	16	64.66
148	911	5	40.37
241	14	14	10.16
124	870	9	71.11
3200	14	5	29.33
877	105	3	6.62
101	1993	5	18.17
1325	14	4	7.81
4026	2085	4	82.49
109	656	5	20.11
209	115	4	6.33
57	228	3	15.32
131	104	46	62.08
177	217	4	19.88
278	104	6	6.48
625	102	8	23.94
108	111	76	97.97
1739	102	3	9.74
12	5799	3	21.13
157	173	3	8.07
179	149	5	17.73
217	6412	3	44.17
207	392	5	39.35
127	168	3	3.99
236	161	12	84.89
3435	112	3	21.83
592	288	3	26.44
274	344	5	41.52
101	1078	8	25.61
210	326	3	19.07
136	715	3	17.2
103	1747	4	17.51
101	976	4	6.06
312	506	6	60.74
101	900	5	8.69
102	1463	3	8.57
12	301	22	66.79
2250	108	3	16.2
1601	112	3	15.77
451	119	4	17.04
4221	102	3	17.12
171	146	4	10.47
300	887	3	29.43
104	719	12	57.56
316	321	6	53.48
280	226	3	18.74
115	345	4	10.89
353	160	3	15.6
133	111	13	10.55
1228	114	4	21.27
351	847	3	30.28
107	1091	3	10.71
579	351	4	39.69
509	365	3	27.12
155	102	16	6.65
101	471	14	33.03
116	215	6	14.35
238	225	11	93.49
101	2874	4	16.67
110	436	3	6.6
958	12	4	9.12
109	407	3	5.71
1094	102	4	10.93
568	111	10	53.51
153	182	5	18.61
113	148	9	9.45
1110	102	11	57.34
106	1499	3	11.12
962	102	3	5.6
464	111	3	7.04
103	289	12	27.75
309	135	3	10.82
1413	14	4	8.4
192	12	12	8.45
238	360	11	107.2
106	4892	3	24.3
110	225	32	166.93
927	102	12	59.8
102	1868	3	10.44
198	113	34	170.21
384	483	4	38.93
940	101	4	5.7
3315	127	3	27.54
882	101	4	5.05
110	332	23	128.45
172	208	3	12.42
212	5709	3	43.71
16	2	20	53.79
16	330	3	8.93
858	1252	15	283.77
147	388	4	21.4
135	1292	3	21.06
276	441	3	24.02
101	303	34	105.78
378	105	4	4.36
106	582	4	9.27
148	411	3	15.47
399	14	14	25.2
119	164	4	4.97
523	110	33	282.87
1474	14	4	9.06
854	106	4	12.17
2598	14	3	9.61
216	112	4	5.23
104	1181	5	19.27
1710	133	9	99.73
192	142	5	16.93
1322	102	8	38.72
104	1105	3	7.96
101	3674	3	13.68
233	113	8	21.58
132	163	3	3.98
208	114	4	5.05
140	101	42	18.04
101	1180	3	3.94
391	110	4	9.71
101	1316	4	8.36
2449	14	3	8.47
153	128	6	12.23
262	103	7	7.92
165	436	3	17.69
106	331	4	4.22
229	103	6	4.16
2350	101	3	8.92
255	107	6	9.92
3799	131	4	46.33
716	102	3	4.25
379	144	4	20.18
107	535	3	6.54
166	274	8	53.71
1161	131	3	19.38
118	146	7	8.64
110	2227	3	17.47
2103	117	4	30.42
280	275	3	20.36
538	159	3	18.77
5604	14	3	17.6
886	706	20	367.41
203	105	7	4.65
101	3471	4	19.2
287	110	6	14.71
687	102	15	71.42
101	1621	3	5.99
547	102	5	8.9
845	107	4	14.16
446	337	3	25.4
102	374	5	4.83
788	102	9	33.78
112	150	10	11.99
103	694	4	9.06
265	633	4	37.7
2018	104	4	18.79
154	115	6	5.39
263	146	3	10.92
3102	3031	4	83.58
469	106	3	3.94
543	12	4	5.15
102	3933	3	17.12
170	132	3	4.51
720	12	5	11.02
105	211	12	19.39
595	103	3	4.38
4019	130	3	30.2
101	4567	3	13.68
1919	14	3	6.8
115	141	78	388.63
169	872	4	32.97
156	104	12	4.91
277	126	3	8.81
1748	102	3	9.74
107	280	6	11.41
123	115	29	61.75
284	131	10	55.55
842	101	9	24.86
101	673	9	20.98
108	199	7	9.64
3700	112	4	38.04
154	2849	3	30.09
1338	14	3	4.25
640	12	4	6.4
139	963	4	28.32
3547	102	3	14.94
5034	1229	3	56.9
380	244	4	31.38
1300	111	3	13.71
174	1312	3	26.06
101	1642	4	10.39
283	433	8	81.17
3930	4026	4	93.58
107	564	3	6.7
5024	114	3	28.86
148	794	3	19.99
12	188	45	131.06
867	111	3	10.89
199	115	8	20.5
190	517	5	40.65
101	1052	10	36.34
142	104	19	9.23
103	1789	5	24.74
133	199	3	7.06
1964	14	3	6.8
4896	2313	3	62.35
171	120	5	8.84
120	161	4	4.83
109	1706	9	76.19
101	2215	3	8
146	420	3	14.61
130	166	5	11.01
760	134	3	17.18
28	380	3	32.06
419	225	5	41.73
111	357	3	5.14
101	4494	4	24.1
2377	14	3	8.47
101	4442	3	13.68
104	979	4	12.02
101	2524	4	14.84
104	1053	11	61.36
8	421	3	12.85
12	390	15	44.2
385	113	3	6.28
682	114	3	10.42
123	237	3	7.17
228	133	17	107.04
103	1924	4	18.56
123	156	6	11.05
13	4207	4	41.08
101	1959	3	7.22
513	101	8	12.12
149	715	3	19.58
4833	718	3	53.32
57	206	9	63.45
1220	14	4	7.27
777	12	3	4.3
109	4943	3	27.55
303	376	4	33.43
101	1445	9	41.04
113	366	7	24.61
593	14	10	21.32
453	132	6	34.8
1515	14	4	9.06
2432	14	3	8.47
309	103	5	4.79
818	108	4	14.76
114	209	6	11.53
557	111	9	45.37
1041	102	4	10.46
139	154	3	4.07
177	903	3	23.52
117	751	3	13
158	101	52	73.57
1142	101	5	11.36
635	365	3	28.82
101	3088	4	19.2
2005	102	3	10.44
104	548	5	11.24
511	16	4	18.69
152	180	4	12.93
113	1200	3	13.46
668	14	10	24.13
1246	12	3	6.84
119	176	4	5.9
545	105	4	7.55
934	106	7	31.26
554	132	4	21.95
200	978	3	26.46
800	586	5	62.45
101	543	10	20.9
1080	12	4	10.4
103	1228	3	8.54
794	105	3	6.14
296	112	3	4.45
103	1280	10	60.21
101	425	10	14.96
106	248	13	31.59
143	514	3	15.62
124	153	7	14.21
535	275	5	48.16
1250	1254	15	311.29
101	2728	5	24.82
972	102	3	5.88
109	1193	3	12.37
129	144	10	24.49
116	221	3	3.98
809	351	3	29.99
147	318	3	12.7
923	137	4	27.47
1116	107	5	23.38
132	122	6	4.87
6357	133	3	35.37
132	219	6	23.26
135	21	4	5.61
188	134	12	56.67
1746	105	3	11.43
103	512	5	10.23
768	117	6	34.87
58	12	60	180.83
2085	3930	4	82.49
320	218	5	37.76
2343	12	4	18.79
208	153	3	10.47
905	106	3	7.7
1432	14	3	4.65
101	4103	3	13.68
282	118	4	11.44
226	102	7	3.95
2090	107	5	33.16
121	57	3	5.13
879	102	3	5.1
1406	4297	3	53.37
103	1263	3	8.54
103	1111	4	12.72
1961	102	4	16.66
623	4773	3	52.41
332	114	6	18.16
700	120	3	14.03
281	509	3	25.22
152	382	3	15.24
104	191	14	19.69
129	103	40	42.76
610	14	6	7.47
1861	1207	7	125.68
638	138	3	16.93
1435	108	4	19.73
115	729	3	11.8
159	123	8	19.9
104	521	15	67.06
120	907	3	15.59
659	9	3	16.33
104	447	7	16.86
110	238	29	149.66
105	4573	4	31.15
223	113	8	20.76
114	163	16	40.14
101	1612	5	15.57
265	107	5	7.31
113	533	4	13.67
168	114	11	22.02
128	269	11	61.21
101	1460	4	9.63
1197	106	3	9.31
101	5947	3	18.08
101	3908	3	13.68
101	3696	3	13.68
104	1151	5	19.27
359	108	7	19.82
243	103	8	9.43
925	418	3	32.44
101	2125	3	8
664	106	3	6.11
101	1914	3	7.22
105	3804	3	18.9
12	1311	5	17.51
107	1527	6	35.92
101	3394	4	19.2
117	212	3	4.24
4835	5928	3	71.91
57	109	10	21.59
108	439	3	5.5
3635	239	3	40.29
112	4946	3	28.53
131	217	5	17.54
673	102	6	15.26
115	126	15	18.09
466	107	7	23.85
130	262	6	25.59
105	217	8	8.73
2406	102	3	12.23
170	162	5	19.13
228	120	5	14.75
174	187	4	16.7
106	997	3	8.28
480	259	4	34.32
297	110	5	10.96
322	14	12	12.6
1245	14	5	11.33
183	108	7	7.25
398	123	3	10.87
104	2494	3	13.82
118	216	3	5.27
12	125	31	7.71
351	261	6	51.58
112	1302	3	14.17
639	172	6	51.45
101	4338	3	13.68
937	111	4	17.69
133	115	18	32.79
2557	102	4	19.36
108	115	67	109.09
108	286	4	5.59
6	2858	3	43.69
101	1659	6	21.5
7	147	13	19.89
575	103	6	15.95
344	218	3	19.93
1084	108	5	24.14
116	199	4	5.68
4232	12	3	16.69
181	317	7	50.4
195	120	10	36.28
129	234	6	23.97
120	650	3	13.59
184	399	3	18.58
124	240	4	11.67
4809	5246	3	71.91
785	101	4	4.49
240	274	6	46.46
342	462	33	496.06
816	2318	7	127.67
374	102	17	54.35
1068	544	3	35.22
114	414	4	11.36
135	104	26	18.55
355	101	18	38.21
113	190	5	5.88
2582	101	3	8.92
732	244	3	26.64
103	408	4	4.71
135	298	3	10.59
105	1708	6	33.43
268	976	12	159.58
13	155	16	44.21
1941	14	3	6.8
599	103	3	4.54
164	120	5	8
104	1604	3	10.66
1034	14	6	13.59
292	579	3	26.52
149	105	18	14.74
299	120	4	12.83
3451	102	3	14.94
102	912	4	9.25
178	293	22	209.35
485	377	4	38.63
309	150	3	13.27
4742	193	3	42.3
101	1551	6	21.5
103	305	10	20.71
337	280	3	21.73
12	869	3	4.74
596	137	3	16.3
295	115	3	5.73
165	256	3	13.37
106	502	4	7.83
1647	118	3	19.17
645	102	4	6.88
1005	14	4	5.55
181	468	5	37.67
116	378	4	12.06
388	103	6	10.48
110	241	4	5.39
101	839	12	41.58
1490	14	3	5.09
174	128	3	4.49
101	779	5	7.48
101	628	9	19.7
8	509	4	21.35
441	275	4	34.46
115	284	3	5.41
146	323	3	12.58
115	224	4	7.11
103	5401	3	23.03
131	1455	3	21.3
831	104	3	6.24
103	4509	3	18.57
249	144	3	10.17
1115	102	7	27.84
1259	127	8	70.75
1105	585	9	134.44
942	107	10	59.89
105	1455	5	22.93
4632	112	4	38.04
951	12	3	5.24
112	176	6	6.39
145	283	3	11.24
101	1652	6	21.5
463	5022	3	50.15
207	376	5	38.79
179	266	3	14.96
1103	12	4	10.4
437	14	8	8.58
1420	14	3	4.65
798	14	4	4.02
102	202	14	17.28
483	13	15	101.59
101	3452	3	11.55
2170	2857	4	74.86
103	2132	4	19.79
334	102	7	8.8
912	114	11	76.98
1909	102	3	10.44
918	102	7	24.37
120	144	12	26.24
115	481	5	20.24
152	1104	3	22.56
1075	107	3	10.36
103	1763	5	24.74
101	960	14	60.54
101	1094	5	10.74
343	106	6	10.65
119	890	3	15.56
622	108	3	7.8
186	153	3	8.82
993	103	4	11.8
111	243	14	51.07
105	382	6	10.84
115	584	5	22.79
151	134	5	9.75
120	297	4	12.73
101	2214	4	13.41
326	401	3	24.33
101	1045	4	6.44
102	113	83	34.91
308	148	4	19.81
167	172	8	39.5
1056	122	3	17.2
3750	3688	3	62.92
113	726	4	16.3
103	1018	5	17.09
7	233	4	6.38
131	382	5	24.71
105	1292	3	9.27
242	106	5	4
876	112	3	11.33
1271	1482	3	43.87
623	1851	9	159.32
57	145	3	7.98
144	2463	3	27.02
1088	143	10	98.66
163	176	3	8.95
491	105	4	6.62
104	1634	4	16.82
109	625	5	19.39
1591	14	3	5.58
249	103	8	9.92
134	163	4	7.82
105	3838	3	18.9
1037	102	8	33.34
1401	2052	5	86.84
173	255	8	53.48
107	163	15	24.57
101	689	13	42.36
508	351	3	26.83
174	182	4	15.96
3970	102	3	17.12
123	101	51	9.55
648	14	8	15.06
1605	9	3	22.41
366	108	3	4.19
104	942	6	22.58
115	333	5	15.28
1149	14	6	15.12
109	3798	4	36.73
1134	9	3	19.89
535	389	4	40.21
143	250	4	15.61
110	256	5	9.14
110	316	5	11.69
9	126	7	9.42
1355	13	4	25.14
140	1247	5	41.43
152	217	15	103.92
16	262	5	16.85
1546	1890	5	87.23
1095	156	3	22.84
104	1121	5	18.59
4063	2841	4	85.95
231	1066	11	140.39
482	118	3	10.89
797	12	3	4.3
101	1554	4	10.39
1928	110	4	25.01
101	1502	3	5.49
102	1065	4	10.46
574	106	3	5.24
128	362	9	52.97
103	405	4	4.71
113	120	52	130.19
188	132	14	67.72
808	333	4	41.55
952	14	5	8.48
164	133	18	86.71
103	2692	3	14.84
109	478	7	27.16
718	158	3	20.6
109	374	8	27.96
108	694	3	8.4
463	2034	6	91.76
244	433	3	22.83
101	2663	3	10.06
832	102	11	47.91
266	126	3	8.55
415	1139	16	268.07
101	2723	3	10.06
373	372	57	1003.12
245	633	4	36.75
147	201	4	14.1
105	887	7	28.36
107	2275	5	33.16
116	115	17	8.7
136	120	11	19.64
1030	2339	3	46.13
103	1221	6	26.27
1287	14	4	7.81
103	1161	5	18.99
104	2925	3	15.02
103	1341	6	27.29
12	841	8	27.53
921	14	4	4.87
359	267	3	21.78
109	300	9	28.74
101	3739	3	13.68
101	5734	3	18.08
149	265	5	25.31
840	118	3	14.36
125	104	49	61.29
292	535	4	37.08
101	1505	3	5.49
135	593	3	15.79
660	4235	4	70.62
303	392	6	56.06
1335	14	3	4.25
102	990	12	61.66
103	1466	4	15.78
493	12	7	14.18
904	14	5	8.03
103	1550	3	10.49
119	108	113	382.48
167	1824	3	27.88
114	1604	4	24.18
323	116	3	6.42
107	800	3	8.65
883	105	3	6.62
560	486	3	30.32
169	472	3	18.66
110	339	4	8.28
225	111	11	33.06
13	1143	12	105.4
613	101	5	5.36
101	2848	4	16.67
147	129	13	40.95
215	140	3	8.77
1513	860	10	174.51
3947	131	3	30.25
1557	137	3	23.02
111	678	3	9.46
105	1088	4	13.13
103	1296	5	20.53
1466	12	3	8.17
101	559	6	7.29
579	461	3	30.25
124	138	14	36.26
119	490	5	24.55
124	187	3	4.7
2958	14	3	9.61
380	789	4	43.3
206	151	5	22.12
109	555	3	7.89
635	244	4	36.75
578	114	5	20.49
13	198	5	9.57
12	1598	3	8.72
113	669	5	21.93
113	753	3	10.71
252	2369	3	35.72
12	5749	3	21.13
532	2720	3	42.95
138	123	5	4.55
191	112	11	27.22
203	106	7	6.06
573	105	3	4.49
150	218	25	199.98
965	12	3	5.24
160	157	9	40.42
2264	112	3	18.03
316	12	6	5.03
1649	14	3	5.58
667	14	5	5.57
141	1163	3	20.91
379	150	4	22.22
166	137	16	76.54
142	118	6	5.11
101	1002	4	6.06
110	2166	6	46.97
351	433	4	36.64
174	113	5	4.13
101	610	9	19.1
1081	12	5	15.34
196	103	20	41.21
170	134	3	5
394	149	3	15.21
101	2456	4	14.84
232	215	7	51.13
3599	14	3	11.09
340	112	3	5.21
102	2664	3	13.41
849	14	4	4.57
115	1479	3	16.72
167	347	4	23.68
410	111	3	6.24
114	838	3	11.38
1648	3315	3	52.29
586	104	3	4.52
167	557	11	104.6
103	629	9	33.36
207	239	4	24.36
109	2603	3	19.29
263	148	3	11.88
337	2596	3	39.1
221	163	4	18.6
3670	193	3	37.81
232	101	28	54.23
157	481	6	43.76
104	3528	5	38.68
1722	108	4	22.24
104	3460	3	16.56
2593	9	4	39.4
283	261	11	103.17
161	181	4	14.5
112	103	141	205.48
187	21	3	8.01
8	1346	3	21.05
101	659	5	6.17
751	14	9	21.87
254	102	24	69.16
1297	102	6	24.45
2233	102	6	34.24
810	365	3	30.29
160	406	4	24.85
131	1425	4	30.33
782	133	4	25.65
110	880	5	23.35
120	135	10	15.93
115	358	4	11.24
101	2180	3	8
101	4270	3	13.68
133	169	3	4.95
163	1153	3	24.25
136	716	4	25.36
101	913	15	65.88
1301	12	3	7.24
104	2434	3	13.82
101	965	9	27.82
104	2510	4	21.51
119	1011	5	32.61
105	4771	3	23.36
1136	2661	5	89.47
853	103	3	6.33
103	944	4	11.39
103	1046	10	52.4
522	14	14	35.57
2363	112	4	28.53
371	271	4	32.03
1443	531	9	141.99
101	3453	3	11.55
108	302	5	9.25
138	269	4	16.08
108	169	7	5.43
108	101	128	6.41
476	370	5	49.87
364	508	3	27.02
101	1266	9	36.49
113	210	6	11.32
1782	107	7	49
182	14	22	11.93
101	4147	3	13.68
628	218	16	196.06
16	369	3	9.63
239	897	8	91.94
439	103	4	5.35
116	200	8	21.29
15	2613	3	43.69
13	3742	3	26.32
313	104	7	11.14
131	3561	3	28.02
440	113	3	7.23
775	148	3	19.99
12	916	11	49.02
2	183	6	18.25
4387	102	4	28.75
326	2414	3	37.68
511	21	3	16.62
966	14	8	21.32
220	516	4	33.47
967	138	5	37.75
101	3788	3	13.68
3133	200	3	36.28
104	1339	3	9.13
144	150	4	7.41
144	207	4	13.78
3153	15	3	45.27
3604	102	3	14.94
345	148	3	13.91
2672	101	4	16.67
103	115	46	14.04
3729	101	4	24.1
112	800	3	10.8
392	112	3	6.24
603	12	4	5.95
1867	422	5	70.31
101	1550	4	10.39
331	392	6	57.28
125	265	3	8.34
108	986	4	16.36
1560	107	3	13.51
2723	102	3	13.41
529	113	3	8.59
2756	102	3	13.41
105	685	3	5.51
116	379	5	17.39
16	246	3	6.88
147	356	11	79.19
159	115	5	4.11
244	193	5	31.03
103	3815	4	30.71
119	194	5	11.51
148	591	8	65.56
112	1952	4	25.76
668	153	3	19.39
103	1581	9	58.76
113	1149	3	13.46
868	14	12	41.17
124	301	4	13.95
112	1645	3	15.77
799	693	4	49.31
175	184	3	10.68
1228	14	3	3.9
118	787	3	14.1
3169	1888	3	53.73
367	107	4	6.97
8	4475	3	30.54
215	126	4	11.25
244	381	3	21.74
120	651	3	13.59
109	1360	3	13.71
1717	102	4	15.63
101	3961	3	13.68
305	321	3	22.01
206	184	11	78.19
143	1255	3	21.49
101	1212	10	41.67
103	492	4	6.27
101	1144	7	21.16
101	1348	8	31.39
108	123	32	43.37
213	102	10	8.94
101	1857	3	7.22
344	280	3	21.92
592	156	9	78.17
102	154	19	10.93
2933	102	6	43.13
416	104	5	8.25
142	148	4	6.97
776	280	5	52.54
103	1686	6	32.78
235	144	3	9.83
12	114	78	24.55
591	129	4	22.28
239	2799	3	36.47
110	1064	3	12.02
1123	106	4	14.3
105	434	18	79.81
160	128	4	6.75
133	123	7	8.57
353	120	9	46.83
1229	5434	3	56.9
1241	106	3	9.71
105	283	7	9.77
5341	14	3	17.6
170	103	12	8.46
196	134	19	111.31
419	138	3	13.74
455	14	8	9.14
101	705	18	77.19
8	508	3	14.25
241	114	4	6.34
211	726	5	47.5
101	2059	6	27.36
7	460	3	7.95
101	2111	6	27.36
101	1908	4	12.24
1234	102	3	7.22
236	370	3	21.13
102	458	5	6.96
3884	139	3	31.69
964	102	3	5.6
125	2491	3	24.45
101	3332	4	19.2
104	1802	4	17.74
813	14	4	4.29
802	105	3	6.14
161	324	4	22.43
12	1294	3	7.24
375	105	4	4.26
1866	14	3	6.8
103	763	3	5.64
178	2626	5	62.79
109	676	5	20.11
104	1635	4	16.82
104	1815	3	11.29
105	195	8	5.48
13	1674	8	72.21
1439	5034	3	58.42
366	109	4	8.48
109	1897	3	16.21
146	158	5	13.25
103	3378	4	25.75
456	363	13	156.91
107	245	31	149.02
107	103	186	239.24
766	105	4	10.03
2611	14	3	9.61
104	4246	4	30.95
123	243	3	7.23
101	791	14	52.78
423	174	3	18.24
199	123	7	23.55
104	2583	4	21.51
1000	128	6	45.48
160	114	6	5.3
111	101	212	158.7
4818	127	3	34.26
301	260	3	20.21
105	383	5	7.49
105	451	5	9.39
151	192	10	53.94
171	118	15	53.5
1159	118	4	24.77
101	2257	4	13.41
120	296	5	18.05
108	269	5	8.12
108	337	7	18.79
57	567	3	22.57
1198	102	6	22.52
487	14	9	13.53
236	191	6	38.82
107	1106	3	10.71
602	14	20	78.22
5724	14	3	17.6
208	14	28	41.92
707	106	4	10.84
13	252	4	8.99
113	217	14	50.71
101	1299	7	23.48
101	1247	5	12.04
101	1195	9	33.01
3089	864	3	47.66
800	588	3	33.92
101	363	22	56.76
106	262	12	28.78
12	842	13	60.69
201	111	8	16.28
12	782	3	4.3
101	2766	5	24.82
101	2662	5	24.82
179	5346	3	40.95
1145	105	4	13.65
2293	9	5	50.42
1054	14	4	5.93
8	2593	4	39.1
691	1636	3	40.19
5617	14	3	17.6
105	888	8	34.93
136	2777	3	27.37
103	3832	4	30.71
1111	110	3	12.38
9	125	9	15.32
1921	14	3	6.8
103	5811	3	23.03
1353	3151	4	72.53
225	287	4	27.47
121	6108	3	33.3
172	132	5	11.95
1344	116	3	15.84
1272	14	4	7.81
450	102	5	6.77
211	190	3	14.08
1157	1250	15	303.81
128	115	58	217.73
114	150	8	7.64
139	141	8	19.33
109	222	15	51.59
178	5102	3	40.88
125	292	3	9
105	2056	3	12.98
105	2116	4	20.22
155	327	6	36.65
101	558	9	17.45
296	126	3	9.3
12	827	3	4.52
865	111	11	72.63
129	132	13	31.16
725	279	3	27.53
255	105	11	21.03
1585	12	3	8.72
887	14	4	4.87
245	655	3	25.93
772	1855	3	42.37
104	1579	3	10.66
101	4131	3	13.68
768	102	4	7.94
101	1174	3	3.94
101	1326	7	23.48
194	126	8	29.11
136	1259	3	20.72
101	1429	6	18.91
105	5241	3	23.36
144	311	3	11.85
101	5915	3	18.08
104	1171	4	13.46
105	2037	4	20.22
13	528	8	44.39
110	187	32	137.73
9	14	81	78.8
110	338	11	44.14
977	1271	3	40.79
105	759	11	51.96
116	357	5	16.4
101	305	30	84.42
306	150	3	13.19
2261	126	3	23.6
2855	102	4	21.22
450	177	4	27.38
107	620	7	29.13
535	395	5	52.94
114	1394	9	70.64
4200	102	3	17.12
12	2862	3	12.99
111	476	4	11.7
101	2539	4	14.84
1261	1045	3	40.68
214	101	34	70
438	104	5	8.79
1417	104	3	9.59
682	14	6	8.89
1664	14	3	5.58
101	747	6	10.51
174	157	4	12.99
101	814	9	24.86
112	209	12	37.07
102	480	6	10.94
103	628	3	4.7
145	461	4	22.4
106	1799	3	12.32
103	839	4	10.28
122	215	3	6.16
569	14	9	16.75
1493	14	5	13.79
108	573	3	7.27
1151	102	4	11.43
4033	102	3	17.12
138	172	5	13.87
1285	102	3	7.63
110	1792	4	23.94
919	102	3	5.34
573	104	3	4.37
371	291	5	43.27
305	689	3	27.91
834	14	4	4.29
1753	14	3	6.15
109	2196	4	25.72
7	119	29	45.91
137	396	29	275.58
434	14	6	3.95
104	2462	4	21.51
1421	14	7	23.77
1047	107	4	16.22
147	780	4	28.17
115	406	6	23.86
120	122	7	3.94
151	208	4	16.07
110	4392	3	23.48
183	122	3	4.22
884	102	3	5.1
384	730	3	30.3
1314	102	3	7.63
351	193	17	167.93
1674	13	8	72.21
104	757	5	14.51
3587	14	4	18.57
120	191	3	4.24
1482	14	3	5.09
136	2549	3	26.13
181	844	3	23.3
622	194	3	22.85
1130	750	5	69.14
301	121	28	212.15
181	693	3	22.29
126	103	53	72.82
177	181	13	82.59
334	121	3	9.3
103	867	6	20.98
7	330	7	23.74
946	114	5	25.86
874	101	4	5.05
651	104	3	5.02
127	113	14	11.25
112	500	4	12.85
112	417	7	27.11
122	101	183	358.68
154	137	61	437.49
1003	102	3	5.88
459	13	20	146.59
112	163	9	12.83
221	103	18	43.27
109	766	4	15.18
2314	5188	3	62.35
857	12	5	12.65
1499	116	3	16.87
691	200	5	45.91
146	128	6	9.92
115	112	18	5.03
888	12	3	4.98
394	108	5	12.47
983	112	5	25.89
1318	12	5	17.51
170	121	6	13.51
612	14	14	41.31
172	605	4	30.16
508	384	3	27.66
101	762	8	18.58
174	154	5	17.62
2092	102	3	11.26
1036	102	4	10.46
101	829	16	68.87
351	381	5	46.34
102	1293	10	55.36
12	2134	3	10.84
6365	102	3	21.56
223	125	4	11.62
3302	117	3	24.39
3887	128	3	30.04
2029	14	3	7.56
165	187	4	15.66
1138	1138	8	131.72
1935	110	9	83.91
3345	14	4	18.57
165	138	7	22.34
234	120	3	6.29
324	110	5	11.95
1391	12	3	7.68
464	12	4	3.9
436	136	3	13.72
833	12	3	4.52
3873	8	3	30.54
125	146	9	19.67
572	102	5	9.43
140	152	6	15.22
421	137	5	27.95
563	107	3	6.7
829	102	8	28.62
110	1192	12	93.98
110	1312	3	13.62
206	304	6	45.45
103	362	5	6.23
103	540	16	75.44
587	103	6	16.31
135	174	5	13.27
712	12	3	3.91
2154	14	3	7.56
162	132	8	23.92
4117	14	3	13.21
114	1302	4	21.9
103	1128	8	38.31
332	14	28	76.53
101	405	19	50.39
809	383	3	30.83
116	152	9	13.8
2690	137	3	27.57
959	129	3	17.86
104	327	7	11.48
739	3127	3	46.84
1791	102	5	22.36
456	829	3	32.21
437	114	4	11.99
145	104	27	27.31
746	102	6	16.63
101	1737	5	16.77
236	162	13	94.22
103	2147	3	12.66
1950	105	5	26.74
259	14	17	19.29
1	62	4	29.5
108	236	5	6.76
278	105	10	19.61
104	821	8	32.81
101	2366	4	14.84
1086	2339	3	46.51
260	138	4	15.56
1693	12	7	37.27
204	120	12	51
2195	14	4	12.81
101	2246	4	13.41
158	1719	7	79.2
245	105	6	5.2
5178	119	3	32.62
1992	14	3	6.8
111	335	4	8.29
118	104	49	37.72
222	129	3	7.7
2621	102	3	13.41
101	645	11	29.61
480	137	4	21.81
110	2468	4	27.78
514	101	8	12.12
5921	139	3	36.19
228	104	7	6.49
643	102	5	10.62
107	276	37	209.59
527	244	3	24.35
105	4960	3	23.36
1583	102	4	14.72
104	906	4	11.21
16	736	3	14.82
147	985	6	50.97
111	378	3	5.56
126	415	4	18.13
177	369	6	42.6
141	168	6	18.61
361	103	13	38.71
1192	14	11	45.2
108	357	3	4.04
108	409	3	5.08
319	13	12	59.88
173	126	3	4.12
109	2608	3	19.29
154	274	3	12.71
103	626	8	27.59
2469	102	4	19.36
1612	102	3	9.12
112	162	6	4.89
102	442	6	9.96
125	148	6	10.68
1407	4331	3	53.37
1125	102	4	10.93
697	111	8	42.38
2002	102	4	16.66
121	407	4	16.73
331	376	3	23.86
614	117	4	17.93
337	103	5	5.51
103	171	12	8.53
107	837	13	82.35
107	634	4	12.3
306	103	6	7.25
590	14	5	4.55
103	1489	10	66.06
422	108	3	5.29
110	2921	3	19.7
116	573	3	10.53
3400	102	3	14.94
180	689	6	53.62
110	182	40	183.2
131	1829	9	97.83
105	855	7	27.61
104	312	23	89.91
195	107	16	40.78
649	115	6	30.94
110	539	8	37.47
195	160	3	10.44
579	418	4	41.78
101	512	15	41.73
103	1189	7	32.21
106	181	14	19.63
101	470	6	5.13
102	776	3	4.65
121	153	5	7.02
162	134	11	41.67
154	884	6	51.12
188	103	12	12.78
106	1498	3	11.12
1247	102	4	11.97
164	160	3	8.04
449	111	8	33.41
3904	3677	3	62.92
113	160	6	5.07
1362	126	3	20.17
391	111	5	14.37
101	1315	9	36.49
206	142	25	178.31
780	111	10	61.22
109	359	6	16.82
618	130	7	48.04
1143	3719	4	75.59
1028	103	3	7.46
743	14	6	9.72
182	153	4	13.19
2733	14	3	9.61
761	105	3	5.92
110	526	16	99.02
382	14	8	6.45
105	1022	3	7.76
116	243	6	16.12
106	278	8	14.64
155	312	4	20.78
1821	131	3	22.57
580	13	10	63.28
101	557	6	7.29
136	160	5	11.95
356	111	13	58.89
878	102	4	8.89
750	111	8	43.82
1278	3059	4	71.83
101	242	53	183.3
1041	3853	4	74.52
2	186	6	18.89
520	129	4	21.08
2102	102	3	11.26
165	182	6	27.12
1069	114	3	12.89
847	13	8	53.52
145	3523	3	29.9
3427	14	3	11.09
225	12	14	20.31
2868	14	3	9.61
2790	117	5	46.45
502	14	11	21.19
987	106	3	8.28
370	130	3	11.32
101	1571	4	10.39
104	4063	3	18.75
7	938	3	12.44
122	658	4	21.64
101	1368	4	8.96
102	932	4	9.63
5011	13	3	30.81
1187	102	5	16.68
719	137	6	43.79
221	150	4	16.65
109	608	7	31.66
274	141	3	10.72
134	117	9	9.05
246	125	5	17.7
227	120	3	6.05
333	110	6	16.52
137	149	6	14.05
119	805	3	14.72
107	281	34	187.31
101	748	8	18.58
101	672	5	6.17
160	345	6	39.33
180	274	7	47.71
290	104	14	37.28
108	1476	4	20.47
111	115	19	4.92
104	671	3	5.2
104	755	3	5.79
101	2273	4	13.41
316	111	4	7.88
838	102	3	4.87
156	350	3	14.71
107	364	24	128.97
102	1447	3	8.57
107	432	6	17.55
118	211	4	8.52
183	194	3	12.16
21	62	10	80.82
222	116	10	34.81
101	1004	5	9.64
508	283	3	25.22
615	231	3	24.93
998	897	5	69.8
2543	106	4	22.94
103	1099	7	31.14
101	1620	5	15.57
250	1418	4	44.12
403	401	3	26.06
101	1688	6	23.1
101	1772	9	47.83
2160	14	5	19.07
179	108	18	44.41
138	115	11	13.44
102	3086	3	14.94
1464	118	6	47.41
640	172	3	21.21
12	391	10	21.33
913	105	3	6.88
1324	14	3	4.25
1736	12	3	9.33
3172	14	3	11.09
147	899	7	60.39
101	2523	3	8.92
120	414	3	10.37
115	339	5	15.56
180	321	3	16.41
1900	2622	3	52.14
598	107	3	7.2
187	120	6	14.96
130	3881	4	46.27
112	277	5	11
636	103	4	8.53
1565	12	3	8.72
106	1731	10	81.01
104	3548	3	16.56
393	346	3	24.58
107	1171	3	11.09
1252	1248	15	311.29
773	103	5	14.65
104	3343	3	16.56
101	1643	3	5.99
105	1202	5	20.25
138	111	13	12.68
117	345	5	17.26
104	2005	3	12.01
110	1776	3	15.88
101	3421	3	11.55
101	5520	3	18.08
160	173	3	8.7
496	101	8	11.75
4246	114	3	24.38
115	524	15	100.96
2777	114	3	20.59
120	235	4	10.5
104	680	27	200.47
190	466	3	20.38
2997	105	3	16.71
1170	14	5	10.66
12	138	24	8.04
110	2181	3	17.47
101	933	11	39.67
118	189	4	6.67
104	218	10	14
104	176	43	130.16
238	153	4	17.68
102	3162	3	14.94
107	2205	6	43.46
147	143	4	6.35
4703	203	3	43.1
136	118	7	6.44
101	1234	4	7.81
391	115	4	12.28
103	573	3	4.23
113	180	12	28.16
780	115	5	25.86
153	154	4	9.77
589	105	13	58.82
101	3935	3	13.68
5214	14	3	17.6
13	319	11	52.86
139	153	7	19.58
150	859	3	20.68
840	105	5	15.59
1835	117	3	18.96
102	2136	3	11.26
101	1385	3	5.04
101	1488	4	9.63
1696	13	3	18.68
2144	102	3	11.26
128	124	15	33.81
144	295	5	24.28
252	154	4	18.34
288	101	17	26.04
165	113	13	27.48
101	289	25	57.51
7	1693	3	16.97
1218	122	4	27.1
323	101	19	38.33
184	160	3	9.65
435	129	3	12.75
3057	102	5	35.94
12	948	3	5.24
129	464	4	19.85
104	371	13	40.32
159	136	17	78.17
1781	14	3	6.15
2299	12	3	11.81
2653	14	3	9.61
694	110	5	21.15
143	103	16	4.86
1477	14	3	5.09
148	584	9	76.23
999	136	4	28.09
363	14	9	7.44
101	268	37	109.44
103	1435	4	15.05
2	170	9	31.16
103	1570	4	16.59
2	12	70	106.31
1669	13	3	18.68
110	113	33	18.81
149	107	9	4.81
1979	102	4	16.66
109	272	11	37.06
104	1152	7	32.61
1738	133	5	45.14
216	128	3	7.44
114	103	80	55.73
112	618	5	20.61
488	110	3	7.35
985	103	3	7.15
2744	14	6	35.2
113	450	3	7.35
103	303	6	7.25
113	382	3	6.28
262	134	5	20.66
1983	12	3	10.03
533	105	3	4.07
355	110	4	8.72
101	1281	4	8.36
2085	3929	4	82.49
1191	137	8	73.6
182	114	8	13.97
1002	102	5	14.82
108	792	5	20.34
618	111	9	47.26
1186	101	3	3.94
2081	102	3	11.26
195	118	5	10.7
110	493	3	7.35
3737	2623	3	59.1
12	677	4	6.64
102	2046	5	25.52
124	157	9	23.55
369	132	4	17.35
114	1106	4	20.15
135	1374	3	21.55
155	218	3	11.19
3104	2677	3	56.87
101	589	14	42.32
372	1	57	788.47
428	12	35	191.41
101	898	10	32.3
250	115	5	11.91
142	146	4	5.89
103	1825	3	11.12
103	1773	3	11.12
101	1032	4	6.44
101	1100	7	20.15
283	381	4	32.99
101	1794	3	6.56
416	107	3	4.8
102	212	12	13.81
167	129	6	15.43
723	102	7	21.09
203	9	5	16.67
1061	14	4	5.93
820	12	5	12.21
150	506	3	17.11
101	3393	3	11.55
2128	105	3	12.98
706	103	20	125.79
4493	14	3	13.21
101	1975	3	7.22
283	193	15	134.8
134	251	4	14.46
103	2079	4	19.79
123	321	3	9.29
441	137	3	14.04
107	150	12	10.91
106	2127	3	13.89
110	661	4	14.77
103	3368	3	16.39
110	745	7	35.95
505	153	3	17.34
146	213	6	26.65
101	4490	3	13.68
1262	14	3	3.9
196	132	17	92.15
1852	480	3	39
104	1366	3	9.59
110	1289	7	45.98
101	3925	4	24.1
718	122	3	14.89
1135	178	4	36.56
140	104	45	78.1
907	14	4	4.87
189	1388	3	28.01
13	5178	3	30.81
609	12	5	9.38
101	501	23	87.44
1997	14	3	6.8
106	199	9	10.5
101	552	20	75.88
526	12	4	4.8
295	398	4	33.81
3859	566	4	69.21
167	1938	4	41.1
5268	127	3	34.26
3545	102	3	14.94
101	2855	4	16.67
4204	107	3	21.73
327	126	4	15.43
116	246	3	4.61
105	1019	3	7.45
6375	6435	3	71.91
159	146	4	9.04
705	2345	6	101.68
484	137	4	22.01
105	721	3	5.71
12	2187	4	17.32
198	149	3	9.42
101	166	26	14.81
980	14	13	53.22
119	241	3	6.42
2113	105	4	20.22
1025	9	10	92.99
2462	112	3	19.03
240	1184	3	29.36
101	1514	5	14.53
128	166	7	19.3
113	559	4	14.12
345	12	6	5.78
103	340	12	31.91
5618	200	3	43.01
747	12	3	4.1
335	115	3	6.45
192	146	5	18
131	765	4	24.47
1727	102	3	9.74
102	430	5	6.26
102	474	7	14.42
114	843	3	11.38
101	2024	7	32.85
101	2083	4	13.41
1052	106	4	13.82
491	116	3	9.42
562	14	11	24.24
109	816	5	22.2
2283	1264	3	47.81
105	319	31	147.11
1118	112	3	12.92
347	120	3	8.96
146	121	6	7.98
156	101	59	88.19
565	384	5	53.18
12	465	6	9.72
107	284	9	23.73
1010	114	3	12.55
101	669	6	9.27
633	365	3	28.82
1294	101	5	12.79
12	260	48	212.3
123	486	4	19.01
1273	102	3	7.63
825	105	3	6.37
2566	793	3	44.27
1364	14	3	4.65
151	153	9	35.35
838	14	5	7.21
316	106	4	3.97
414	168	3	17.63
13	850	20	192.35
157	191	3	9.57
114	2369	4	28.97
108	248	7	13.95
154	435	5	32.53
101	1617	4	10.39
103	1104	3	7.8
889	114	3	11.93
253	118	3	6.24
325	102	12	25.68
103	2324	4	21.28
126	113	11	5.36
259	102	28	90.56
1213	107	3	11.49
278	101	10	6.39
108	160	14	22.73
125	966	3	17.19
101	1784	5	16.77
1447	9	3	21.82
103	877	3	6.33
283	459	5	46.21
101	1740	3	6.56
103	981	3	7.15
127	103	40	38.86
1462	14	4	9.06
103	1647	3	10.49
474	110	3	7.09
322	121	3	9.05
3157	106	3	17.64
166	231	3	12.85
119	1080	3	16.9
235	128	4	12.77
2250	112	3	18.03
12	164	14	5.68
4445	102	3	17.12
6328	131	3	34.74
151	113	10	12.79
2721	111	3	19.8
103	3545	3	16.39
133	107	14	7.33
160	144	14	64.83
104	901	6	21.93
996	242	3	28.29
105	101	808	1362.5
111	583	3	8.69
105	302	35	169.65
404	130	3	12.06
293	3756	3	41.99
2865	14	4	16.04
12	348	6	5.91
1023	106	3	8.6
541	117	3	10.98
101	2100	4	13.41
134	128	14	37.45
733	275	4	39.46
109	712	3	9.42
2660	280	3	37.86
104	1739	3	11.29
62	109	4	11.65
108	412	3	5.08
2287	114	4	28.97
1265	740	11	186.26
131	101	115	176.27
348	104	9	19.98
2929	118	4	35.03
3523	140	5	60.48
1144	2043	3	45.89
144	212	8	38.93
113	574	6	26.54
559	102	5	9.16
417	127	3	11.99
1090	105	3	8.09
202	14	19	14.26
624	143	3	17.07
104	1330	7	35.05
467	376	3	26.67
178	3816	3	36.39
457	103	5	8.93
837	12	3	4.52
9	149	6	13
302	1935	9	140.68
102	1864	5	23.8
105	2605	3	15.17
101	210	45	116.82
107	961	10	59.89
175	104	16	19.7
110	2773	4	29.68
101	467	29	121.96
147	174	3	6.76
4512	14	3	13.21
219	116	3	3.94
104	317	9	18.27
495	549	33	586.67
2661	8	5	53.01
1442	171	3	26.91
1051	108	3	10.8
14	58	98	297.72
102	771	3	4.65
1354	16	12	125.05
429	209	3	21.23
110	161	20	52.6
159	120	5	7.2
101	2928	3	10.06
119	271	3	7.32
190	673	3	23.05
101	6389	3	18.08
110	2895	3	19.7
101	190	22	18.17
757	135	4	25.53
464	118	3	10.61
890	111	4	17.28
112	615	3	9.3
112	691	3	10.1
415	4955	3	49.34
101	1456	5	14.53
202	125	5	14.71
111	1783	4	24.06
1484	106	3	11.12
1884	637	6	94.49
1926	117	5	39.52
101	3768	3	13.68
192	120	3	4.3
472	106	6	15.14
3132	108	3	19.99
396	12	5	4.97
180	1631	4	40.34
144	524	8	59.1
1947	133	4	34.83
13	3882	4	41.08
596	383	3	28.93
124	235	8	33.87
114	1261	4	21.27
5748	126	3	34.15
13	3730	3	26.32
1886	511	5	72.79
101	592	14	42.32
103	1183	3	8.15
106	111	43	6.26
219	110	4	4.71
281	579	5	49.37
147	299	5	25.57
346	103	6	8.61
266	132	4	14.37
120	761	3	14.5
310	120	3	8.24
2058	106	4	21.45
101	1027	8	24.48
688	14	14	46.16
307	136	3	10.86
343	12	9	14.47
2347	1690	3	50.14
103	3628	4	25.75
115	370	4	11.61
3899	3920	3	62.92
110	860	4	16.76
111	325	3	4.61
105	424	13	46.63
1126	137	4	29.35
177	101	31	30.89
110	1628	3	15.22
108	118	26	17.83
138	249	16	106.12
103	1008	12	67.44
106	2018	3	13.05
101	1663	3	5.99
103	856	8	33.19
102	209	8	4.57
12	1563	3	8.72
302	532	33	508.11
723	14	5	6.17
139	2538	3	26.65
101	2121	3	8
101	1918	3	7.22
122	181	3	3.92
103	803	5	14.65
964	112	3	11.91
446	105	7	17.18
141	122	6	6.95
1	2	4	9.14
1424	111	4	21.53
117	208	4	7.42
101	3186	3	11.55
108	486	3	6.23
105	1444	7	38.42
286	619	4	38.28
466	111	5	16.57
806	105	3	6.14
104	4407	3	18.75
2875	2948	3	55.28
101	639	7	12.34
793	14	5	6.84
1776	14	3	6.15
105	2916	4	23.59
1426	9	6	52.65
170	153	8	34.86
115	191	13	42.44
105	3000	3	16.71
107	113	33	8.82
333	118	5	18.2
277	102	7	6.42
21	2	5	7.84
123	160	4	5.71
101	801	4	4.49
102	417	6	9.09
375	156	3	15.21
1342	101	4	8.36
106	1734	4	19.15
403	274	3	23.06
5048	4931	3	71.91
8	6059	3	35.04
1437	454	3	36.52
2344	103	4	21.28
117	103	122	236.75
177	572	3	20.66
138	159	3	4.59
358	110	5	12.93
191	121	5	12.27
242	12	7	3.99
101	3546	4	19.2
3683	130	4	46.27
517	14	10	17.92
122	2734	3	25.01
4585	102	3	17.12
102	163	16	9.94
121	687	10	75.64
103	1073	4	12.25
207	430	3	21.13
12	135	49	55.51
272	2183	4	50.24
142	101	30	3.99
104	4495	3	18.75
101	878	17	79.38
6353	117	3	31.1
329	7	5	13.6
339	396	5	46.25
260	103	9	13.62
120	157	13	39.28
189	168	3	10.72
103	1156	3	8.15
103	1232	6	26.27
3858	3809	3	62.92
104	291	9	16.56
310	133	6	29.67
147	210	5	20.73
132	173	3	4.62
197	111	5	5.83
182	131	8	27.88
1135	109	3	12.37
504	704	3	32.17
188	138	8	33.06
167	616	3	20.43
153	250	3	11.86
392	396	4	36.73
1058	14	6	13.59
1917	14	3	6.8
102	926	5	14.28
158	104	30	55.58
819	102	3	4.87
314	162	12	94.43
131	642	4	23.21
125	286	3	8.93
104	426	13	46.01
169	356	3	16.44
9	13	31	92.39
1781	102	5	22.36
159	133	3	4.03
1544	3111	3	52.29
108	1725	3	14.62
105	777	5	15.16
567	113	7	33.28
1412	102	8	40.46
198	194	4	20.11
2	147	6	10.89
175	593	3	20.82
1533	12	3	8.72
107	812	4	14.16
163	222	4	18.67
3144	14	3	11.09
109	621	4	13.7
777	106	3	6.95
1304	14	4	7.81
110	1999	3	16.62
403	137	15	117.46
103	758	6	19.34
107	240	7	12.43
137	339	8	47.28
137	139	5	7.52
101	788	12	40.25
179	1132	3	25.13
123	104	54	69.84
105	275	5	4.28
133	445	3	13.56
505	103	4	6.44
101	2413	3	8.92
1333	14	3	4.25
104	1048	3	7.62
105	528	8	25.32
111	299	6	15.45
151	187	4	13.82
101	2158	4	13.41
104	614	3	4.68
137	390	3	12.96
12	328	12	24.19
423	172	3	18.1
101	1041	16	84.07
633	244	4	36.75
101	991	6	13.77
155	631	4	27.98
1809	107	3	14.16
167	175	13	78.11
159	3448	3	32.43
101	1633	4	10.39
113	626	3	9.63
278	130	3	9.31
103	4273	4	30.71
150	168	7	27.82
231	108	4	3.9
109	875	4	16.24
162	112	7	7.19
553	14	6	6.57
153	209	4	16.17
860	21	10	94.84
1233	12	4	11.43
2775	14	4	16.04
1240	1613	5	80.5
1651	14	3	5.58
197	101	46	105.47
1087	102	14	84.98
109	548	4	12.49
119	4119	3	28.13
594	274	3	26.07
1166	102	5	16.68
2463	200	3	33.45
103	1165	8	39.59
1080	106	3	8.94
580	14	6	7.15
1510	14	3	5.09
425	110	4	10.58
2020	112	4	25.76
102	1884	4	16.66
148	176	3	7.47
841	132	6	43.33
107	1006	4	15.76
165	103	11	5.31
101	181	38	54.23
1050	12	3	5.81
378	116	4	12.06
450	14	9	11.7
1373	14	3	4.65
101	231	25	43.04
117	3223	5	51.84
107	809	5	20.04
399	117	5	19.26
12	1092	5	15.34
579	275	5	49.13
735	16	14	119.94
185	107	174	1532.92
110	208	28	130.21
584	104	3	4.52
1384	131	4	30.33
2196	118	3	21.45
3824	13	4	41.08
2173	102	7	44.35
113	425	3	7
194	103	10	8.93
797	105	3	6.14
128	181	3	4.87
1408	14	3	4.65
107	2082	4	23.94
152	1402	4	35.13
292	509	3	25.44
3570	14	3	11.09
529	108	5	16.17
119	1549	11	119.74
167	894	4	33.05
114	113	49	65.01
2231	102	3	11.26
404	2043	3	38.39
12	941	20	140.92
234	101	14	11.07
165	144	3	5.46
2312	153	5	55.62
610	108	3	7.62
467	392	4	38.47
238	499	3	23.67
147	159	5	13.73
1171	1636	3	43.58
172	360	3	16.55
169	143	4	9.77
110	499	19	123.59
129	157	5	9.5
101	2886	4	16.67
5056	2349	3	62.35
3332	102	3	14.94
106	101	259	67.61
101	533	16	48.98
1193	102	6	22.52
2369	102	7	50.32
105	3488	3	16.71
533	156	3	18.1
101	1215	5	12.04
391	133	7	41.19
1019	102	10	46.11
355	104	5	6.33
599	14	6	7.47
139	348	8	48.63
110	1318	3	13.62
132	128	7	9.27
905	12	3	4.98
101	1648	3	5.99
7	252	3	3.89
101	1800	3	6.56
1103	105	4	13.13
213	14	19	17.19
102	326	6	5.87
2013	14	3	6.8
315	104	5	5.3
103	2204	4	19.79
157	162	6	22.24
556	102	4	5.79
2409	102	4	19.36
157	311	8	53.51
101	2173	6	27.36
104	631	13	60.27
204	111	4	3.87
133	217	6	24.36
111	314	4	7.88
105	483	7	18.78
186	162	6	27.91
585	102	6	13.69
101	888	6	12.54
669	106	3	6.11
101	1090	9	31.53
271	125	3	8.53
190	492	3	20.83
1350	141	3	22.29
200	161	3	11.05
174	132	6	16.57
581	12	4	5.74
413	106	5	9.57
2327	1271	5	88.12
21	45	3	29.17
146	251	3	10.68
110	603	19	136.1
1775	102	3	9.74
3210	146	3	30.26
130	152	6	12.47
57	167	12	78
286	620	3	26.85
1382	112	3	14.65
319	14	10	7.81
102	403	5	5.64
102	463	19	78.93
330	299	3	22.1
161	110	12	20.68
1253	105	4	14.21
101	2296	3	8.92
2665	114	3	20.59
2339	139	3	26.65
133	165	3	4.5
111	133	39	101.78
133	104	22	10.5
268	1286	10	136.82
101	1087	12	52.22
118	110	68	175.48
101	909	10	32.3
101	969	6	13.13
12	234	18	35.82
102	1468	3	8.57
12	108	131	62.5
271	14	13	11.19
1336	105	4	14.81
3148	9	3	28.54
105	5990	3	23.36
733	389	3	30.41
115	1256	5	31.2
765	102	5	12.03
108	104	171	226.02
101	3270	4	19.2
103	4504	3	18.57
415	813	18	278.46
885	133	5	35.48
232	104	7	6.77
101	1986	3	7.22
102	580	4	6.2
4579	14	3	13.21
330	120	3	8.63
368	12	5	4.09
101	834	10	30.08
1036	14	6	13.59
1360	108	3	12.86
103	3279	4	25.75
2538	5748	3	62.35
2457	102	3	12.23
115	311	7	24.99
218	339	3	19.84
267	104	6	6.07
12	920	13	64.15
535	351	3	27.34
110	2911	3	19.7
3897	105	3	18.9
105	747	9	38.09
1792	130	3	22.52
953	12	3	5.24
539	14	9	15.74
149	123	5	6.99
101	5807	3	18.08
708	14	5	6.17
112	675	4	15.49
998	230	9	107.91
178	101	21	10.71
476	126	3	12.8
113	471	4	12.29
103	180	19	29.65
106	1190	3	9.31
128	148	20	83.54
104	6141	3	23.21
102	703	6	16.15
1867	16	4	31.66
103	435	11	35.38
13	119	32	71.65
248	123	4	12.02
2559	14	3	8.47
468	14	9	12.39
958	106	4	12.94
108	600	5	17.68
421	9	4	19.73
563	110	3	8.26
14	7	151	66.24
1756	14	4	10.66
107	2317	4	25.45
291	112	3	4.33
1501	108	3	13.39
104	254	7	7.89
103	6117	3	23.03
796	14	4	4.02
105	2284	3	13.97
313	101	17	29.73
405	291	3	23.63
8	635	3	15.9
499	115	3	9.42
106	172	8	3.88
5133	13	3	30.81
103	4093	3	18.57
1317	102	3	7.63
613	104	4	8.24
772	1088	3	37.99
327	114	3	5.26
116	107	23	4.25
101	413	27	96.07
142	688	3	17.58
104	2966	4	23.39
136	12	22	4.35
101	488	21	73.13
154	877	3	20.93
101	1169	11	46.92
188	153	9	45.96
101	1321	6	17.84
103	382	8	17.84
121	103	35	20.4
1839	105	3	11.43
896	106	3	7.7
101	3924	4	24.1
104	1506	6	30.04
132	113	17	20.49
108	649	3	7.99
360	111	9	33.83
140	160	5	12.83
1048	1478	4	59.24
359	139	8	49.17
911	107	11	67.29
1638	140	4	33.98
125	101	62	27.28
345	110	3	4.82
113	556	5	19.91
101	1509	3	5.49
144	157	3	4.73
104	2847	3	15.02
103	1470	5	22.39
107	729	3	8.19
104	560	3	4.22
110	192	61	362.61
408	115	10	50.44
1183	102	3	6.85
3279	102	3	14.94
12	2178	4	17.32
1368	107	3	12.41
211	765	3	25.39
12	505	25	126.09
105	3016	3	16.71
110	2417	3	18.47
1205	817	15	281.57
460	113	4	12.29
101	606	11	27.98
103	2115	6	37.15
170	138	9	34.72
1642	106	3	11.69
110	697	12	75.09
146	117	6	4.85
366	7	6	20.01
101	2460	5	21.95
1171	200	4	39.4
562	112	3	8.77
982	117	6	38.66
830	12	4	8.06
163	241	5	26.49
5740	14	3	17.6
321	110	5	11.81
134	173	4	8.77
112	212	6	11.14
1397	107	4	19.11
410	160	3	16.99
1137	129	4	28.3
173	131	7	21.03
1136	3140	3	49.74
167	165	4	13.48
344	203	4	27.53
213	139	5	19.16
101	1766	7	30.27
138	174	3	5.75
138	120	10	17.41
3041	3870	4	88.58
287	105	5	4.62
718	686	9	128.06
101	3562	4	19.2
111	120	85	276.95
160	108	8	6.28
1256	14	6	15.99
186	132	4	9.59
316	247	7	59.85
101	2203	3	8
280	9	7	34.91
106	2420	3	14.88
101	4301	4	24.1
235	173	3	13.54
8	280	8	41.5
118	152	11	25.96
101	922	4	5.37
118	321	3	7.86
4159	117	3	26.61
12	194	10	4.97
979	130	3	18.22
118	199	7	20.17
741	112	7	37.24
133	133	9	19.09
3640	203	3	38.6
281	925	3	29.28
111	246	5	8.92
171	115	5	5.53
224	131	4	12.54
110	1075	8	50.04
104	691	6	18.7
20	18	9	139.26
1851	102	7	40.9
113	2403	3	19.19
167	174	4	14.5
179	125	13	53.32
393	159	3	16.24
961	227	3	27.5
104	3178	3	16.56
145	275	3	11.1
2357	14	6	29.56
119	1963	3	21.22
390	134	3	12.51
101	1889	8	42.03
1254	858	15	283.77
4602	454	4	66.78
420	312	5	46.17
619	244	7	72.64
2713	127	3	25.96
376	107	4	7.32
132	1047	3	18.67
150	555	4	26.33
2460	102	3	12.23
2590	107	3	16.74
104	945	3	7.02
3948	111	3	23.58
385	103	4	4.26
913	110	3	11.08
8	565	3	15.1
7	1249	12	101.42
103	1934	4	18.56
123	105	25	8.1
715	14	10	25.77
109	1563	4	22.45
1076	112	12	91.36
107	2602	3	17.96
2428	14	4	14.23
101	180	96	324.12
775	115	3	12.29
143	154	3	4.27
535	384	3	28.17
104	3999	3	18.75
101	1380	4	8.96
103	325	15	45.28
3344	102	3	14.94
2186	12	3	10.84
967	103	3	6.86
109	176	9	12.93
110	1409	4	21.4
1219	6	3	36.99
140	485	3	15.14
102	2129	3	11.26
103	2689	6	46.06
2148	106	3	13.89
164	136	27	155.66
109	371	4	8.6
292	112	3	4.33
182	134	4	9.62
103	400	19	79.09
2190	102	6	34.24
101	1123	5	10.74
114	458	5	17.59
734	3188	4	66.6
1492	133	7	66.32
101	537	17	55.78
103	1338	8	42.56
1904	102	6	31.84
571	104	10	37.87
285	101	10	6.7
12	703	3	3.91
119	361	3	9.21
103	4039	3	18.57
101	2770	3	10.06
382	117	6	24.86
116	231	3	4.28
131	1804	8	82.72
137	983	8	69.94
124	103	36	24.21
101	450	17	45.61
1215	12	6	22.61
851	102	19	119.27
291	114	3	4.59
872	101	9	25.78
101	2735	3	10.06
2070	107	4	23.94
101	2819	4	16.67
396	111	3	5.94
220	137	7	31.79
109	386	4	9.23
758	111	5	22.12
1316	102	6	24.45
563	115	5	22.16
2592	14	4	16.04
430	116	7	31.26
121	134	13	28.31
12	2011	5	23.09
144	376	3	13.3
162	153	10	45.52
101	1216	3	4.27
101	1140	6	15.99
303	218	8	67.3
546	116	4	15.86
252	103	7	7.59
101	1606	3	5.99
128	331	3	10.35
125	269	3	8.47
482	129	3	13.43
3034	2654	3	56.87
101	3914	3	13.68
2354	102	4	19.36
139	163	4	8.7
1059	118	3	15.91
3965	102	3	17.12
4194	111	3	23.58
2340	101	4	14.84
139	1513	10	109.98
115	790	3	12.29
369	391	3	24.95
363	108	5	11.18
855	12	3	4.74
143	157	3	4.64
101	2632	4	16.67
180	166	3	9.5
115	117	20	17.85
1066	168	3	24.03
101	2429	3	8.92
196	138	6	22.46
1754	12	3	9.33
101	836	18	84.9
110	2396	3	18.47
137	173	6	18.37
107	212	9	17.13
102	1272	3	7.63
101	1904	7	32.85
1650	101	3	5.99
3023	5069	3	65.18
835	107	7	33.28
134	256	3	9.27
677	102	15	69.9
2851	118	3	23.69
446	107	4	8.98
141	117	6	3.96
104	1654	3	10.66
103	2536	4	21.28
1100	900	3	38.85
2009	105	3	12.15
105	1450	5	22.93
947	14	5	8.48
150	317	8	52.05
108	120	64	146.41
334	14	16	25.78
138	211	5	18.92
104	3245	3	16.56
1916	111	3	16.71
101	1861	8	42.03
325	131	7	36.19
308	111	4	7.6
5198	107	3	26.2
1789	102	7	38.27
102	150	43	74.81
416	101	19	52.1
142	152	5	11.11
101	1089	6	15.19
1679	2612	3	51.38
101	1037	11	42.94
1758	102	3	9.74
101	2226	3	8
104	630	4	8.48
224	117	9	32.02
120	141	11	21.52
171	130	10	36.32
133	120	8	9.6
111	211	4	4.36
1838	102	4	15.63
7	529	3	8.95
122	104	36	23.59
2754	102	3	13.41
1453	101	4	9.63
101	2038	5	19.85
344	560	3	27.33
1743	107	3	14.16
112	240	5	9.24
104	1733	3	11.29
115	1376	4	24.2
249	138	27	211.27
2200	14	3	7.56
518	12	4	4.64
254	14	12	7.4
177	1128	4	35.77
115	161	11	23.9
120	591	6	34.67
101	2552	4	14.84
104	1015	4	12.02
1346	9	3	21.27
267	105	5	3.96
105	236	6	4.96
111	385	5	14.19
103	2067	5	27.93
228	111	4	5.08
284	126	3	8.95
101	970	6	13.13
508	137	5	30.38
12	162	25	28.16
102	1545	6	28.25
107	590	7	28.16
260	132	3	8.83
151	168	3	7.32
101	2355	3	8.92
246	3960	3	40.53
103	2158	3	12.66
1226	14	8	26.97
232	350	4	29.79
988	14	9	27.6
1213	105	3	8.84
625	112	4	14.93
174	1220	4	36.76
154	518	10	84.51
101	1782	3	6.56
437	122	3	11.46
110	3599	4	32.3
1570	102	4	14.72
592	118	4	18.81
308	115	9	36.41
220	318	3	19.45
110	1188	6	34.95
102	702	5	11.65
58	8	7	21.59
282	12	7	5.97
226	7	4	6.08
303	245	3	19.85
103	366	20	78.97
103	485	8	22.78
135	123	28	104.62
107	895	3	9.43
124	121	10	12.47
119	407	5	22.07
18	4055	4	74.52
158	6133	3	39.13
106	123	24	10.54
1547	3876	3	54.53
103	1304	3	8.96
104	2946	3	15.02
104	203	7	4.44
969	2544	3	45.45
317	102	6	5.62
184	136	18	99.25
107	776	6	25.87
3097	4829	3	65.18
323	279	3	21.48
101	6252	3	18.08
276	536	3	25.58
2	119	20	51.62
3742	14	3	13.21
1167	12	3	6.47
102	890	4	9.25
732	427	3	31.14
128	324	3	10.27
486	743	3	32.27
138	894	4	27.76
920	101	4	5.37
1090	107	5	23.38
243	114	5	9.79
104	1344	3	9.13
345	111	4	8.5
309	114	3	4.91
101	1425	3	5.04
3798	104	4	30.95
104	1115	3	7.96
192	21	4	13.31
125	243	3	7.6
178	5049	3	40.88
104	561	12	49.64
352	14	12	14.62
104	494	4	6.46
104	411	24	117.66
146	618	3	17.39
861	112	4	17.49
3863	1944	3	55.96
2675	16	3	24.69
1826	111	3	15.97
143	127	11	27.13
103	1291	10	60.21
237	1111	4	41.22
102	2069	4	17.88
12	652	4	6.4
148	296	3	12.91
1200	102	4	11.43
1425	108	5	27.32
266	103	7	8.4
156	2335	3	29.1
104	1432	4	15.28
1017	106	3	8.28
139	521	3	15.53
132	112	10	4.71
140	106	16	7.81
1210	101	3	4.27
112	1079	3	12.92
138	175	3	5.82
1508	102	4	13.92
315	133	3	10.89
104	2092	3	12.84
634	395	3	29.58
1056	14	5	9.48
487	121	7	40.9
101	1631	3	5.99
135	778	3	17.57
465	103	4	5.79
148	805	4	29.12
12	149	18	6.85
106	778	3	6.95
103	1724	3	11.12
101	997	6	13.77
102	5863	3	21.56
133	262	3	9.42
1047	111	6	33.43
678	101	5	6.17
1721	118	3	19.83
104	744	10	44.36
105	152	21	23.09
120	426	3	10.6
5428	114	3	28.86
1417	101	3	5.04
2472	1868	4	71.66
108	4078	3	22.19
137	141	4	4.74
2171	14	3	7.56
3894	12	3	16.69
1136	3700	3	51.97
480	283	3	24.75
101	667	12	35.68
1143	1081	6	92.27
107	1491	3	12.93
187	110	5	4.71
103	835	5	15.08
131	152	4	5.69
101	3358	3	11.55
150	478	3	16.66
110	1917	6	44.53
6	6334	3	52
103	2566	3	13.64
103	1405	5	21.41
504	1854	3	39.31
252	1394	3	31.24
101	3042	3	11.55
1355	14	3	4.65
1980	14	5	17.4
139	132	7	12.33
3170	14	3	11.09
1951	14	3	6.8
314	117	8	33.68
230	9	8	37.78
128	104	46	59.57
726	102	4	7.65
1946	20	9	164.21
103	190	9	6.31
417	114	3	7.04
101	1364	5	13.61
103	518	9	28.76
15	1946	5	74.65
498	101	33	166.06
104	5851	3	23.21
103	444	13	47.12
485	102	5	7.75
197	116	8	20.46
177	778	5	43.36
3292	14	3	11.09
3016	4876	3	65.18
125	357	4	16.05
13	264	90	931.99
129	138	7	11.89
346	134	3	11.43
101	2702	4	16.67
101	2854	4	16.67
2117	14	3	7.56
116	166	9	17.6
116	105	46	17.68
255	110	15	58.54
655	244	3	25.93
101	553	12	30.38
5279	102	3	21.56
105	395	7	15.04
131	1279	4	29.64
186	135	9	37.4
120	114	13	5.61
716	14	8	16.8
1646	14	4	9.81
102	1443	5	20.03
441	418	4	38.9
12	313	65	417.76
118	215	5	12.86
434	108	3	5.5
142	123	6	7.34
699	454	3	31.18
2291	8	3	25.5
167	159	4	12.73
145	319	3	12.16
639	5952	3	52.62
103	1103	5	18.31
7	220	11	36.14
154	366	6	38.02
547	14	7	9.1
1656	105	3	10.8
108	148	18	29.03
300	1705	3	34.43
109	996	3	11.3
982	122	5	33.74
906	114	4	18.31
103	4485	4	30.71
109	604	3	8.41
187	12	18	21.39
112	202	6	10.13
103	774	7	25.51
277	121	3	8.04
174	103	15	16.01
154	1558	4	36.81
101	752	6	10.51
104	4190	4	30.95
239	230	37	428.58
111	435	4	11.02
101	2534	4	14.84
576	104	3	4.37
101	2450	3	8.92
326	137	6	31.33
290	101	18	29.83
115	144	8	7.02
101	717	10	27.23
368	111	6	18.12
607	188	6	53.54
142	522	3	15.64
284	114	3	4.42
228	101	11	4.85
101	769	13	44.94
12	349	6	6.05
241	102	9	9
137	158	5	11.61
505	132	5	28.35
254	112	4	6.44
110	618	3	8.78
196	153	7	33.44
133	488	3	14.26
899	112	8	48.41
473	132	5	27.33
1479	14	9	39.63
101	3388	3	11.55
163	322	3	15.07
208	1092	3	27.78
1989	112	3	17.17
217	352	4	29.21
101	2099	4	13.41
112	113	21	4.46
2420	126	3	24.62
101	1785	3	6.56
1031	102	6	20.88
145	101	112	232.2
193	118	12	44.98
2068	101	3	8
167	249	35	345.25
12	1362	3	7.68
102	6391	3	21.56
103	2143	3	12.66
104	1995	3	12.01
108	232	13	38.92
108	308	10	31.83
204	123	3	5.81
120	128	27	82.64
280	283	4	29.72
151	238	4	17.57
186	121	3	4.48
658	14	5	5.57
133	159	4	7.22
105	556	7	21.05
105	422	17	71.32
118	302	11	55.15
884	113	3	11.48
118	169	5	7.85
104	2500	4	21.51
101	903	6	12.54
118	101	148	175.34
616	111	9	47.26
116	314	3	6.28
1501	102	6	26.83
116	146	28	88.33
12	4518	3	16.69
105	851	17	109.07
293	1702	10	155.89
104	316	29	130.28
1129	1088	3	40.23
1643	102	4	14.72
103	1237	5	19.73
101	466	13	28.66
292	2997	4	56.92
2537	12	3	11.81
4012	14	3	13.21
430	12	6	8.61
114	479	3	7.88
162	138	7	21.96
135	184	3	6.09
106	1502	3	11.12
188	168	3	10.62
103	547	11	41.93
144	2757	3	28.26
248	115	10	36.95
12	3157	3	14.52
101	6208	3	18.08
109	462	3	6.6
107	3329	5	43.67
299	111	3	4.15
791	102	8	27.85
109	207	7	12.55
104	1329	4	14.62
101	5893	3	18.08
109	327	8	25.21
464	106	3	3.94
144	141	5	8.58
12	1830	9	56.95
113	405	4	11
309	138	4	17.35
686	12	4	6.9
1914	14	3	6.8
12	1060	7	25.91
241	602	8	84.62
8	1025	10	92.24
198	108	35	154.5
940	105	3	7.15
4495	14	3	13.21
103	1390	4	15.05
225	262	4	26.34
328	111	5	12.09
121	132	8	9.74
1341	14	3	4.25
13	5133	3	30.81
262	138	5	21.75
1480	112	6	40.53
503	376	3	27.28
162	141	4	8.73
101	1285	6	17.84
109	4858	3	27.55
104	1462	6	30.04
2063	133	6	61.79
101	6131	3	18.08
116	133	13	17.35
105	934	4	11.79
147	165	8	30.55
872	111	3	10.89
101	2672	5	24.82
725	101	7	13.81
110	414	5	14.95
101	2824	4	16.67
1312	14	3	4.25
175	120	5	9.24
893	105	3	6.88
705	639	12	179.16
155	222	7	38.08
914	14	5	8.03
499	12	4	4.48
206	1305	3	28.98
107	709	13	77.87
740	12	3	4.1
104	2827	6	46.42
456	4409	4	66.78
105	730	5	14.74
610	102	5	10
286	280	4	29.92
641	102	9	29.89
516	101	8	12.12
101	3903	3	13.68
443	142	3	14.45
110	1510	4	22.16
1223	14	4	7.27
106	1113	3	8.94
109	3144	5	45.92
381	12	6	7.29
168	117	7	12.99
237	130	5	18.44
101	1406	3	5.04
103	247	31	118.78
101	1457	7	26.38
813	108	3	9.33
101	5428	3	18.08
231	396	5	41.38
220	884	4	38.16
298	376	4	33.21
608	126	4	21.88
1057	101	6	14.45
2065	1279	4	65.74
446	104	4	5.68
5111	5150	3	71.91
1046	102	11	55.42
134	154	4	6.43
236	481	4	33.58
123	148	6	9.99
200	102	9	5.34
135	1762	3	23.37
107	154	20	35.4
137	114	9	5.57
109	2118	4	25.72
115	294	3	5.66
1165	106	3	9.31
466	110	3	6.96
455	108	5	14.22
109	1726	3	15.47
1400	14	4	8.4
496	211	3	22.6
1140	6346	3	56.47
294	135	10	59.25
322	102	10	17.81
228	476	3	22.87
12	177	26	38.63
1374	111	3	14.2
1258	101	3	4.27
8	260	3	9.05
2685	2078	6	126.51
103	1007	7	29.26
101	1714	3	6.56
101	1798	3	6.56
107	1268	5	25.65
344	291	6	53.08
902	148	3	20.84
259	294	3	19.99
2614	14	3	9.61
102	103	448	673.48
103	904	3	6.59
7	12	120	104.95
7	170	6	6.72
108	278	7	15.87
1580	104	3	10.66
138	160	6	17.06
876	102	3	5.1
988	127	3	17.79
105	1146	9	48.46
1550	3092	5	99.59
117	417	3	9.04
109	1043	4	17.95
101	3493	3	11.55
111	160	6	4.25
909	102	11	50.57
13	2039	8	82.2
160	219	3	12.12
120	113	14	6.72
104	728	3	5.58
1307	102	6	24.45
1006	107	4	15.76
101	2144	3	8
101	2220	3	8
235	157	6	32.21
104	2526	4	21.51
106	659	6	20.27
166	401	4	25.12
148	942	4	30.72
1124	2451	3	46.51
137	128	5	5.44
136	988	3	19.18
104	2149	3	12.84
101	683	18	75.02
1011	102	3	5.88
170	154	5	17.27
130	101	183	444.99
218	113	6	12.19
101	2519	6	30.51
2100	102	4	17.88
103	4536	3	18.57
141	135	66	427.51
103	2446	3	13.64
117	163	8	15.42
150	560	12	108.82
390	132	5	24.99
102	550	7	17.25
2497	14	3	8.47
1635	117	4	27.13
246	103	7	7.16
103	819	6	20.4
122	279	10	50.62
158	166	5	17.69
1041	14	4	5.93
122	4551	4	44.42
1062	105	3	7.76
105	2049	3	12.98
179	1047	3	24.76
103	210	8	7.14
101	1560	11	66.29
722	101	13	43.61
144	173	3	6.07
104	2726	3	15.02
2401	102	3	12.23
4243	102	3	17.12
2675	107	3	17.96
323	104	7	11.48
119	173	4	5.72
104	375	8	17.47
101	2912	3	10.06
352	7	3	5.9
104	479	6	13.49
147	516	9	70.51
172	138	7	23.81
147	568	4	25.46
429	103	6	11.72
104	222	10	14.28
147	263	4	17.16
116	120	13	9.08
101	546	12	29.63
3929	3683	4	93.58
105	2316	3	13.97
1312	140	6	53.5
101	1238	4	7.81
106	1417	5	23.45
101	1306	4	8.36
3610	102	3	14.94
103	517	10	34.2
13	3057	5	51.36
836	102	13	62.53
318	111	11	42.82
1519	12	3	8.17
1331	116	3	15.84
1625	12	3	8.72
542	134	4	22.51
12	3339	3	14.52
103	251	7	7.48
3638	451	3	45.51
275	433	3	23.89
309	111	5	11.46
283	730	3	27.85
4369	102	3	17.12
114	152	11	16.38
1666	12	4	14.17
2667	197	3	34.35
111	1618	3	15.32
101	5015	3	18.08
104	540	7	20.31
2140	105	5	28.48
189	491	4	30.13
109	3751	4	36.73
856	927	4	52.71
5188	2001	3	60.46
786	669	3	34.77
1386	102	3	8.08
1359	13	6	43.77
4573	140	4	48.37
1491	102	6	26.83
12	701	3	3.91
738	1030	17	309.47
164	138	9	33.03
3488	112	3	21.83
164	187	5	21.74
105	1858	3	12.15
220	125	8	33.62
154	1009	4	31.7
2794	102	3	13.41
101	1121	4	6.86
540	102	16	67.84
955	5580	3	55.01
108	343	6	14.72
140	687	4	25.83
108	135	15	11.06
278	127	3	8.91
623	1852	9	159.32
1274	1862	4	64.47
1733	14	3	6.15
8	1426	6	52.2
104	3284	3	16.56
1712	105	3	11.43
263	452	9	92.49
103	1011	7	29.26
3719	1081	4	75.03
12	196	51	172.44
101	1044	7	19.23
104	4583	3	18.75
103	1677	3	11.12
699	392	4	42.43
104	2513	3	13.82
142	157	3	4.52
2489	14	3	8.47
183	143	3	6.8
133	135	8	15.74
170	573	3	20.32
133	267	3	9.67
383	381	4	36.27
101	2259	3	8
418	847	3	31.83
383	193	7	57.05
146	160	3	5.64
326	203	4	27.04
366	111	3	5.3
1975	102	5	23.8
146	107	18	22.01
101	4502	3	13.68
104	867	3	6.49
103	3204	3	16.39
101	2584	5	21.95
654	132	3	15.66
385	105	4	4.58
106	1080	3	8.94
1092	153	4	32.67
534	120	3	12.29
4046	106	4	32.4
123	103	24	5.72
375	14	8	5.86
752	105	4	10.03
135	1021	4	28.41
490	1403	3	36.56
719	207	3	24.95
427	433	4	38.89
287	370	3	22.66
103	2509	3	13.64
1940	102	5	23.8
115	1607	3	17.31
393	402	3	25.95
150	2875	3	29.83
103	664	14	69.3
103	604	10	38.71
101	1906	3	7.22
101	1982	3	7.22
107	1416	7	43.35
6428	749	3	53.57
134	142	5	7.06
2532	14	3	8.47
1351	121	10	97.08
802	14	6	10.17
57	170	4	17.44
3387	686	3	46.35
1389	14	3	4.65
101	2479	4	14.84
101	2427	3	8.92
1754	14	3	6.15
1146	12	3	6.47
899	123	5	33.01
922	102	3	5.34
123	144	20	68.09
101	957	5	9.15
101	889	4	5.37
113	1973	3	17.33
118	224	9	34.52
3907	111	3	23.58
4338	749	4	71.6
979	114	4	19.17
13	3156	3	24.1
110	1058	10	68.66
103	3412	3	16.39
1621	105	3	10.8
1793	110	4	23.94
3881	14	4	23.46
409	110	4	10.28
2049	106	3	13.89
101	3581	4	19.2
102	3063	3	14.94
108	294	4	5.75
101	1727	4	11.25
173	562	7	60.11
1559	126	3	21.31
110	3476	4	32.3
161	358	3	15.72
107	5695	3	26.2
599	101	7	11.48
13	109	68	143.18
101	3959	3	13.68
104	1603	5	23.78
269	104	8	11.81
3208	133	4	42.17
109	592	3	8.23
121	189	3	4.66
3855	3863	4	93.58
1182	14	6	15.12
103	490	18	84.15
188	116	4	4.76
6158	106	3	24.3
355	103	5	6.1
101	1290	7	23.48
143	409	4	20.94
143	357	3	12.69
8	655	3	16.11
3188	130	3	27.98
172	541	3	20.04
1858	107	8	63.63
116	131	8	4.25
4892	13	3	30.81
1507	804	3	40.34
2365	111	3	18.57
129	111	18	19.87
154	5561	3	38.39
104	274	7	9.09
169	316	5	31.24
110	419	3	6.26
567	142	3	16.34
172	115	5	5.6
826	118	3	14.36
3639	203	4	57.49
1214	1540	8	142.46
9	265	3	9.5
190	661	3	23.05
363	106	4	4.87
855	14	7	15.18
12	872	3	4.74
101	277	16	21.47
1703	12	3	9.33
103	1511	4	15.78
2252	14	3	7.56
1013	130	3	18.22
101	1393	3	5.04
139	104	32	37.01
1142	150	3	22.74
109	190	5	4.53
201	132	15	80.39
124	120	7	4.29
662	12	4	6.64
949	105	3	7.15
110	2733	4	29.68
101	506	13	31.31
103	1242	4	13.79
439	101	8	9.53
110	428	8	32.09
169	339	5	31.99
104	321	15	45.67
110	368	19	103.11
1405	102	5	19.06
103	4047	4	30.71
110	472	4	11.41
129	115	12	12.04
110	1186	3	12.76
109	467	5	15.78
594	1371	3	37.96
1345	1440	11	217.06
114	438	3	7.38
282	14	24	48.01
693	12	5	10.66
153	120	6	9.14
101	1167	7	21.16
101	1219	3	4.27
106	1567	3	11.69
128	250	44	375.27
103	6437	3	23.03
309	199	3	17.84
103	6233	3	23.03
237	141	5	20.95
104	6142	3	23.21
2256	105	3	12.98
2807	102	3	13.41
432	588	3	29.7
6119	102	3	21.56
109	210	13	38.47
931	104	3	7.02
967	133	3	18.56
243	115	3	4.34
110	1389	4	21.4
108	1619	4	21.31
261	13	51	400.16
2368	140	3	26.73
172	111	8	10.58
178	3676	3	36.39
2617	740	4	63.96
422	12	6	8.61
103	1377	4	15.05
101	6406	3	18.08
110	727	12	76.28
601	14	5	4.78
1715	14	10	58.66
110	802	7	36.6
159	605	3	19.52
1539	3056	3	52.29
170	123	8	22.79
8	2682	3	26.74
205	779	4	36.32
118	358	3	8.53
101	712	6	10.08
200	118	8	25.49
866	107	3	9.16
166	430	5	34.56
821	321	3	29.35
12	487	4	4.32
101	1985	3	7.22
1230	102	4	11.97
263	158	3	12.95
122	163	9	25.02
103	687	7	23.71
2106	102	3	11.26
992	102	9	38.97
5935	127	3	34.26
112	101	355	610.66
4678	203	3	43.1
113	2184	3	18.18
117	279	5	14.93
101	5294	3	18.08
885	134	3	17.99
518	14	6	5.55
1100	947	4	55.02
108	245	6	10.17
108	103	143	143.01
853	101	5	8.26
179	318	3	16.24
552	478	3	30.02
986	127	3	17.79
1175	107	3	11.09
101	1012	7	18.38
118	113	19	13.49
118	158	5	6.31
12	309	60	352.25
4532	224	4	59.14
105	2794	3	15.17
119	1018	3	16.19
1085	142	3	20.52
903	102	4	9.25
104	763	5	14.51
782	138	4	26.6
146	582	4	25.33
538	141	3	15.96
772	415	4	44.26
133	164	3	4.5
160	21	3	6.05
111	134	78	312.19
133	103	20	6.93
1350	123	4	28.77
235	123	4	11.58
1702	125	3	21.81
12	248	16	30.4
2309	12	5	26.96
183	136	6	19.8
101	859	4	5.05
103	1802	4	17.51
101	995	4	6.06
445	111	3	6.8
108	1529	3	13.39
133	144	7	14.19
109	1617	3	14.82
103	3506	3	16.39
151	142	3	4.08
2253	804	3	43.25
528	13	8	44.39
932	102	4	9.63
4207	13	4	41.08
108	144	18	22.22
138	219	3	8.88
3626	131	5	57.92
308	128	4	15.37
145	254	5	22.29
101	1629	6	21.5
103	890	5	16.03
7	7	48	69.74
145	202	7	30.93
109	2346	7	64.29
547	110	4	12.99
102	434	4	3.91
586	14	7	10.18
112	215	7	15.16
134	123	6	6.05
122	209	6	19.42
3154	202	4	52.49
6122	14	3	17.6
1052	102	9	40.25
1018	205	5	50.56
340	107	12	43.63
125	751	3	15.79
448	246	4	33.13
105	1419	8	45.19
777	13	4	19.69
1164	102	4	11.43
598	126	4	21.88
110	1919	7	55.76
397	115	14	79.89
101	3224	3	11.55
101	5279	3	18.08
2014	102	3	10.44
105	154	17	13.75
196	101	23	22.65
111	474	3	7.17
721	1014	19	355.03
101	4635	3	13.68
104	918	8	34.54
500	116	4	15
555	168	3	20
137	143	5	7.86
178	2046	3	30.31
101	741	4	4.24
228	153	5	23.75
200	8	4	11.29
101	816	16	68.87
1064	112	3	12.57
104	409	5	8.08
101	2894	5	24.82
1095	117	3	15.41
152	241	6	31.45
2473	102	3	12.23
1718	102	3	9.74
128	311	21	155.12
216	104	9	10.98
631	102	18	89.72
178	212	13	95.07
987	14	7	17.37
504	2288	3	41.2
109	166	13	23.8
2109	14	3	7.56
279	110	9	28.34
114	2994	3	22.16
12	3578	4	23.23
1225	14	6	15.99
109	501	12	62.65
108	650	5	18.36
105	1853	3	12.15
3538	102	3	14.94
103	449	9	25.63
121	104	67	105.61
282	140	3	10.91
121	246	3	7.16
102	617	4	6.41
155	321	4	21
103	1349	6	28.42
1466	102	3	8.57
124	133	9	14.58
201	178	6	32.87
369	101	10	11.23
425	114	3	7.15
900	14	4	4.87
129	199	4	10.64
1317	105	4	14.81
266	105	9	15.26
613	103	3	4.54
856	2472	5	82.79
101	2851	4	16.67
418	261	8	78.14
104	236	16	38.53
255	14	14	11.55
147	132	5	7.55
5096	12	3	21.13
147	194	5	18.58
484	376	4	38.63
8	1441	4	31.49
167	310	22	206.6
1263	14	3	3.9
4525	14	3	13.21
365	261	9	86.36
1854	704	7	116.11
108	150	9	5.71
105	1277	4	14.81
194	2261	3	31.73
101	3474	3	11.55
101	3626	3	11.55
133	150	4	6.12
1744	102	6	29.89
105	511	17	81.05
160	104	12	6.95
104	673	4	8.99
120	115	34	73.04
199	108	5	4.4
442	3772	3	45.37
102	1441	3	8.57
118	213	3	4.98
2417	12	3	11.81
222	117	3	4.69
337	1668	3	35.2
101	1010	5	9.64
699	376	4	41.98
821	12	3	4.52
12	516	13	44.25
137	200	3	7.65
1877	108	5	32.18
2921	14	3	9.61
103	1916	4	18.56
5749	14	3	17.6
311	298	3	21.59
311	104	5	5.09
595	101	5	5.11
301	587	3	26.75
105	212	8	7.84
110	784	3	10.27
2175	104	3	12.84
543	102	14	54.72
150	363	3	14.41
102	369	5	4.59
187	14	49	97.78
112	200	5	6.85
101	2027	4	12.24
103	848	22	169
104	1316	4	14.62
101	5906	3	18.08
279	12	8	8.21
104	1112	4	12.94
178	5036	3	40.88
125	238	3	7.55
3122	12	3	14.52
1937	127	3	22.84
655	351	3	28.74
101	6420	3	18.08
106	453	4	6.99
632	131	20	194.1
9	106	46	82.11
429	120	7	36.71
105	825	4	10.68
1567	14	3	5.58
6055	14	3	17.6
382	105	4	4.58
101	2704	5	24.82
116	297	3	5.86
240	102	14	23.73
384	193	12	112.3
101	551	21	82.65
107	1045	7	37.37
124	278	5	18.64
12	649	4	6.4
229	101	27	49.44
2290	740	7	126.29
1326	102	4	12.56
265	527	5	47.26
101	1105	9	31.53
103	386	11	31.74
103	446	24	123.1
952	118	4	22.79
262	101	11	7.09
109	413	3	5.81
360	14	10	9.57
1478	14	3	5.09
140	103	18	7.04
3886	141	3	31.79
105	1842	3	12.15
143	1129	10	98.66
1409	14	4	8.4
282	112	3	4.15
103	371	9	20.88
275	261	9	79.9
109	4939	3	27.55
101	1334	7	23.48
113	322	4	8.7
103	475	6	13.18
712	108	3	8.62
101	1230	8	28.18
113	153	12	19.07
105	1691	3	11.43
3882	1347	4	77.54
133	664	4	24.33
105	929	6	22.87
215	160	3	11.82
116	144	8	7.3
1130	107	3	10.71
110	367	7	23.03
109	1166	3	12.37
2664	2675	6	135.51
201	134	4	11.79
103	1187	10	55.88
198	353	5	36.48
16	3100	3	26.27
12	924	3	4.98
184	128	4	8.96
539	111	8	37.72
1059	102	3	6.18
172	101	18	4.89
110	282	34	207.12
104	471	4	5.98
3796	16	3	28.49
105	2029	6	37.81
131	599	9	67.1
192	102	23	42.04
104	1331	6	27.64
252	181	3	14.63
167	967	5	44.38
107	1909	3	14.89
476	116	5	20.24
4114	12	3	16.69
1530	14	3	5.09
686	14	11	29.78
103	176	13	11.48
2989	690	3	44.76
3941	14	3	13.21
101	3386	4	19.2
647	106	3	5.92
795	1523	8	130.25
103	799	3	5.86
293	4953	3	46.48
104	2245	3	12.84
894	133	6	45.73
570	118	3	12.17
101	822	5	7.86
174	146	3	6.51
5278	102	3	21.56
123	131	6	5.13
12	419	7	11.63
710	118	3	13.61
148	910	3	20.84
1444	12	4	13.38
115	105	37	6.26
469	1479	4	51.7
548	218	6	56.47
170	116	6	8.48
525	128	5	28.47
13	1697	6	48.22
101	4414	3	13.68
299	1625	3	33.76
186	120	4	7.16
111	132	100	432.22
622	136	4	24.15
103	1748	4	17.51
103	1816	8	51.5
12	104	138	7.26
101	1667	6	21.5
154	449	6	41.64
104	3263	3	16.56
874	162	3	22.11
127	104	47	59.13
193	13	96	789.39
2215	156	3	28.08
380	137	5	26.55
3632	2170	4	82.49
427	261	6	55.02
109	1087	3	11.99
103	2221	3	12.66
126	110	35	70.69
104	1993	3	12.01
109	909	3	10.69
315	117	9	40.06
102	4998	3	21.56
108	161	9	8.56
2465	103	4	21.28
104	4406	3	18.75
106	864	6	23.38
570	107	3	6.86
113	1655	3	15.93
1996	126	3	22.73
107	152	16	22.27
115	216	28	154.95
110	743	5	21.96
104	949	3	7.02
147	1060	3	21.12
389	459	4	38.47
152	630	3	18.94
339	105	6	8.98
1099	110	4	18.98
2147	105	3	12.98
1458	218	9	119.5
7	393	3	6.81
103	671	15	77.09
1766	102	5	22.36
173	104	13	11.48
1074	133	3	19.23
134	152	7	17.9
103	1009	10	50.89
104	3258	3	16.56
113	707	3	10.48
173	502	6	47.67
179	129	5	12.5
101	1796	7	30.27
127	16	10	13.43
150	200	11	63.8
1141	105	4	13.65
376	396	4	36.29
701	389	3	30.16
101	4291	3	13.68
104	695	8	29.89
101	2237	5	19.85
204	14	19	14.65
104	846	5	15.36
3709	2630	3	59.1
133	117	12	17.14
6	6102	3	52
210	274	6	44.19
565	244	3	24.89
815	13	13	102.26
3456	20	5	90.19
1012	102	3	5.88
195	114	4	3.87
129	101	42	7.53
104	137	20	9.27
346	246	3	20.78
328	437	3	25.09
110	352	9	33.26
148	331	7	43.89
420	3410	5	82.45
101	447	6	4.74
914	12	4	8.74
499	14	11	21.19
655	9	4	24.19
101	521	5	4.05
637	14	7	11.41
162	215	3	11.85
101	1151	5	11.36
135	157	10	34.18
113	128	13	9.96
101	1287	10	43.91
303	231	12	113.63
105	1700	6	33.43
182	118	6	12.77
164	182	3	9.56
110	1170	4	19.52
1152	114	3	13.63
864	101	4	5.05
12	3425	4	23.23
492	491	4	41.59
1850	109	3	16.21
5938	102	3	21.56
546	125	3	13.73
1446	105	4	16.2
102	1022	3	6.18
105	3167	3	16.71
226	422	3	22
5002	105	3	23.36
1428	14	4	8.4
614	110	4	13.95
101	1611	10	53.66
101	1408	5	13.61
184	153	9	44.8
1441	9	4	31.79
2066	12	5	24.81
6059	9	3	35.26
109	3761	3	23.07
317	118	11	56.72
1308	102	4	12.56
2224	102	3	11.26
8	2293	5	50.05
9	195	3	6.57
1965	102	5	23.8
12	894	3	4.98
16	5189	3	32.99
2910	107	3	17.96
530	216	10	105.18
104	425	5	8.42
1399	14	5	12.88
3960	5158	3	67.42
105	641	7	23.37
172	136	3	5.28
158	103	15	10.99
192	134	3	6.56
103	312	6	7.63
128	295	5	21.02
101	1494	5	14.53
650	115	5	23.82
102	1007	3	5.88
1279	102	7	31.3
324	135	8	45.69
101	1240	9	34.65
3464	462	5	83.84
121	180	6	14.72
402	115	4	12.56
349	120	3	9.05
1519	14	3	5.09
164	128	3	3.85
104	1565	5	23.78
13	145	8	8.46
1625	14	3	5.58
111	605	4	14.07
327	12	7	7.72
549	105	33	248.27
101	548	10	20.9
2	567	3	14.9
2322	1553	7	141.52
155	137	3	3.97
137	959	7	57.93
1075	140	3	20.12
111	235	6	12.08
101	4396	4	24.1
371	1508	3	34.71
104	626	4	8.48
120	237	8	31.7
101	2222	3	8
101	875	6	11.98
18	3456	5	93.48
142	14	41	13.45
986	14	5	8.96
3323	105	3	16.71
1347	130	4	30.28
112	378	3	5.95
140	2522	3	26.73
8	22	5	42.15
393	164	3	16.84
101	1749	8	38.4
275	681	5	50.98
431	373	47	811.66
552	4932	3	51.62
108	276	5	8.41
131	590	4	22.39
109	991	3	11.3
103	2239	5	27.93
548	1333	3	36.89
1690	102	3	9.74
103	4413	4	30.71
1431	102	4	13.2
321	126	4	15.32
2760	102	3	13.41
117	104	53	36.11
880	14	7	15.18
161	141	10	38.81
105	3906	4	31.15
106	1853	3	13.05
227	14	53	165
513	103	5	10.23
113	946	3	12.06
212	2091	8	116.89
4065	14	3	13.21
107	110	37	9.7
277	105	6	6.71
12	519	12	38.69
101	621	12	33.75
104	2215	3	12.84
174	120	7	16.84
228	138	7	32.79
404	112	4	10.66
1129	13	7	49
1939	131	5	45.58
214	178	4	19.64
120	408	5	22.12
383	261	3	22.24
311	105	8	14.51
13	1865	4	28.78
120	362	4	14.51
101	4621	3	13.68
810	389	4	43.82
101	4449	3	13.68
3726	3873	3	62.92
441	244	5	43.69
107	286	24	113.49
534	107	3	6.39
112	152	12	18.49
134	115	24	56.04
157	2748	6	77.79
8	1134	3	19.67
293	5053	3	46.48
113	1000	5	26.15
1481	114	4	23.34
375	114	3	6.15
122	150	7	13.23
978	14	4	5.55
105	1532	3	10.8
1099	130	4	27.8
242	125	11	55.6
696	106	4	10.55
203	14	22	21.16
103	2237	3	12.66
264	226	90	1440.87
102	293	35	146.87
113	608	5	20.86
7	223	8	21.7
101	1771	3	6.56
101	1831	3	6.56
235	115	4	7.55
420	6132	3	49.34
119	927	12	103.79
591	102	17	78.84
423	113	3	7
12	262	9	9.44
3634	239	3	40.29
110	2377	4	27.78
101	1059	7	19.23
106	707	5	15.78
663	358	3	28.84
103	1712	3	11.12
551	106	6	17.89
510	259	5	46.12
120	287	6	23.35
110	956	10	65.7
109	1835	3	15.47
1159	14	6	15.12
1649	106	3	11.69
104	748	7	25.27
667	106	3	6.11
5789	106	3	24.3
1997	12	3	10.03
2001	121	3	21.89
526	14	16	45.55
124	196	8	28.05
1317	107	3	11.93
984	102	5	14.82
1054	118	3	15.91
146	1056	4	30.31
2494	131	3	25.2
4568	102	3	17.12
1029	137	17	196.09
133	756	5	34.06
133	652	3	16.22
115	1665	4	25.8
132	101	38	4.71
519	111	6	23.57
108	652	3	7.99
140	163	3	5.14
1028	101	9	30.19
208	118	7	21.84
220	113	4	5.5
135	128	6	7.67
676	117	5	25.82
2470	14	5	21.17
540	117	6	30.47
114	441	3	7.5
229	1435	3	30.46
101	1572	3	5.99
1013	12	3	5.51
345	14	17	30.28
574	125	3	14.08
119	1570	4	29.14
421	365	3	25.68
911	102	3	5.34
101	3672	3	13.68
1537	13	10	96.08
245	1671	3	32.76
2541	146	3	27.44
149	127	9	23.35
352	111	13	58.44
104	557	3	4.22
109	1425	3	13.71
16	57	25	142.55
13	1204	15	154.22
2196	102	4	17.88
116	417	4	13.21
655	418	3	30.29
617	110	4	13.95
6102	1219	3	56.9
198	204	7	45.19
378	14	7	4.07
211	322	4	27.73
439	357	5	48.39
16	7	74	252.49
1160	12	4	10.9
781	116	3	12.44
2284	12	3	11.81
837	14	6	10.65
113	3965	3	24.2
159	103	16	13.17
12	1057	3	5.81
306	101	19	35.26
868	118	3	14.64
110	5861	3	27.96
101	1410	3	5.04
337	101	8	5.14
168	107	10	11.42
593	133	3	15.62
202	12	17	24.41
13	431	47	484.69
536	275	3	25.58
101	3779	3	13.68
104	1228	3	8.7
139	181	4	10.35
931	106	3	7.99
110	1379	3	14.1
131	854	3	17.33
114	4751	3	28.86
108	665	4	13.16
104	1415	3	9.59
101	1333	3	4.64
188	101	20	13.26
103	548	3	3.95
1073	102	4	10.46
662	111	8	41.71
285	127	4	14.24
101	515	21	76.03
3842	16	4	43.99
103	1136	11	64.81
601	2202	5	76.77
105	1006	3	7.45
291	12	6	4.17
105	854	4	11.03
129	123	11	19.31
101	2700	3	10.06
195	112	5	6.06
761	141	4	26.51
2433	14	3	8.47
210	200	3	14.94
1000	105	3	7.45
118	168	6	11.04
101	906	12	44.54
104	824	5	15.36
224	165	3	12.46
101	4209	3	13.68
104	645	3	5.02
4890	13	3	30.81
301	115	3	5.79
105	555	3	4.34
2496	102	3	12.23
133	235	3	8.74
150	274	4	18.88
203	140	4	12.9
105	1261	3	8.84
765	107	4	13.49
1188	14	4	6.78
101	1666	8	35.62
101	1742	3	6.56
103	979	4	11.8
102	189	24	44.36
532	523	33	586.8
874	108	3	9.59
8	1541	3	22.19
325	568	3	27.15
101	1923	6	25
925	427	4	46.04
274	105	9	15.79
134	199	3	7.09
8	1353	3	21.05
1824	267	3	33.54
103	2401	3	13.64
110	1964	3	16.62
12	4137	4	28.17
759	137	3	17.64
2583	102	7	50.32
101	2615	5	24.82
280	365	5	42.72
104	1019	3	7.31
455	118	10	59.85
899	111	3	11.17
3546	102	3	14.94
105	240	10	16.07
111	449	14	75.8
136	911	4	27.21
241	105	8	10.09
1288	117	7	53.26
101	3443	3	11.55
203	339	3	18.78
334	111	7	21.74
157	104	24	33.59
101	1713	5	16.77
113	630	4	15.13
109	2226	3	17.06
101	1661	8	35.62
213	110	35	182.25
380	259	4	31.88
102	211	12	13.81
336	138	5	24.9
3874	12	3	16.69
1532	12	3	8.72
956	14	8	21.32
12	174	14	7.81
4416	112	3	24.04
343	14	23	55.07
101	4292	3	13.68
101	2162	5	19.85
104	694	3	5.39
101	4232	3	13.68
224	16	3	6.29
862	126	7	52.31
301	237	3	19.6
245	173	3	13.77
111	150	11	13.5
2652	102	6	43.13
103	3217	3	16.39
101	2493	3	8.92
170	111	7	7.7
284	110	5	10.41
107	200	6	6.41
105	3085	3	16.71
1180	116	3	14.98
12	429	8	15.49
101	2119	3	8
173	105	12	9.69
103	805	10	44.79
161	168	7	31.07
330	108	6	14.22
2622	3709	3	59.1
101	3340	3	11.55
114	101	245	285.67
503	274	4	35.56
144	337	4	18.74
168	118	7	14.73
614	111	4	14.07
103	296	11	24.17
104	4028	3	18.75
125	128	6	5.42
12	5465	3	21.13
108	874	3	9.59
138	967	4	28.19
572	116	3	10.53
106	3917	3	19.83
781	110	3	10.27
610	105	3	4.8
3723	350	3	43.29
594	375	3	28.41
101	2926	3	10.06
124	352	3	9.89
1683	1088	3	43.85
456	2374	5	75.22
101	386	17	38.91
3853	2085	4	82.49
103	1317	5	20.53
101	594	17	59.73
136	127	8	13.57
1323	102	4	12.56
103	1181	3	8.15
116	134	9	7.32
147	164	5	14.65
105	931	6	22.87
208	21	4	15.03
468	116	3	9.01
153	160	5	16.01
101	4058	3	13.68
109	537	3	7.72
104	1564	4	16.82
113	2920	3	20.42
101	1239	7	22.26
101	1307	5	12.79
110	4091	4	37.28
103	1154	9	47.48
1777	14	3	6.15
4822	3795	3	67.42
101	371	24	68.46
1416	14	3	4.65
1350	663	3	38.8
489	115	3	9.28
338	102	5	3.93
418	193	11	103.57
158	1181	4	34.23
268	1680	8	112.65
116	219	3	3.94
790	104	4	10.16
101	3030	5	30.13
205	101	38	81.85
3372	101	3	11.55
281	107	4	4.96
101	176	49	86.56
2	145	4	4.07
165	232	3	12.73
323	103	9	18.28
295	191	3	16.93
119	171	24	113.27
122	702	3	14.89
288	103	6	6.66
114	215	4	5.31
926	12	3	5.24
574	14	5	4.32
109	180	9	13.81
110	1524	4	22.16
101	5924	3	18.08
410	122	3	10.98
101	1953	7	32.85
636	101	16	57.85
104	3541	5	38.68
57	252	3	16.14
3319	14	3	11.09
1207	14	5	11.33
101	3239	3	11.55
177	570	4	29.98
133	448	9	61.38
146	105	24	23.12
115	189	4	4.72
366	12	5	4.09
169	915	4	33.38
394	136	3	12.88
626	102	7	19
137	129	6	8.37
1127	146	3	21.2
3578	101	3	11.55
235	111	4	5.37
105	4796	3	23.36
2710	102	3	13.41
110	2252	4	26.27
106	760	3	6.72
101	876	8	20.78
4981	2670	3	63.6
445	123	3	11.83
111	108	33	8.08
2244	14	3	7.56
1328	14	5	12.06
103	3461	3	16.39
1594	12	3	8.72
101	2325	5	21.95
103	5560	3	23.03
120	236	3	6.39
326	392	4	34.56
110	1013	5	24.97
138	310	14	97.69
242	14	14	10.16
108	132	15	8.75
104	1958	4	18.79
259	9	4	14.44
101	3496	5	30.13
177	141	42	306.21
287	117	4	10.56
1427	101	3	5.04
344	137	11	72.89
102	104	237	139.26
713	435	4	44.09
102	298	7	7.3
125	4249	4	45.32
7	167	24	83.54
101	1644	3	5.99
110	399	23	142.65
104	6290	3	23.21
110	569	15	94.77
2306	133	5	50.61
843	102	3	4.87
106	141	14	4.91
934	14	4	5.2
103	1339	3	8.96
1731	373	10	162.31
3673	1269	4	76.83
101	432	8	9.25
384	261	5	42.44
119	540	3	12.43
175	132	8	26.61
105	2304	4	21.71
12	700	14	62.01
811	389	4	43.82
265	510	3	24.72
101	1198	3	3.94
144	438	3	14.58
121	120	9	7.91
132	115	22	44.06
101	4123	3	13.68
109	546	11	57.97
104	1503	4	16.01
421	244	4	32.51
138	806	3	18.11
182	341	4	24.95
690	533	3	32.43
279	115	3	5.35
101	5787	3	18.08
132	541	3	14.51
462	107	33	242.23
258	13	86	835.59
661	102	7	20
194	105	9	7.4
122	772	5	31.11
144	116	13	21.46
1149	105	3	8.45
1050	14	4	5.93
2549	12	3	11.81
2	206	13	67.96
2899	14	3	9.61
102	1683	4	15.63
107	596	5	16.94
107	4568	3	21.73
1620	102	5	21.12
12	2309	3	11.81
420	5953	3	49.34
107	101	435	607.35
2240	107	4	23.94
179	1130	3	25.13
817	1157	15	274.09
267	191	3	16.13
101	4433	3	13.68
104	944	3	7.02
115	196	4	5.14
169	1064	3	24.14
110	648	3	9.16
731	275	4	39.46
108	387	3	4.7
109	623	25	202.94
110	1921	4	25.01
354	104	20	78.61
513	109	7	28.62
365	381	5	46.85
113	984	5	26.15
3127	101	3	11.55
365	193	11	98.61
104	3179	3	16.56
163	425	3	17.34
358	14	8	5.15
4119	143	3	31.95
273	112	4	7.18
111	103	121	132.07
186	248	6	38.77
861	988	4	53.17
151	136	21	99.62
510	275	3	25.07
12	278	9	10.69
867	102	4	8.89
101	1043	7	19.23
434	16	4	17.15
280	244	10	89.88
171	127	3	4.12
383	433	3	26.47
628	749	6	77.94
186	160	5	21.42
301	169	8	56.73
409	111	5	15.1
142	153	20	97.54
975	106	3	8.28
1374	14	5	12.88
190	359	4	26.56
4381	14	4	23.46
1014	1	19	263.95
308	157	3	13.97
427	193	8	69.89
2694	111	3	19.8
3055	2995	3	58.45
660	246	3	25.99
298	137	11	68.89
13	815	12	91.63
104	1653	5	23.78
1366	708	3	39.28
1602	140	5	45.35
4879	158	3	39.13
541	105	3	4.2
5160	14	3	17.6
319	12	10	16.62
2795	105	3	15.17
104	2382	3	13.82
106	854	3	7.44
256	153	7	39.94
284	12	6	3.89
710	105	3	5.71
105	2981	3	15.17
18	1946	4	62.15
115	118	16	12.63
170	101	23	11.82
2894	102	5	30.59
1053	102	4	10.46
119	129	23	64.15
106	345	5	7.35
2	109	20	23.54
1600	135	4	33.02
3810	3147	3	60.69
910	108	4	15.51
2961	14	3	9.61
1197	14	4	6.78
583	218	4	34.85
529	159	6	46.02
503	137	5	30.11
252	104	10	17.03
1713	102	6	29.89
488	102	9	23.77
135	345	3	11.56
275	381	5	43.37
153	104	13	5.8
121	133	31	117.78
144	379	3	13.41
275	193	25	254.12
393	756	5	56.62
101	1349	3	5.04
182	120	4	6.53
158	403	3	16.33
110	1260	6	35.91
1316	105	3	9.27
341	117	6	22.68
269	105	5	4.04
132	199	4	10.79
905	14	4	4.87
12	2465	4	18.79
116	132	15	21.15
147	108	47	148.13
2715	112	3	20.26
101	2888	3	10.06
105	2211	5	28.48
105	2331	3	13.97
2857	3464	4	80.94
124	104	28	11.6
103	1324	8	42.56
230	117	4	8.48
2137	105	3	12.98
104	1161	3	8.32
243	116	3	4.46
708	12	5	11.02
139	120	7	8.42
675	107	3	7.77
344	866	4	42.68
113	469	7	29.35
559	107	4	11.07
1204	13	15	154.22
101	1594	8	35.62
143	115	8	6.81
1422	102	3	8.08
198	165	3	10.97
2149	156	4	40.46
101	207	12	4.45
165	133	7	20.8
101	327	9	6.84
2	228	5	18.11
104	405	6	11.38
6334	6	3	52
577	106	4	9.04
1117	14	6	14.32
6369	102	3	21.56
250	755	4	38.2
135	173	10	39.37
587	101	9	18.53
360	153	3	14.55
1885	108	4	23.31
13	229	20	103.25
536	389	4	40.21
109	466	3	6.6
630	105	6	17.69
179	143	4	10.51
103	942	3	6.86
101	1781	3	6.56
103	994	9	43.25
207	401	6	50.04
101	1677	5	16.77
798	120	3	14.75
380	275	5	43.37
102	331	6	6
226	688	4	36.59
110	1818	3	15.88
126	101	102	118.62
334	221	3	19.8
138	267	17	119.01
138	135	4	4.24
224	107	5	5.6
115	352	8	33.06
2320	135	3	26.01
474	14	8	9.75
107	441	4	8.98
12	232	9	7.6
12	159	18	10.37
307	153	3	13.42
12	106	126	12.4
271	12	15	30.32
751	105	3	5.92
103	1967	4	18.56
368	14	14	21.97
101	832	5	7.86
357	105	4	3.87
119	763	3	14.47
1180	12	3	6.47
115	107	25	5.75
4547	114	3	24.38
103	3233	4	25.75
105	113	58	20.66
1868	2291	6	118.31
133	349	4	17.7
249	269	3	19.08
2844	139	5	54.93
221	101	47	136.6
2488	104	3	13.82
232	163	3	12.63
106	1821	3	12.32
122	103	67	102.55
393	448	9	102.66
1576	130	4	31.89
1819	14	5	16.01
3079	1482	3	51.69
131	202	4	11.04
830	14	6	10.65
2749	116	4	32.72
108	464	5	14.44
101	5330	3	18.08
109	752	3	9.65
397	287	3	23.31
1697	393	4	51.77
104	3617	3	16.56
101	2021	3	7.22
915	102	3	5.34
351	483	7	74.91
926	2063	5	81.67
2227	114	3	18.36
123	122	7	5.22
1725	115	3	17.97
256	182	3	14.79
1379	111	6	38.31
101	604	13	37.99
861	611	3	34.68
105	254	15	37.27
12	2809	4	20.65
196	243	5	31.09
105	202	52	228.11
130	7	12	9.37
115	21	6	4.19
214	103	12	18.65
317	1074	7	86.17
105	459	8	22.43
120	123	31	93.62
101	4379	3	13.68
204	128	3	6.63
101	2341	6	30.51
343	127	3	10.36
106	640	3	5.92
101	996	5	9.64
123	370	3	10.26
687	111	3	9.67
107	1190	5	24.07
145	154	5	11.63
1067	102	4	10.46
547	111	3	8.18
289	195	5	33.55
414	110	3	6.16
795	1110	3	37.99
292	732	3	28.08
696	105	4	9.44
103	4398	4	30.71
1089	106	9	49.68
3482	14	3	11.09
103	2224	5	27.93
113	14	102	6.45
1818	12	3	9.33
113	241	4	6.15
519	101	7	9
646	102	4	6.88
3942	111	4	37.41
238	341	3	20.45
104	305	7	10.5
118	4678	3	31.98
105	912	3	6.88
2458	102	3	12.23
2998	454	4	61.77
101	490	9	14.7
136	14	85	98.24
2	530	3	14.38
106	138	20	14.42
1035	14	6	13.59
276	380	5	43.37
4475	14	3	13.21
165	120	5	8
234	138	3	9.34
107	679	4	12.58
251	105	7	8.04
1942	14	5	17.4
444	154	3	16.49
110	341	11	44.14
116	564	3	10.36
1483	102	5	20.03
225	162	4	18.65
12	2176	3	10.84
101	3733	3	13.68
4787	5011	3	71.91
370	135	12	83.06
128	161	8	23.28
873	166	3	22.41
135	525	7	47.26
194	120	20	100.08
144	110	15	19.19
1973	14	3	6.8
854	14	5	7.61
144	236	4	15.38
