8591	1
5970	2
3348	3
4577	4
4568	5
4592	6
9464	7
8646	8
8156	9
6410	10
4586	11
4584	12
6732	13
9479	14
3331	15
4579	16
4580	17
5985	18
4588	19
6744	20
4585	21
8635	22
5024	23
8643	24
4560	25
1881	26
8642	27
6745	28
3770	29
4359	30
9703	31
6739	32
4554	33
6749	34
8397	35
8976	36
8654	37
6741	38
9705	39
8398	40
4566	41
4581	42
9706	43
8647	44
6205	45
4563	46
6743	47
8637	48
3604	49
9704	50
4562	51
8648	52
8639	53
1876	54
4564	55
6735	56
4576	57
6117	58
4556	59
4569	60
6736	61
8650	62
1877	63
4567	64
4559	65
1878	66
4590	67
8474	68
1879	69
8645	70
8644	71
8649	72
4593	73
6742	74
4578	75
4587	76
4570	77
6078	78
3954	79
4870	80
5173	81
8640	82
6733	83
4591	84
6734	85
6738	86
6730	87
4561	88
8636	89
7143	90
4846	91
1875	92
2680	93
4575	94
6731	95
4557	96
8653	97
8651	98
5008	99
6737	100
4571	101
8638	102
6571	103
6746	104
6458	105
1703	106
1873	107
4583	108
8652	109
45	110
2018	111
4574	112
4565	113
4572	114
376	115
4558	116
6747	117
4589	118
8403	119
4555	120
9668	121
8584	122
3333	123
7087	124
885	125
6754	126
1853	127
3676	128
566	129
7799	130
7444	131
3614	132
2262	133
8121	134
5714	135
2331	136
3749	137
3942	138
1756	139
8313	140
7433	141
409	142
4746	143
9507	144
3419	145
8455	146
5155	147
5154	148
7899	149
1917	150
4161	151
5964	152
4969	153
8931	154
3717	155
7813	156
1	157
2357	158
8072	159
5039	160
5312	161
801	162
2109	163
414	164
601	165
7477	166
7882	167
2460	168
5462	169
1949	170
979	171
7355	172
1364	173
2157	174
256	175
1665	176
5477	177
8176	178
8755	179
4967	180
9104	181
5096	182
1798	183
1822	184
8865	185
6803	186
2613	187
9319	188
1322	189
1220	190
7111	191
7793	192
9749	193
910	194
4665	195
9831	196
6131	197
5724	198
591	199
127	200
5638	201
3237	202
2410	203
3365	204
6708	205
4611	206
2806	207
7	208
5430	209
7202	210
2377	211
4605	212
3399	213
8664	214
8890	215
115	216
5380	217
2229	218
9841	219
595	220
1419	221
8248	222
4049	223
7219	224
3810	225
3299	226
5938	227
307	228
948	229
6388	230
8737	231
5507	232
8187	233
4644	234
4471	235
4781	236
1807	237
7364	238
7516	239
5778	240
5633	241
2535	242
2162	243
4864	244
7134	245
7904	246
5302	247
2856	248
5225	249
6068	250
6069	251
3460	252
8061	253
5559	254
4270	255
4045	256
5229	257
8507	258
1717	259
1184	260
2539	261
898	262
7645	263
4649	264
8806	265
7125	266
8866	267
2746	268
6218	269
3204	270
7033	271
4897	272
7674	273
1549	274
1829	275
8211	276
3988	277
1857	278
8990	279
8604	280
5988	281
9559	282
7467	283
5997	284
7639	285
4207	286
7465	287
33	288
2961	289
7011	290
1700	291
7919	292
977	293
3339	294
344	295
5107	296
9215	297
1497	298
8347	299
1	300
9673	301
4094	302
1025	303
8867	304
1754	305
5000	306
3031	307
4144	308
4312	309
8862	310
4762	311
2999	312
1690	313
9324	314
3192	315
9213	316
6543	317
1569	318
7592	319
1720	320
2206	321
1724	322
3420	323
1796	324
5622	325
4680	326
5995	327
8194	328
7225	329
6769	330
8844	331
9637	332
5819	333
8828	334
9512	335
7443	336
8762	337
6679	338
5798	339
1018	340
1035	341
6892	342
7138	343
3964	344
6155	345
4532	346
8914	347
3422	348
8983	349
842	350
3788	351
825	352
2584	353
503	354
1	355
4524	356
3611	357
7631	358
7626	359
6225	360
6043	361
3197	362
1124	363
9661	364
1575	365
9185	366
9298	367
8108	368
6430	369
3673	370
7305	371
2114	372
4183	373
9500	374
2356	375
1607	376
2487	377
8177	378
3415	379
9803	380
4877	381
5827	382
553	383
5814	384
5967	385
4885	386
6580	387
5087	388
739	389
2308	390
6926	391
518	392
2333	393
4195	394
8034	395
558	396
7978	397
1580	398
5505	399
3375	400
6273	401
8567	402
9481	403
7957	404
3127	405
2323	406
4155	407
5978	408
8094	409
9145	410
7741	411
3956	412
2184	413
6573	414
3126	415
1593	416
128	417
5445	418
6037	419
6488	420
9361	421
9138	422
3161	423
6010	424
2822	425
4348	426
1492	427
6445	428
2007	429
6369	430
6929	431
5175	432
3961	433
6387	434
4648	435
4659	436
6102	437
3556	438
8119	439
6537	440
7951	441
5496	442
7240	443
83	444
614	445
9232	446
2516	447
5983	448
8913	449
4110	450
9790	451
796	452
6420	453
6465	454
1422	455
8792	456
7983	457
9551	458
105	459
849	460
6170	461
383	462
1982	463
4469	464
2861	465
231	466
234	467
235	468
7896	469
6696	470
6195	471
6783	472
1779	473
1789	474
1640	475
9786	476
947	477
4013	478
5320	479
4108	480
5251	481
686	482
6125	483
3427	484
6612	485
8393	486
8472	487
6642	488
5047	489
4068	490
4699	491
8089	492
8923	493
9723	494
8402	495
4329	496
5255	497
4452	498
321	499
975	500
1209	501
4185	502
8972	503
2753	504
9552	505
9037	506
427	507
860	508
2384	509
7986	510
7073	511
8893	512
65	513
4055	514
5247	515
8158	516
9254	517
9252	518
2177	519
5540	520
4240	521
8547	522
4383	523
8911	524
6427	525
8443	526
4721	527
8787	528
9822	529
9280	530
3147	531
120	532
3894	533
5391	534
869	535
3974	536
7923	537
9032	538
9413	539
610	540
7823	541
8477	542
8233	543
6453	544
2078	545
5441	546
1384	547
3603	548
2553	549
8627	550
498	551
1041	552
1708	553
8816	554
3350	555
1816	556
528	557
4953	558
2107	559
915	560
6060	561
1781	562
6802	563
6505	564
1604	565
4200	566
932	567
3308	568
2348	569
4825	570
9111	571
3209	572
9376	573
1185	574
3664	575
7185	576
8202	577
3372	578
1395	579
278	580
2905	581
5706	582
630	583
632	584
646	585
537	586
3039	587
2978	588
5542	589
5730	590
5518	591
5598	592
5538	593
2980	594
549	595
5738	596
2944	597
5721	598
550	599
5469	600
2488	601
2211	602
6650	603
8727	604
8157	605
2400	606
4404	607
954	608
7090	609
354	610
5969	611
3816	612
9293	613
2178	614
9428	615
3257	616
5813	617
1145	618
5144	619
5132	620
9281	621
1071	622
5104	623
8683	624
587	625
2939	626
3005	627
2492	628
5537	629
5287	630
5637	631
5705	632
2223	633
5906	634
8227	635
4748	636
4803	637
1141	638
3860	639
3449	640
2068	641
3069	642
5838	643
3447	644
229	645
9084	646
8577	647
3346	648
8476	649
4839	650
5443	651
5414	652
934	653
6046	654
9065	655
1325	656
6857	657
6663	658
1003	659
1924	660
5221	661
9114	662
2431	663
4655	664
3281	665
8340	666
6843	667
1591	668
1148	669
6042	670
6607	671
1808	672
7361	673
8102	674
6706	675
5708	676
4390	677
5102	678
5843	679
3218	680
5640	681
3783	682
2530	683
3699	684
7525	685
5665	686
1746	687
5037	688
568	689
9475	690
17	691
3093	692
6208	693
5722	694
392	695
2890	696
2602	697
3888	698
379	699
5616	700
1739	701
6428	702
7568	703
9299	704
8400	705
6138	706
6913	707
5051	708
3219	709
9133	710
6583	711
94	712
4015	713
1394	714
4873	715
4205	716
5944	717
6759	718
567	719
1733	720
4899	721
7037	722
6511	723
5972	724
6864	725
5941	726
1885	727
6222	728
3351	729
1806	730
8268	731
2158	732
4054	733
3305	734
9001	735
3897	736
1218	737
448	738
7079	739
4141	740
8560	741
4750	742
5015	743
2095	744
7122	745
154	746
8087	747
8503	748
7974	749
5563	750
8576	751
4445	752
2868	753
1824	754
8225	755
7500	756
6748	757
3791	758
5644	759
9773	760
309	761
6891	762
3163	763
3201	764
8430	765
1083	766
5071	767
7277	768
318	769
182	770
174	771
5215	772
6773	773
1100	774
4080	775
7052	776
8527	777
6950	778
1988	779
7941	780
6949	781
641	782
2413	783
9070	784
1933	785
2309	786
4983	787
811	788
5994	789
2657	790
4613	791
4204	792
7287	793
2057	794
8812	795
8629	796
581	797
5667	798
8551	799
2416	800
180	801
1716	802
3510	803
6416	804
4984	805
4164	806
8561	807
6431	808
5131	809
1110	810
8617	811
5932	812
4283	813
7056	814
6412	815
3222	816
985	817
4021	818
7855	819
6998	820
9578	821
7404	822
8406	823
2698	824
2624	825
3575	826
749	827
835	828
8033	829
7145	830
8895	831
9781	832
136	833
8814	834
6997	835
9801	836
4876	837
8791	838
9556	839
8365	840
3969	841
1378	842
1407	843
6380	844
8378	845
1476	846
6477	847
846	848
8105	849
3708	850
385	851
9378	852
5377	853
6844	854
48	855
4310	856
34	857
4372	858
3714	859
7911	860
1939	861
4463	862
3357	863
1401	864
4807	865
942	866
2402	867
8887	868
8607	869
6915	870
6473	871
5915	872
1406	873
8286	874
3747	875
6337	876
6790	877
2339	878
1329	879
8770	880
2489	881
8889	882
7852	883
7238	884
5805	885
9770	886
7962	887
3901	888
6822	889
5569	890
8509	891
1685	892
1913	893
7432	894
4467	895
5028	896
8620	897
9029	898
9173	899
6534	900
7051	901
2005	902
7189	903
2272	904
8601	905
6484	906
348	907
1845	908
4061	909
1855	910
9096	911
3088	912
8005	913
3326	914
3148	915
4838	916
7326	917
3937	918
7482	919
4664	920
6637	921
6368	922
4729	923
2566	924
5316	925
4239	926
5757	927
944	928
1079	929
681	930
8768	931
3779	932
9645	933
2253	934
5850	935
7485	936
5675	937
6393	938
1867	939
3017	940
6606	941
7716	942
5522	943
2497	944
1048	945
9757	946
377	947
8520	948
5346	949
531	950
5661	951
8532	952
2774	953
5602	954
7057	955
2292	956
5553	957
7488	958
3010	959
676	960
5733	961
9414	962
3515	963
6563	964
7007	965
4248	966
2548	967
11	968
3087	969
5528	970
9780	971
3499	972
8871	973
600	974
4026	975
1151	976
8261	977
3378	978
4668	979
6851	980
3455	981
1763	982
7025	983
7395	984
9580	985
9722	986
2269	987
2736	988
3014	989
3323	990
2332	991
5235	992
5233	993
7731	994
3084	995
300	996
7431	997
7254	998
2984	999
2074	1000
6409	1001
4822	1002
3471	1003
1621	1004
3994	1005
4491	1006
258	1007
5052	1008
5444	1009
1065	1010
6875	1011
9626	1012
833	1013
7027	1014
953	1015
2768	1016
2472	1017
290	1018
6553	1019
7416	1020
1309	1021
517	1022
2887	1023
7688	1024
2310	1025
6463	1026
4317	1027
5274	1028
4904	1029
2346	1030
9713	1031
4341	1032
5504	1033
423	1034
6648	1035
2930	1036
5058	1037
7256	1038
6720	1039
5036	1040
5604	1041
917	1042
8736	1043
9100	1044
147	1045
3238	1046
3521	1047
7798	1048
4393	1049
3036	1050
9053	1051
3020	1052
5751	1053
6532	1054
2799	1055
2839	1056
8785	1057
5449	1058
9241	1059
6243	1060
3857	1061
5209	1062
3498	1063
6354	1064
39	1065
6	1066
6807	1067
3930	1068
6850	1069
3159	1070
4189	1071
1387	1072
3414	1073
7640	1074
1705	1075
8994	1076
7066	1077
7117	1078
8274	1079
7803	1080
2277	1081
1102	1082
8624	1083
7777	1084
2437	1085
6509	1086
6254	1087
2389	1088
8707	1089
1502	1090
5929	1091
2900	1092
6991	1093
4474	1094
1686	1095
5642	1096
8462	1097
113	1098
6136	1099
4046	1100
8966	1101
9233	1102
8896	1103
74	1104
6653	1105
4875	1106
1780	1107
4704	1108
892	1109
1170	1110
3821	1111
3388	1112
2096	1113
8954	1114
6187	1115
9847	1116
411	1117
2679	1118
9250	1119
9746	1120
4939	1121
495	1122
9277	1123
9700	1124
2318	1125
6174	1126
4079	1127
569	1128
9360	1129
1420	1130
6383	1131
1504	1132
561	1133
5739	1134
4741	1135
5317	1136
9761	1137
5163	1138
956	1139
4112	1140
429	1141
7526	1142
181	1143
8025	1144
8668	1145
5333	1146
2217	1147
1926	1148
9624	1149
8150	1150
2280	1151
6990	1152
2509	1153
576	1154
1381	1155
3059	1156
9504	1157
142	1158
1769	1159
847	1160
8580	1161
5400	1162
4394	1163
8924	1164
3425	1165
1380	1166
7949	1167
1439	1168
656	1169
529	1170
7642	1171
8043	1172
1907	1173
937	1174
3121	1175
7341	1176
3216	1177
6267	1178
5746	1179
514	1180
2724	1181
3574	1182
1224	1183
7284	1184
8971	1185
8997	1186
3101	1187
648	1188
1049	1189
1688	1190
4398	1191
1397	1192
4388	1193
6668	1194
1335	1195
9823	1196
6971	1197
1597	1198
1623	1199
1679	1200
3629	1201
4107	1202
5217	1203
1906	1204
2924	1205
8857	1206
7448	1207
1744	1208
6472	1209
7499	1210
1759	1211
3040	1212
9535	1213
6542	1214
1910	1215
5734	1216
8362	1217
8128	1218
6882	1219
651	1220
1249	1221
1385	1222
7201	1223
1352	1224
5646	1225
4612	1226
1400	1227
4789	1228
5940	1229
9482	1230
8371	1231
6777	1232
6394	1233
9020	1234
4440	1235
1398	1236
4002	1237
5349	1238
3731	1239
3291	1240
9419	1241
4727	1242
7542	1243
5726	1244
2201	1245
5213	1246
2631	1247
5151	1248
1765	1249
6029	1250
3056	1251
3599	1252
2468	1253
3489	1254
2916	1255
1076	1256
2940	1257
2917	1258
9608	1259
4836	1260
6698	1261
2785	1262
9045	1263
4854	1264
6939	1265
7734	1266
108	1267
7735	1268
7915	1269
3274	1270
4381	1271
939	1272
1246	1273
1826	1274
2634	1275
53	1276
8352	1277
3844	1278
3035	1279
2094	1280
128	1281
4974	1282
7732	1283
80	1284
7600	1285
7269	1286
8136	1287
7936	1288
5869	1289
6948	1290
7873	1291
6599	1292
9223	1293
8703	1294
7276	1295
7489	1296
7168	1297
4691	1298
6381	1299
1602	1300
5176	1301
7680	1302
7826	1303
7796	1304
3950	1305
916	1306
22	1307
7545	1308
6761	1309
2846	1310
4138	1311
2964	1312
2514	1313
5996	1314
8967	1315
131	1316
8740	1317
5903	1318
7332	1319
6389	1320
5707	1321
4531	1322
1669	1323
1980	1324
7864	1325
4085	1326
297	1327
6457	1328
7845	1329
4180	1330
4355	1331
8064	1332
4695	1333
5897	1334
8970	1335
5237	1336
8348	1337
5922	1338
2755	1339
4625	1340
5084	1341
9272	1342
839	1343
1417	1344
7029	1345
5546	1346
8208	1347
6728	1348
1409	1349
7296	1350
764	1351
3277	1352
323	1353
6452	1354
589	1355
7382	1356
336	1357
6199	1358
6729	1359
7316	1360
7952	1361
1832	1362
8115	1363
3766	1364
5447	1365
4831	1366
7947	1367
5696	1368
8912	1369
852	1370
7233	1371
2751	1372
7166	1373
3457	1374
8528	1375
2024	1376
7055	1377
4878	1378
4433	1379
9208	1380
8379	1381
826	1382
5269	1383
3995	1384
7697	1385
330	1386
5755	1387
1340	1388
1359	1389
8680	1390
9394	1391
302	1392
3589	1393
1730	1394
1797	1395
7822	1396
135	1397
876	1398
3758	1399
4156	1400
1682	1401
5202	1402
6877	1403
9509	1404
7593	1405
2023	1406
8901	1407
1600	1408
9150	1409
1469	1410
9339	1411
624	1412
4783	1413
6795	1414
8463	1415
4455	1416
4814	1417
5458	1418
1370	1419
5082	1420
7804	1421
7690	1422
1093	1423
6846	1424
213	1425
1460	1426
7868	1427
3405	1428
9622	1429
7275	1430
5680	1431
551	1432
5554	1433
1388	1434
556	1435
4113	1436
3336	1437
2533	1438
9680	1439
6244	1440
5574	1441
148	1442
1393	1443
8433	1444
7396	1445
6753	1446
8516	1447
8458	1448
7989	1449
2093	1450
4121	1451
1931	1452
2191	1453
6211	1454
2816	1455
2914	1456
9120	1457
7872	1458
7637	1459
7244	1460
2957	1461
3725	1462
7194	1463
4493	1464
86	1465
5343	1466
7801	1467
7763	1468
4733	1469
130	1470
3168	1471
4942	1472
7950	1473
1562	1474
4800	1475
2104	1476
5767	1477
1336	1478
7402	1479
8200	1480
5220	1481
3097	1482
4734	1483
8193	1484
6379	1485
5894	1486
368	1487
7362	1488
3426	1489
8239	1490
240	1491
8212	1492
1987	1493
68	1494
6649	1495
6234	1496
6048	1497
9040	1498
1372	1499
3656	1500
1809	1501
7198	1502
1848	1503
6402	1504
4700	1505
8589	1506
2271	1507
8493	1508
2976	1509
4483	1510
3610	1511
9771	1512
8578	1513
6253	1514
3524	1515
2807	1516
7217	1517
3485	1518
859	1519
2808	1520
349	1521
998	1522
9334	1523
2608	1524
7836	1525
4513	1526
5829	1527
4374	1528
1411	1529
9782	1530
34	1531
6513	1532
4311	1533
6081	1534
8223	1535
9660	1536
5775	1537
511	1538
3703	1539
1959	1540
9777	1541
6687	1542
4765	1543
8471	1544
4868	1545
8116	1546
6874	1547
9193	1548
673	1549
1542	1550
9113	1551
6231	1552
2112	1553
4389	1554
8361	1555
6150	1556
1377	1557
123	1558
8656	1559
6223	1560
334	1561
324	1562
1171	1563
7487	1564
9494	1565
2604	1566
6269	1567
5497	1568
8247	1569
8774	1570
4321	1571
7105	1572
9301	1573
4223	1574
7830	1575
4363	1576
151	1577
3944	1578
198	1579
169	1580
9521	1581
197	1582
3343	1583
433	1584
4823	1585
6792	1586
3700	1587
9775	1588
1957	1589
6391	1590
452	1591
1974	1592
3007	1593
2213	1594
9336	1595
2884	1596
1360	1597
6938	1598
7970	1599
316	1600
7179	1601
6312	1602
9204	1603
1127	1604
353	1605
3061	1606
9179	1607
8399	1608
4001	1609
1895	1610
5570	1611
5789	1612
3963	1613
5299	1614
6559	1615
5420	1616
299	1617
7046	1618
3601	1619
2623	1620
5867	1621
2734	1622
4115	1623
277	1624
8145	1625
7231	1626
1785	1627
3046	1628
5362	1629
8779	1630
175	1631
193	1632
9636	1633
1067	1634
1389	1635
6421	1636
6669	1637
4963	1638
2197	1639
3225	1640
1709	1641
7918	1642
5361	1643
194	1644
6343	1645
332	1646
7163	1647
4769	1648
4104	1649
43	1650
11	1651
1619	1652
4033	1653
2378	1654
2424	1655
4435	1656
3534	1657
8943	1658
9571	1659
6884	1660
3913	1661
5823	1662
350	1663
4643	1664
8710	1665
267	1666
6958	1667
3910	1668
4071	1669
3298	1670
5758	1671
168	1672
3926	1673
163	1674
279	1675
9629	1676
5429	1677
5271	1678
4230	1679
5756	1680
4626	1681
3710	1682
3256	1683
7664	1684
4980	1685
2600	1686
382	1687
7717	1688
4044	1689
9443	1690
7980	1691
9829	1692
5093	1693
5716	1694
161	1695
6305	1696
6239	1697
6085	1698
1010	1699
7446	1700
1423	1701
5582	1702
8794	1703
4038	1704
5713	1705
6764	1706
5502	1707
2801	1708
1317	1709
6557	1710
6592	1711
6000	1712
9502	1713
9679	1714
9654	1715
4618	1716
2202	1717
4502	1718
1935	1719
1501	1720
9313	1721
6767	1722
6045	1723
2111	1724
8056	1725
4485	1726
7975	1727
2103	1728
1316	1729
8190	1730
1300	1731
3979	1732
805	1733
5137	1734
3247	1735
9607	1736
1009	1737
627	1738
4766	1739
5205	1740
2203	1741
5198	1742
2341	1743
5075	1744
303	1745
8988	1746
3890	1747
678	1748
362	1749
7875	1750
3166	1751
1324	1752
8369	1753
8720	1754
71	1755
6908	1756
2493	1757
2518	1758
6885	1759
5764	1760
586	1761
6778	1762
6124	1763
2775	1764
4353	1765
8851	1766
8758	1767
1163	1768
5038	1769
6016	1770
1383	1771
4764	1772
7806	1773
4759	1774
626	1775
9596	1776
8600	1777
4518	1778
2124	1779
3945	1780
9303	1781
889	1782
9577	1783
7648	1784
3927	1785
266	1786
7606	1787
7384	1788
2979	1789
1039	1790
6141	1791
2824	1792
3734	1793
5384	1794
8442	1795
3021	1796
269	1797
2716	1798
1695	1799
6641	1800
816	1801
6120	1802
6947	1803
308	1804
4989	1805
4454	1806
58	1807
7371	1808
7821	1809
2562	1810
6435	1811
1225	1812
8191	1813
2345	1814
4084	1815
4089	1816
7979	1817
3064	1818
950	1819
4285	1820
9717	1821
3482	1822
3264	1823
9755	1824
6151	1825
2762	1826
3548	1827
4011	1828
4336	1829
5510	1830
8798	1831
1373	1832
7086	1833
1888	1834
5628	1835
6927	1836
8796	1837
2210	1838
5595	1839
3639	1840
5456	1841
1801	1842
6406	1843
9665	1844
5161	1845
6344	1846
4550	1847
9702	1848
4551	1849
5252	1850
9403	1851
5236	1852
6468	1853
2031	1854
8678	1855
5656	1856
7161	1857
4438	1858
135	1859
6321	1860
9453	1861
7032	1862
9015	1863
7427	1864
7439	1865
5702	1866
2836	1867
2841	1868
4173	1869
4874	1870
3439	1871
635	1872
3705	1873
5998	1874
2061	1875
2547	1876
8346	1877
3493	1878
8673	1879
2792	1880
8076	1881
4316	1882
5650	1883
6561	1884
1320	1885
3156	1886
6549	1887
7335	1888
406	1889
6680	1890
8241	1891
116	1892
2306	1893
964	1894
7679	1895
3152	1896
8829	1897
5834	1898
2312	1899
2304	1900
2298	1901
2302	1902
335	1903
6123	1904
5816	1905
9550	1906
8069	1907
6429	1908
3066	1909
6111	1910
884	1911
7043	1912
7893	1913
3501	1914
5114	1915
2486	1916
5517	1917
7887	1918
8127	1919
6032	1920
7498	1921
2009	1922
6925	1923
8873	1924
9420	1925
113	1926
3517	1927
7615	1928
3393	1929
6276	1930
4314	1931
8077	1932
8159	1933
2	1934
7588	1935
3261	1936
8052	1937
4918	1938
461	1939
2237	1940
7995	1941
95	1942
2296	1943
7495	1944
5395	1945
5508	1946
9226	1947
3099	1948
4636	1949
2222	1950
6714	1951
9169	1952
8423	1953
7172	1954
3509	1955
1116	1956
1362	1957
803	1958
7650	1959
2004	1960
1	1961
3170	1962
85	1963
1678	1964
8622	1965
5338	1966
9164	1967
3709	1968
6981	1969
4645	1970
3812	1971
8412	1972
79	1973
2664	1974
7825	1975
2200	1976
8171	1977
2479	1978
340	1979
8112	1980
5304	1981
6768	1982
5387	1983
7937	1984
7786	1985
8526	1986
9495	1987
5428	1988
5332	1989
1348	1990
5927	1991
4368	1992
1390	1993
4673	1994
2663	1995
7625	1996
3986	1997
5512	1998
1020	1999
7435	2000
6530	2001
8178	2002
3932	2003
8964	2004
48	2005
6946	2006
8922	2007
560	2008
1474	2009
7451	2010
1616	2011
5105	2012
8570	2013
418	2014
4186	2015
9119	2016
2285	2017
1559	2018
1564	2019
2450	2020
680	2021
7812	2022
5459	2023
8907	2024
1632	2025
5371	2026
2480	2027
1297	2028
2878	2029
3970	2030
4921	2031
3319	2032
2821	2033
5204	2034
286	2035
3665	2036
6548	2037
638	2038
830	2039
2568	2040
1624	2041
9255	2042
3077	2043
8962	2044
4763	2045
8944	2046
6766	2047
5267	2048
7935	2049
2625	2050
6707	2051
9708	2052
7537	2053
4294	2054
4436	2055
5498	2056
9634	2057
2891	2058
682	2059
170	2060
3914	2061
1	2062
8250	2063
7216	2064
9499	2065
654	2066
1692	2067
6886	2068
3	2069
2611	2070
6390	2071
6869	2072
1900	2073
3478	2074
2215	2075
7560	2076
106	2077
3347	2078
497	2079
9127	2080
8452	2081
8110	2082
1379	2083
2117	2084
9262	2085
7398	2086
5330	2087
2034	2088
4439	2089
1382	2090
6237	2091
1892	2092
9785	2093
5153	2094
9432	2095
8891	2096
6103	2097
4276	2098
9139	2099
1198	2100
1638	2101
5425	2102
6462	2103
1874	2104
1515	2105
9335	2106
2720	2107
9837	2108
7582	2109
2355	2110
4910	2111
3073	2112
3265	2113
7235	2114
1173	2115
177	2116
6376	2117
5379	2118
6762	2119
26	2120
1351	2121
4834	2122
3095	2123
6367	2124
6758	2125
6323	2126
4809	2127
6113	2128
8998	2129
8068	2130
2154	2131
4010	2132
2175	2133
582	2134
1952	2135
1545	2136
525	2137
4881	2138
4231	2139
9836	2140
2686	2141
2843	2142
61	2143
347	2144
8218	2145
2001	2146
2773	2147
7533	2148
5524	2149
4335	2150
5884	2151
1099	2152
7167	2153
9086	2154
1722	2155
1681	2156
2853	2157
4660	2158
8533	2159
5195	2160
9275	2161
3679	2162
122	2163
6339	2164
5282	2165
4100	2166
696	2167
9544	2168
2696	2169
4931	2170
1412	2171
9565	2172
9496	2173
6657	2174
4654	2175
4629	2176
3006	2177
1478	2178
3465	2179
7232	2180
6408	2181
5748	2182
5840	2183
9202	2184
4382	2185
3337	2186
730	2187
1901	2188
4288	2189
9079	2190
7969	2191
3625	2192
156	2193
692	2194
6654	2195
7040	2196
1674	2197
5885	2198
6443	2199
7550	2200
8691	2201
2669	2202
6362	2203
1536	2204
6718	2205
3143	2206
5474	2207
2712	2208
7706	2209
8675	2210
967	2211
3631	2212
7271	2213
2245	2214
912	2215
6989	2216
4503	2217
8448	2218
9099	2219
2105	2220
374	2221
3441	2222
6814	2223
121	2224
1355	2225
2385	2226
4801	2227
688	2228
9271	2229
21	2230
5230	2231
5054	2232
8101	2233
9363	2234
1914	2235
176	2236
8749	2237
4731	2238
9060	2239
9462	2240
4909	2241
7879	2242
8869	2243
2632	2244
6933	2245
9748	2246
9476	2247
6962	2248
1663	2249
3719	2250
8345	2251
2441	2252
2992	2253
93	2254
9354	2255
149	2256
8147	2257
4375	2258
7405	2259
1445	2260
5506	2261
7726	2262
2234	2263
1084	2264
8764	2265
1734	2266
4647	2267
6456	2268
3644	2269
3716	2270
81	2271
9064	2272
8608	2273
1182	2274
8846	2275
1576	2276
2257	2277
7583	2278
4811	2279
44	2280
8149	2281
6440	2282
2742	2283
9	2284
6192	2285
434	2286
20	2287
5258	2288
1207	2289
8201	2290
9398	2291
2926	2292
9691	2293
9510	2294
49	2295
8542	2296
2364	2297
3041	2298
8704	2299
5887	2300
4652	2301
3996	2302
6200	2303
4162	2304
2761	2305
7255	2306
6616	2307
2946	2308
3550	2309
9522	2310
7445	2311
6003	2312
493	2313
9545	2314
3993	2315
9068	2316
2622	2317
9724	2318
4808	2319
3743	2320
2056	2321
6523	2322
9412	2323
8663	2324
8628	2325
2325	2326
7085	2327
8106	2328
5701	2329
2983	2330
2494	2331
593	2332
8228	2333
3768	2334
5238	2335
5527	2336
8437	2337
155	2338
1667	2339
6328	2340
6564	2341
2505	2342
5893	2343
8711	2344
4324	2345
2763	2346
3400	2347
7585	2348
52	2349
243	2350
6873	2351
446	2352
9625	2353
6263	2354
6126	2355
6757	2356
5106	2357
2054	2358
3081	2359
2894	2360
2616	2361
6204	2362
5242	2363
2445	2364
6980	2365
5499	2366
7353	2367
9576	2368
217	2369
4744	2370
4646	2371
7001	2372
3054	2373
5156	2374
7997	2375
2845	2376
3487	2377
3657	2378
7506	2379
8079	2380
4506	2381
3848	2382
9466	2383
9684	2384
2888	2385
8409	2386
3672	2387
4610	2388
6246	2389
791	2390
2985	2391
2809	2392
5808	2393
6632	2394
7401	2395
2649	2396
4896	2397
4479	2398
82	2399
7722	2400
4360	2401
1068	2402
9549	2403
7018	2404
4326	2405
6198	2406
1057	2407
4384	2408
2805	2409
9728	2410
7728	2411
1622	2412
677	2413
9041	2414
7133	2415
616	2416
8434	2417
6432	2418
7843	2419
4768	2420
2850	2421
988	2422
818	2423
7617	2424
3160	2425
126	2426
4508	2427
2931	2428
1666	2429
4421	2430
8004	2431
9760	2432
1608	2433
9804	2434
7035	2435
2540	2436
1436	2437
2401	2438
4906	2439
2592	2440
5159	2441
2952	2442
2756	2443
802	2444
6005	2445
691	2446
5943	2447
2002	2448
751	2449
574	2450
404	2451
6207	2452
1745	2453
6088	2454
1465	2455
747	2456
6422	2457
3975	2458
3082	2459
5600	2460
1764	2461
2739	2462
8391	2463
2923	2464
8435	2465
4109	2466
3737	2467
6180	2468
428	2469
1216	2470
6715	2471
9531	2472
3713	2473
6460	2474
7388	2475
4175	2476
9657	2477
1748	2478
6366	2479
9471	2480
2813	2481
2601	2482
8267	2483
6063	2484
5165	2485
1983	2486
7960	2487
7693	2488
9605	2489
8181	2490
5450	2491
8930	2492
1215	2493
6483	2494
2227	2495
6512	2496
3922	2497
1673	2498
6903	2499
2903	2500
3146	2501
2207	2502
7214	2503
4537	2504
6771	2505
5555	2506
8916	2507
2072	2508
2546	2509
7711	2510
6796	2511
687	2512
6467	2513
2987	2514
8541	2515
6189	2516
5329	2517
208	2518
8661	2519
5960	2520
9224	2521
7933	2522
7428	2523
7441	2524
8906	2525
7794	2526
454	2527
5577	2528
4623	2529
5647	2530
6079	2531
8431	2532
1026	2533
2583	2534
3658	2535
5484	2536
2303	2537
1937	2538
16	2539
2627	2540
5471	2541
4040	2542
4786	2543
1223	2544
5492	2545
5065	2546
8035	2547
6854	2548
8436	2549
8272	2550
166	2551
8903	2552
7452	2553
3745	2554
4805	2555
2651	2556
4661	2557
9018	2558
2590	2559
8623	2560
4419	2561
8148	2562
6108	2563
4745	2564
7900	2565
8344	2566
9159	2567
2290	2568
1880	2569
364	2570
1206	2571
1561	2572
594	2573
8545	2574
3129	2575
4424	2576
2963	2577
5977	2578
5782	2579
5103	2580
6152	2581
1527	2582
1178	2583
6928	2584
6782	2585
1516	2586
3728	2587
6909	2588
4370	2589
8682	2590
6856	2591
3360	2592
8605	2593
9325	2594
1817	2595
1208	2596
3029	2597
644	2598
8288	2599
3613	2600
5452	2601
9573	2602
1075	2603
7765	2604
1719	2605
6127	2606
7976	2607
5919	2608
7851	2609
5336	2610
9167	2611
1834	2612
8388	2613
8444	2614
5968	2615
7044	2616
5971	2617
5294	2618
9678	2619
2587	2620
5382	2621
9488	2622
978	2623
1625	2624
7719	2625
1847	2626
3968	2627
2282	2628
3542	2629
2427	2630
1539	2631
9508	2632
3928	2633
6479	2634
8899	2635
642	2636
8019	2637
2058	2638
3796	2639
5515	2640
2102	2641
1587	2642
9612	2643
772	2644
1339	2645
639	2646
3330	2647
9144	2648
3364	2649
4407	2650
7074	2651
5290	2652
1628	2653
9030	2654
5228	2655
8712	2656
9632	2657
9385	2658
9666	2659
9396	2660
5061	2661
5048	2662
3283	2663
1023	2664
1281	2665
3363	2666
9165	2667
1129	2668
5088	2669
5192	2670
7480	2671
1466	2672
4867	2673
8744	2674
5639	2675
6976	2676
4835	2677
4522	2678
3850	2679
4850	2680
6902	2681
5619	2682
6066	2683
784	2684
5551	2685
984	2686
7931	2687
1864	2688
5042	2689
6525	2690
2591	2691
4244	2692
1315	2693
1614	2694
6377	2695
6624	2696
7944	2697
1232	2698
191	2699
1200	2700
4199	2701
6212	2702
9766	2703
7967	2704
32	2705
440	2706
1386	2707
604	2708
2953	2709
8595	2710
3792	2711
9503	2712
6619	2713
7412	2714
5810	2715
9672	2716
1946	2717
3467	2718
1248	2719
9203	2720
7327	2721
443	2722
2362	2723
2877	2724
8850	2725
2554	2726
970	2727
8390	2728
6515	2729
4788	2730
2652	2731
8387	2732
2564	2733
3269	2734
7325	2735
5992	2736
7894	2737
5560	2738
6833	2739
762	2740
2662	2741
699	2742
8484	2743
5890	2744
1670	2745
2232	2746
89	2747
7543	2748
1247	2749
16	2750
8364	2751
2743	2752
8375	2753
3145	2754
144	2755
3833	2756
8496	2757
8839	2758
9692	2759
4492	2760
844	2761
1140	2762
1905	2763
8524	2764
2181	2765
9830	2766
7386	2767
4937	2768
6112	2769
7696	2770
6022	2771
7215	2772
6444	2773
7237	2774
158	2775
4129	2776
2970	2777
5566	2778
5264	2779
4787	2780
7555	2781
2270	2782
6556	2783
2264	2784
7682	2785
2354	2786
2693	2787
3368	2788
9560	2789
3972	2790
2199	2791
5426	2792
5442	2793
2235	2794
2451	2795
4991	2796
2387	2797
9076	2798
9594	2799
9595	2800
4036	2801
3314	2802
4430	2803
2629	2804
5254	2805
2353	2806
1193	2807
8969	2808
3367	2809
5548	2810
2174	2811
7832	2812
2190	2813
3973	2814
4193	2815
1743	2816
1956	2817
1523	2818
5785	2819
4760	2820
5947	2821
2193	2822
437	2823
3777	2824
6772	2825
1308	2826
4512	2827
2085	2828
1149	2829
6335	2830
9711	2831
3842	2832
4191	2833
5987	2834
8357	2835
1192	2836
6579	2837
6235	2838
5078	2839
2079	2840
2360	2841
2412	2842
6255	2843
9093	2844
1916	2845
3960	2846
7118	2847
5344	2848
8486	2849
6373	2850
2725	2851
4620	2852
4143	2853
6446	2854
8040	2855
9623	2856
7792	2857
1122	2858
4284	2859
6664	2860
6682	2861
9098	2862
386	2863
7094	2864
3985	2865
1929	2866
4775	2867
8702	2868
5703	2869
7784	2870
7177	2871
8657	2872
6502	2873
9627	2874
7312	2875
8032	2876
5839	2877
2701	2878
4150	2879
1642	2880
3495	2881
6826	2882
9685	2883
7687	2884
4951	2885
5026	2886
1693	2887
5892	2888
3390	2889
5354	2890
2075	2891
4153	2892
3537	2893
8277	2894
9742	2895
621	2896
9683	2897
7486	2898
3670	2899
3560	2900
5200	2901
7165	2902
4723	2903
2619	2904
4158	2905
9188	2906
6750	2907
1595	2908
60	2909
5986	2910
4676	2911
132	2912
494	2913
7529	2914
8840	2915
7119	2916
5319	2917
7910	2918
7564	2919
4777	2920
1978	2921
540	2922
1368	2923
2671	2924
881	2925
1932	2926
4534	2927
5245	2928
7552	2929
5662	2930
7406	2931
7569	2932
1520	2933
2685	2934
7377	2935
4687	2936
1883	2937
4965	2938
628	2939
1305	2940
8543	2941
356	2942
9827	2943
1537	2944
4778	2945
8817	2946
9146	2947
4862	2948
9779	2949
629	2950
268	2951
752	2952
4735	2953
2534	2954
8876	2955
7348	2956
4806	2957
6332	2958
2636	2959
7289	2960
1017	2961
7190	2962
4490	2963
3803	2964
5993	2965
7744	2966
555	2967
3593	2968
5676	2969
2395	2970
1729	2971
7156	2972
8018	2973
1169	2974
3581	2975
1737	2976
2320	2977
375	2978
3324	2979
5276	2980
471	2981
2563	2982
378	2983
4178	2984
248	2985
4772	2986
2171	2987
793	2988
4883	2989
2452	2990
4740	2991
1112	2992
4849	2993
1805	2994
4169	2995
5123	2996
613	2997
7188	2998
6489	2999
9658	3000
9174	3001
8847	3002
4923	3003
5127	3004
7047	3005
5073	3006
7113	3007
829	3008
8562	3009
1529	3010
5928	3011
1201	3012
12	3013
439	3014
2149	3015
2165	3016
1651	3017
1328	3018
346	3019
4936	3020
5297	3021
4911	3022
3998	3023
209	3024
3577	3025
8754	3026
7554	3027
1526	3028
2573	3029
4607	3030
5030	3031
5034	3032
7258	3033
2769	3034
7110	3035
5436	3036
2442	3037
2073	3038
5035	3039
2048	3040
7241	3041
8450	3042
403	3043
6712	3044
7265	3045
1369	3046
4957	3047
2192	3048
5033	3049
2730	3050
5119	3051
6889	3052
1037	3053
296	3054
9333	3055
1843	3056
2655	3057
5109	3058
4882	3059
7178	3060
7109	3061
2278	3062
1108	3063
2803	3064
1589	3065
3379	3066
7349	3067
1533	3068
6245	3069
6233	3070
5149	3071
6710	3072
8396	3073
7077	3074
2006	3075
1164	3076
2101	3077
6324	3078
9022	3079
9818	3080
9176	3081
5882	3082
8986	3083
9501	3084
5539	3085
1643	3086
1219	3087
6859	3088
9618	3089
1202	3090
2152	3091
7160	3092
1660	3093
7408	3094
2673	3095
6114	3096
5783	3097
2621	3098
1126	3099
6526	3100
7015	3101
2139	3102
3094	3103
6009	3104
4796	3105
9194	3106
6531	3107
6717	3108
2612	3109
8210	3110
857	3111
5171	3112
5394	3113
2617	3114
6206	3115
2593	3116
8075	3117
2580	3118
5926	3119
661	3120
6217	3121
5184	3122
4698	3123
5711	3124
8432	3125
8920	3126
2419	3127
8137	3128
6634	3129
9131	3130
3248	3131
5852	3132
125	3133
2630	3134
9796	3135
8143	3136
2409	3137
738	3138
3756	3139
4172	3140
5328	3141
61	3142
7293	3143
1656	3144
7422	3145
5081	3146
7623	3147
7413	3148
8853	3149
8179	3150
2909	3151
6694	3152
3561	3153
2867	3154
2545	3155
7630	3156
8155	3157
1481	3158
1066	3159
6130	3160
413	3161
9686	3162
4892	3163
9456	3164
9074	3165
4947	3166
9258	3167
7870	3168
5307	3169
5630	3170
2467	3171
2030	3172
5494	3173
64	3174
6610	3175
70	3176
1662	3177
5855	3178
3091	3179
4029	3180
4238	3181
6147	3182
7924	3183
864	3184
4484	3185
6434	3186
3598	3187
3520	3188
2526	3189
2972	3190
8198	3191
9050	3192
5794	3193
5530	3194
6867	3195
4099	3196
3547	3197
840	3198
2295	3199
1747	3200
952	3201
5342	3202
8066	3203
1998	3204
7677	3205
8860	3206
3175	3207
9326	3208
8166	3209
1658	3210
100	3211
1012	3212
9566	3213
7	3214
6905	3215
8803	3216
1948	3217
573	3218
6148	3219
3903	3220
341	3221
5712	3222
6813	3223
1405	3224
2943	3225
2334	3226
5523	3227
5292	3228
2478	3229
6064	3230
980	3231
1353	3232
7208	3233
9483	3234
5448	3235
1909	3236
2849	3237
7968	3238
3959	3239
5090	3240
7579	3241
890	3242
32	3243
6960	3244
462	3245
4514	3246
5520	3247
91	3248
2288	3249
4409	3250
8231	3251
2160	3252
4443	3253
8726	3254
3486	3255
623	3256
9267	3257
1346	3258
4459	3259
4798	3260
1934	3261
3681	3262
858	3263
1617	3264
391	3265
5613	3266
468	3267
5907	3268
4927	3269
4357	3270
60	3271
4887	3272
8885	3273
2241	3274
3533	3275
4242	3276
1741	3277
7620	3278
7223	3279
2170	3280
971	3281
596	3282
578	3283
4043	3284
7874	3285
2016	3286
612	3287
504	3288
5668	3289
4216	3290
5603	3291
8949	3292
9345	3293
9101	3294
3512	3295
4501	3296
5902	3297
2793	3298
4773	3299
901	3300
8140	3301
3469	3302
7571	3303
7229	3304
3931	3305
2575	3306
1434	3307
190	3308
1757	3309
3925	3310
9315	3311
7686	3312
3915	3313
4603	3314
3211	3315
1661	3316
8414	3317
6514	3318
1899	3319
2335	3320
3640	3321
5334	3322
1011	3323
8341	3324
8759	3325
9072	3326
6582	3327
2714	3328
4667	3329
2656	3330
3682	3331
5401	3332
5427	3333
4770	3334
515	3335
6703	3336
725	3337
1273	3338
3612	3339
4296	3340
6528	3341
5741	3342
4146	3343
119	3344
153	3345
4753	3346
7492	3347
205	3348
9470	3349
3706	3350
2897	3351
4594	3352
3149	3353
3565	3354
7785	3355
6676	3356
3203	3357
4303	3358
957	3359
8359	3360
30	3361
6256	3362
1812	3363
3532	3364
1584	3365
2796	3366
6002	3367
42	3368
6755	3369
320	3370
138	3371
982	3372
2363	3373
5804	3374
137	3375
1056	3376
8189	3377
5374	3378
5652	3379
1887	3380
5172	3381
5587	3382
4301	3383
4377	3384
2912	3385
4709	3386
2301	3387
6871	3388
2863	3389
1636	3390
3288	3391
3089	3392
5948	3393
9397	3394
3540	3395
714	3396
6015	3397
951	3398
1862	3399
9011	3400
7319	3401
5314	3402
5169	3403
5186	3404
6963	3405
7508	3406
9402	3407
9593	3408
7009	3409
8133	3410
7337	3411
4448	3412
3186	3413
3573	3414
3134	3415
9297	3416
3585	3417
8030	3418
9646	3419
1431	3420
295	3421
7942	3422
6760	3423
6082	3424
9468	3425
4371	3426
6378	3427
4328	3428
1449	3429
4017	3430
8598	3431
6436	3432
9156	3433
8789	3434
996	3435
289	3436
6499	3437
8413	3438
6221	3439
4124	3440
7323	3441
602	3442
1053	3443
6876	3444
6538	3445
8003	3446
2648	3447
5924	3448
6618	3449
5040	3450
8597	3451
8065	3452
8244	3453
3685	3454
5113	3455
92	3456
9639	3457
5561	3458
7562	3459
1413	3460
8825	3461
9694	3462
9794	3463
4976	3464
1302	3465
2672	3466
5860	3467
9754	3468
5976	3469
6899	3470
2151	3471
3452	3472
8092	3473
1103	3474
7243	3475
837	3476
7162	3477
5413	3478
7417	3479
3552	3480
9178	3481
6341	3482
6943	3483
2826	3484
7264	3485
8700	3486
1837	3487
774	3488
1190	3489
5310	3490
285	3491
4794	3492
8579	3493
3068	3494
3632	3495
2804	3496
9588	3497
457	3498
4705	3499
9392	3500
9409	3501
6347	3502
1214	3503
2029	3504
7534	3505
5150	3506
3053	3507
619	3508
2167	3509
1871	3510
1866	3511
1869	3512
1177	3513
6839	3514
6574	3515
1650	3516
5491	3517
2881	3518
5108	3519
1463	3520
1699	3521
7827	3522
3297	3523
345	3524
5564	3525
5877	3526
9089	3527
7580	3528
1205	3529
3536	3530
1915	3531
2531	3532
2527	3533
8525	3534
7197	3535
4541	3536
8861	3537
2358	3538
930	3539
5636	3540
5188	3541
6084	3542
9424	3543
5534	3544
8017	3545
9117	3546
9601	3547
2934	3548
5481	3549
104	3550
9142	3551
5770	3552
9027	3553
548	3554
5904	3555
1535	3556
245	3557
1046	3558
7684	3559
5818	3560
7771	3561
117	3562
6017	3563
7769	3564
7515	3565
3108	3566
8771	3567
512	3568
4258	3569
1310	3570
7454	3571
4640	3572
7437	3573
2141	3574
6555	3575
27	3576
5432	3577
5651	3578
577	3579
136	3580
4434	3581
1157	3582
5754	3583
7849	3584
702	3585
9487	3586
2336	3587
8060	3588
9274	3589
1	3590
1038	3591
7531	3592
4767	3593
8283	3594
7943	3595
9727	3596
8797	3597
7054	3598
5438	3599
3654	3600
2041	3601
2033	3602
7365	3603
122	3604
7131	3605
5289	3606
9732	3607
9136	3608
4774	3609
9235	3610
2464	3611
1894	3612
3103	3613
6628	3614
477	3615
2765	3616
3829	3617
3528	3618
3617	3619
1363	3620
7946	3621
3154	3622
9832	3623
3246	3624
3198	3625
538	3626
3616	3627
8114	3628
1085	3629
5239	3630
2231	3631
4972	3632
7164	3633
2920	3634
9240	3635
8705	3636
7660	3637
9667	3638
2080	3639
97	3640
75	3641
7082	3642
3140	3643
4956	3644
4919	3645
6575	3646
1074	3647
1475	3648
389	3649
2081	3650
3698	3651
1557	3652
9649	3653
8521	3654
6572	3655
8908	3656
8537	3657
6259	3658
5303	3659
2552	3660
9548	3661
4274	3662
3802	3663
2423	3664
6415	3665
7103	3666
5858	3667
6911	3668
9140	3669
1891	3670
2848	3671
2259	3672
1818	3673
1239	3674
5260	3675
107	3676
2328	3677
4133	3678
2168	3679
5318	3680
1004	3681
1925	3682
4656	3683
2522	3684
6159	3685
2517	3686
1424	3687
2287	3688
5472	3689
7250	3690
2046	3691
5682	3692
4472	3693
5788	3694
4087	3695
233	3696
7520	3697
4717	3698
9181	3699
8459	3700
7782	3701
7859	3702
7182	3703
9294	3704
872	3705
940	3706
12	3707
679	3708
7721	3709
2305	3710
281	3711
4844	3712
1541	3713
4802	3714
9474	3715
4058	3716
475	3717
1551	3718
7372	3719
845	3720
4544	3721
357	3722
3516	3723
9718	3724
8410	3725
5359	3726
4215	3727
8686	3728
2772	3729
5463	3730
3580	3731
3929	3732
1115	3733
1238	3734
7987	3735
866	3736
4815	3737
9687	3738
879	3739
3588	3740
8870	3741
5762	3742
8810	3743
7360	3744
5955	3745
5699	3746
2368	3747
6647	3748
9449	3749
3724	3750
1697	3751
134	3752
9816	3753
7158	3754
8800	3755
9043	3756
1032	3757
7252	3758
4657	3759
3070	3760
6675	3761
3022	3762
442	3763
3125	3764
4037	3765
5286	3766
2251	3767
1	3768
4891	3769
1923	3770
2729	3771
8500	3772
488	3773
7239	3774
3080	3775
2169	3776
7993	3777
188	3778
172	3779
7619	3780
250	3781
911	3782
3781	3783
8693	3784
7551	3785
1908	3786
1639	3787
1565	3788
7155	3789
3721	3790
4269	3791
9081	3792
9134	3793
6145	3794
2927	3795
3008	3796
3413	3797
6794	3798
482	3799
4529	3800
8729	3801
7127	3802
4635	3803
7699	3804
5098	3805
7747	3806
2097	3807
6973	3808
903	3809
1581	3810
7222	3811
4292	3812
9793	3813
3958	3814
5774	3815
8289	3816
8	3817
2444	3818
7449	3819
7024	3820
6842	3821
8513	3822
3240	3823
6478	3824
1008	3825
7831	3826
1278	3827
1668	3828
3229	3829
2457	3830
5888	3831
1147	3832
4960	3833
2289	3834
6087	3835
8164	3836
7031	3837
710	3838
4070	3839
6952	3840
2977	3841
7829	3842
1167	3843
4494	3844
4102	3845
2869	3846
6216	3847
1839	3848
7410	3849
6461	3850
9534	3851
652	3852
282	3853
8815	3854
2862	3855
15	3856
1519	3857
1113	3858
4093	3859
8540	3860
2069	3861
7653	3862
1144	3863
6165	3864
9845	3865
131	3866
9460	3867
436	3868
326	3869
5189	3870
8042	3871
9696	3872
4023	3873
7759	3874
2311	3875
9532	3876
9738	3877
657	3878
1175	3879
5672	3880
2408	3881
9469	3882
3904	3883
6481	3884
6459	3885
6500	3886
3587	3887
6398	3888
6474	3889
5196	3890
5140	3891
7959	3892
9542	3893
6439	3894
6487	3895
6275	3896
8015	3897
7230	3898
1311	3899
3232	3900
2407	3901
736	3902
5138	3903
1618	3904
5129	3905
585	3906
3677	3907
6089	3908
7932	3909
6602	3910
814	3911
763	3912
3423	3913
1457	3914
2904	3915
5917	3916
2275	3917
3507	3918
13	3919
620	3920
2417	3921
636	3922
605	3923
5879	3924
1292	3925
8781	3926
4074	3927
7675	3928
735	3929
1811	3930
9436	3931
8756	3932
1323	3933
5350	3934
3704	3935
7369	3936
3450	3937
2142	3938
5580	3939
527	3940
5753	3941
412	3942
9206	3943
1493	3944
7397	3945
6568	3946
8186	3947
3689	3948
3249	3949
9800	3950
3371	3951
4930	3952
1791	3953
4447	3954
5446	3955
5	3956
5311	3957
5331	3958
8776	3959
8804	3960
7789	3961
4658	3962
3334	3963
8196	3964
5552	3965
1571	3966
3674	3967
2403	3968
2883	3969
6464	3970
6247	3971
3546	3972
6039	3973
9024	3974
1051	3975
6888	3976
5581	3977
469	3978
388	3979
3012	3980
150	3981
5859	3982
9656	3983
5617	3984
3562	3985
239	3986
1774	3987
2453	3988
2454	3989
3999	3990
2498	3991
3262	3992
3905	3993
2156	3994
6067	3995
8295	3996
6295	3997
3864	3998
6294	3999
1241	4000
8327	4001
6304	4002
1251	4003
1284	4004
6327	4005
3834	4006
3878	4007
8337	4008
3876	4009
6308	4010
3865	4011
3854	4012
8333	4013
6311	4014
6296	4015
1272	4016
1280	4017
8335	4018
1243	4019
8298	4020
9519	4021
6289	4022
3839	4023
1237	4024
1289	4025
1269	4026
6291	4027
1276	4028
3891	4029
8309	4030
1236	4031
8319	4032
1253	4033
8320	4034
6306	4035
6286	4036
8321	4037
6315	4038
8339	4039
8293	4040
6317	4041
6290	4042
1275	4043
9528	4044
3873	4045
3852	4046
6331	4047
6307	4048
8301	4049
9520	4050
8338	4051
9517	4052
8311	4053
8305	4054
3872	4055
8300	4056
3835	4057
3883	4058
9526	4059
3856	4060
1283	4061
8297	4062
3826	4063
3830	4064
1282	4065
8316	4066
8314	4067
6287	4068
8292	4069
9515	4070
1285	4071
8296	4072
6319	4073
9516	4074
6285	4075
6297	4076
3825	4077
6309	4078
1268	4079
8325	4080
3868	4081
3881	4082
3840	4083
6301	4084
3884	4085
6310	4086
1252	4087
6329	4088
3871	4089
3831	4090
1274	4091
3882	4092
6330	4093
3892	4094
6320	4095
6300	4096
3861	4097
1267	4098
8291	4099
3870	4100
3863	4101
1245	4102
8308	4103
1265	4104
8330	4105
1261	4106
8310	4107
1240	4108
1271	4109
9529	4110
1256	4111
8332	4112
3893	4113
8303	4114
3880	4115
8294	4116
8328	4117
6299	4118
8312	4119
1244	4120
8324	4121
6292	4122
6288	4123
3853	4124
1277	4125
1234	4126
3895	4127
8318	4128
8302	4129
26	4130
3862	4131
3843	4132
3885	4133
1279	4134
9525	4135
8323	4136
3858	4137
3846	4138
3828	4139
1259	4140
6322	4141
8322	4142
6313	4143
3845	4144
6284	4145
3838	4146
1266	4147
6303	4148
8336	4149
25	4150
1288	4151
8326	4152
6316	4153
3849	4154
3827	4155
3866	4156
1263	4157
6333	4158
8307	4159
3886	4160
1258	4161
8306	4162
3824	4163
8315	4164
9530	4165
8334	4166
9523	4167
8329	4168
3841	4169
8263	4170
47	4171
5503	4172
3773	4173
9212	4174
9157	4175
3164	4176
4257	4177
2481	4178
6188	4179
533	4180
5962	4181
6815	4182
2537	4183
5433	4184
1629	4185
9698	4186
2950	4187
2352	4188
2338	4189
7654	4190
474	4191
3293	4192
544	4193
1105	4194
5178	4195
7039	4196
2135	4197
3492	4198
5648	4199
836	4200
4671	4201
5531	4202
8670	4203
2228	4204
5347	4205
7210	4206
8900	4207
1499	4208
1598	4209
7847	4210
4151	4211
592	4212
5148	4213
9540	4214
2779	4215
7176	4216
2379	4217
3023	4218
110	4219
507	4220
4981	4221
7050	4222
562	4223
7146	4224
7324	4225
9008	4226
5460	4227
6091	4228
3620	4229
1971	4230
8370	4231
8216	4232
6786	4233
4290	4234
87	4235
86	4236
4600	4237
1786	4238
5982	4239
3295	4240
387	4241
6133	4242
848	4243
6160	4244
6371	4245
8996	4246
2261	4247
4818	4248
2603	4249
3957	4250
5248	4251
6053	4252
8465	4253
8766	4254
7646	4255
111	4256
8843	4257
2893	4258
6847	4259
7632	4260
6024	4261
6640	4262
748	4263
7912	4264
2581	4265
8773	4266
1788	4267
2147	4268
1919	4269
4761	4270
4627	4271
4958	4272
4212	4273
2208	4274
579	4275
262	4276
5365	4277
6175	4278
4751	4279
2921	4280
5780	4281
6570	4282
9177	4283
1831	4284
4622	4285
224	4286
7005	4287
7195	4288
1428	4289
4999	4290
6804	4291
4890	4292
8999	4293
8169	4294
134	4295
4188	4296
305	4297
6686	4298
3196	4299
94	4300
4535	4301
637	4302
7098	4303
1438	4304
3701	4305
4134	4306
5321	4307
9112	4308
2501	4309
2744	4310
460	4311
8761	4312
6713	4313
2021	4314
4197	4315
2426	4316
3628	4317
6076	4318
2787	4319
3394	4320
2120	4321
5614	4322
127	4323
8548	4324
2045	4325
3	4326
5126	4327
9234	4328
7835	4329
5937	4330
6385	4331
6827	4332
7816	4333
6805	4334
9492	4335
5170	4336
92	4337
2760	4338
8897	4339
1758	4340
1522	4341
8139	4342
4650	4343
3341	4344
3443	4345
3199	4346
8554	4347
2718	4348
9659	4349
906	4350
5423	4351
7743	4352
1976	4353
5562	4354
5516	4355
9431	4356
4826	4357
8955	4358
1872	4359
2256	4360
9170	4361
4302	4362
1303	4363
3815	4364
102	4365
7262	4366
2901	4367
218	4368
3851	4369
9814	4370
1226	4371
464	4372
6536	4373
3142	4374
1450	4375
7548	4376
8199	4377
7727	4378
6426	4379
9725	4380
3563	4381
7672	4382
2597	4383
6260	4384
6797	4385
9107	4386
6521	4387
380	4388
7297	4389
8973	4390
2898	4391
2519	4392
401	4393
5710	4394
8429	4395
3753	4396
7463	4397
8676	4398
2508	4399
4685	4400
8811	4401
3114	4402
3191	4403
4427	4404
7505	4405
2446	4406
6533	4407
1210	4408
3983	4409
9644	4410
1683	4411
5124	4412
7815	4413
4674	4414
4330	4415
4913	4416
9161	4417
4271	4418
6372	4419
30	4420
4950	4421
8989	4422
5056	4423
9049	4424
886	4425
6613	4426
1001	4427
1227	4428
3100	4429
5364	4430
6486	4431
1107	4432
2483	4433
880	4434
6134	4435
9003	4436
1156	4437
1696	4438
3553	4439
9410	4440
5473	4441
3572	4442
5851	4443
6403	4444
7076	4445
709	4446
9839	4447
5719	4448
9813	4449
4688	4450
3978	4451
3401	4452
4148	4453
7629	4454
2633	4455
6577	4456
5768	4457
6673	4458
7434	4459
1250	4460
7272	4461
7295	4462
8184	4463
1047	4464
3889	4465
4453	4466
2560	4467
2011	4468
6075	4469
3015	4470
3649	4471
4857	4472
4833	4473
5478	4474
1927	4475
1137	4476
2993	4477
1326	4478
358	4479
9316	4480
6584	4481
7471	4482
8049	4483
5483	4484
7457	4485
1440	4486
6674	4487
9296	4488
5031	4489
450	4490
3122	4491
7850	4492
3004	4493
9116	4494
1415	4495
6774	4496
4855	4497
1022	4498
1989	4499
6545	4500
3582	4501
2864	4502
6785	4503
432	4504
5588	4505
4168	4506
9650	4507
6866	4508
2851	4509
1291	4510
1736	4511
1596	4512
476	4513
3948	4514
9619	4515
2570	4516
63	4517
8353	4518
5110	4519
9344	4520
5227	4521
2084	4522
28	4523
252	4524
3939	4525
6626	4526
1040	4527
6374	4528
9357	4529
3742	4530
5115	4531
6012	4532
3778	4533
4997	4534
4367	4535
2221	4536
4901	4537
2490	4538
7257	4539
3432	4540
7071	4541
9284	4542
6423	4543
8039	4544
5861	4545
4278	4546
2465	4547
2620	4548
6122	4549
8265	4550
4174	4551
100	4552
5842	4553
9031	4554
8118	4555
3879	4556
8395	4557
3026	4558
8715	4559
8981	4560
8124	4561
1086	4562
8170	4563
640	4564
6345	4565
993	4566
2393	4567
7914	4568
260	4569
1091	4570
7274	4571
8783	4572
3933	4573
1318	4574
124	4575
990	4576
9283	4577
9	4578
6821	4579
1850	4580
2738	4581
7647	4582
3038	4583
7611	4584
6681	4585
9415	4586
4426	4587
1707	4588
8028	4589
6282	4590
8031	4591
4219	4592
5501	4593
2571	4594
4847	4595
7317	4596
1652	4597
4345	4598
8492	4599
4442	4600
3675	4601
5234	4602
8022	4603
5910	4604
2737	4605
3407	4606
7695	4607
80	4608
8849	4609
5339	4610
6411	4611
6550	4612
7028	4613
7705	4614
4971	4615
3287	4616
8062	4617
8501	4618
7985	4619
9674	4620
9067	4621
5715	4622
3118	4623
8832	4624
5025	4625
7945	4626
3272	4627
2614	4628
4632	4629
4817	4630
7886	4631
6100	4632
4793	4633
5111	4634
1123	4635
4344	4636
6375	4637
4606	4638
6154	4639
6144	4640
966	4641
4837	4642
1391	4643
9741	4644
7524	4645
2778	4646
5249	4647
1761	4648
4320	4649
5822	4650
6359	4651
6004	4652
9034	4653
7333	4654
1567	4655
3406	4656
5410	4657
400	4658
5799	4659
3044	4660
4078	4661
6293	4662
5011	4663
5457	4664
2316	4665
843	4666
6726	4667
6194	4668
98	4669
8107	4670
659	4671
2833	4672
8993	4673
6699	4674
4790	4675
2615	4676
5313	4677
1485	4678
3112	4679
6157	4680
5363	4681
6820	4682
3539	4683
2885	4684
2966	4685
7426	4686
9767	4687
1111	4688
2294	4689
3000	4690
3083	4691
509	4692
9739	4693
8719	4694
7368	4695
3430	4696
8738	4697
7063	4698
8251	4699
4749	4700
6529	4701
7824	4702
2678	4703
5398	4704
4880	4705
7584	4706
2994	4707
6900	4708
9524	4709
2700	4710
2082	4711
4601	4712
4373	4713
5280	4714
7790	4715
1432	4716
273	4717
6425	4718
6018	4719
6554	4720
2795	4721
183	4722
4209	4723
7300	4724
8209	4725
8631	4726
1550	4727
870	4728
458	4729
6779	4730
3383	4731
1290	4732
5116	4733
3912	4734
6683	4735
6983	4736
25	4737
5500	4738
44	4739
8349	4740
2811	4741
7703	4742
7504	4743
7846	4744
1213	4745
9467	4746
6433	4747
499	4748
1505	4749
112	4750
4782	4751
9815	4752
4228	4753
7701	4754
3253	4755
6787	4756
8377	4757
261	4758
9541	4759
4022	4760
8697	4761
6709	4762
6975	4763
215	4764
38	4765
2689	4766
1487	4767
2727	4768
9375	4769
2025	4770
6107	4771
1543	4772
85	4773
1296	4774
5691	4775
7310	4776
4222	4777
2635	4778
2834	4779
7186	4780
5649	4781
8514	4782
3936	4783
1827	4784
3003	4785
2349	4786
6942	4787
5841	4788
5095	4789
5592	4790
3435	4791
3475	4792
4059	4793
649	4794
6077	4795
8366	4796
1072	4797
1314	4798
4553	4799
750	4800
6209	4801
6763	4802
7301	4803
3867	4804
196	4805
6363	4806
8058	4807
5295	4808
9353	4809
2322	4810
7141	4811
7603	4812
8023	4813
5796	4814
2166	4815
5072	4816
9214	4817
3494	4818
7772	4819
2607	4820
3477	4821
1153	4822
1735	4823
1080	4824
3167	4825
5367	4826
3404	4827
8951	4828
7595	4829
43	4830
6348	4831
5285	4832
417	4833
6364	4834
8368	4835
5643	4836
7575	4837
754	4838
5657	4839
3919	4840
1750	4841
7657	4842
2817	4843
2300	4844
1349	4845
2860	4846
783	4847
6047	4848
4340	4849
9183	4850
6558	4851
4030	4852
9236	4853
893	4854
4690	4855
7963	4856
7818	4857
6596	4858
9328	4859
5626	4860
7171	4861
8376	4862
1013	4863
5846	4864
7247	4865
1287	4866
4287	4867
4120	4868
2859	4869
1070	4870
8207	4871
1610	4872
3239	4873
2740	4874
5565	4875
9092	4876
8741	4877
9669	4878
6982	4879
4449	4880
1842	4881
3935	4882
9546	4883
2569	4884
8417	4885
6418	4886
1969	4887
8991	4888
6080	4889
7783	4890
5623	4891
8709	4892
7633	4893
56	4894
487	4895
1517	4896
5966	4897
8215	4898
6684	4899
8383	4900
2474	4901
536	4902
9408	4903
777	4904
7544	4905
8952	4906
3098	4907
62	4908
4819	4909
5958	4910
8706	4911
3992	4912
6036	4913
466	4914
746	4915
3623	4916
3052	4917
7455	4918
2937	4919
7346	4920
2948	4921
3018	4922
3302	4923
8594	4924
3648	4925
8672	4926
7863	4927
7528	4928
7062	4929
4894	4930
5597	4931
5611	4932
5134	4933
2702	4934
6482	4935
2003	4936
9663	4937
3138	4938
5014	4939
3079	4940
2	4941
8237	4942
4323	4943
1097	4944
5820	4945
7519	4946
7502	4947
7689	4948
4916	4949
7737	4950
7532	4951
9817	4952
9821	4953
2180	4954
72	4955
1333	4956
9373	4957
3953	4958
3116	4959
7253	4960
938	4961
51	4962
9035	4963
3034	4964
1990	4965
6605	4966
2879	4967
84	4968
5951	4969
4346	4970
535	4971
2507	4972
6249	4973
5241	4974
3761	4975
8048	4976
36	4977
6146	4978
8511	4979
5609	4980
7012	4981
315	4982
50	4983
5305	4984
431	4985
77	4986
3729	4987
2556	4988
8824	4989
1835	4990
7856	4991
105	4992
7530	4993
6704	4994
5067	4995
6182	4996
1028	4997
5029	4998
8278	4999
6817	5000
1938	5001
5133	5002
5914	5003
4706	5004
1654	5005
2504	5006
7958	5007
5913	5008
8882	5009
2835	5010
6051	5011
4884	5012
4065	5013
2586	5014
7729	5015
6924	5016
5718	5017
451	5018
4737	5019
9758	5020
2247	5021
1306	5022
9599	5023
766	5024
3421	5025
2471	5026
1255	5027
9273	5028
8470	5029
54	5030
3799	5031
1532	5032
1254	5033
7740	5034
3102	5035
8574	5036
5412	5037
7000	5038
484	5039
546	5040
8872	5041
4181	5042
9083	5043
4052	5044
7303	5045
223	5046
2748	5047
3751	5048
6994	5049
1498	5050
1045	5051
8360	5052
7336	5053
420	5054
4865	5055
4810	5056
7609	5057
5620	5058
7261	5059
2941	5060
4779	5061
4968	5062
3165	5063
2243	5064
6645	5065
5692	5066
6858	5067
2100	5068
7770	5069
1027	5070
1823	5071
6469	5072
2653	5073
4053	5074
6800	5075
6841	5076
4539	5077
9682	5078
8270	5079
6625	5080
7187	5081
1713	5082
9175	5083
4515	5084
4517	5085
2293	5086
755	5087
807	5088
5373	5089
5214	5090
8612	5091
7840	5092
6897	5093
1677	5094
9000	5095
8232	5096
8915	5097
5965	5098
5568	5099
3523	5100
99	5101
1235	5102
4743	5103
6340	5104
4784	5105
1130	5106
6831	5107
665	5108
8453	5109
87	5110
5811	5111
832	5112
9547	5113
3463	5114
2512	5115
8161	5116
237	5117
3002	5118
7578	5119
8219	5120
3202	5121
7173	5122
1500	5123
1414	5124
3976	5125
9584	5126
6988	5127
2495	5128
3597	5129
9051	5130
4638	5131
7299	5132
435	5133
7833	5134
7758	5135
2543	5136
20	5137
37	5138
3051	5139
5660	5140
9162	5141
815	5142
1928	5143
7561	5144
6906	5145
2469	5146
9484	5147
4716	5148
2790	5149
7456	5150
3207	5151
9819	5152
3641	5153
1490	5154
6863	5155
4929	5156
7320	5157
2637	5158
1441	5159
8942	5160
6836	5161
2913	5162
6073	5163
1399	5164
2646	5165
8078	5166
9707	5167
8441	5168
9421	5169
933	5170
7965	5171
1815	5172
5849	5173
9693	5174
552	5175
5511	5176
90	5177
3902	5178
9268	5179
3398	5180
8557	5181
9806	5182
9485	5183
3836	5184
8823	5185
7128	5186
4250	5187
2421	5188
685	5189
2759	5190
5101	5191
6969	5192
363	5193
6163	5194
6660	5195
1006	5196
7903	5197
4504	5198
8611	5199
5725	5200
1968	5201
4263	5202
1042	5203
1996	5204
9609	5205
1792	5206
9218	5207
10	5208
1884	5209
73	5210
7990	5211
7909	5212
2089	5213
4696	5214
14	5215
9776	5216
7227	5217
9184	5218
3109	5219
7929	5220
7889	5221
9511	5222
7587	5223
3757	5224
6186	5225
5046	5226
438	5227
5007	5228
7745	5229
35	5230
9190	5231
49	5232
6955	5233
3764	5234
1313	5235
6644	5236
3123	5237
7927	5238
8884	5239
7549	5240
2609	5241
9418	5242
1374	5243
6177	5244
5190	5245
2951	5246
7415	5247
9772	5248
8109	5249
8485	5250
7925	5251
7507	5252
3645	5253
5397	5254
6449	5255
3342	5256
9002	5257
667	5258
9805	5259
1821	5260
7666	5261
6565	5262
2425	5263
4599	5264
6597	5265
1858	5266
4920	5267
4977	5268
5695	5269
2390	5270
8518	5271
819	5272
671	5273
4776	5274
264	5275
7566	5276
1509	5277
2704	5278
907	5279
1985	5280
3726	5281
7151	5282
922	5283
9833	5284
2279	5285
4912	5286
7853	5287
1966	5288
7710	5289
3301	5290
5012	5291
3557	5292
7329	5293
8490	5294
8073	5295
2654	5296
759	5297
6497	5298
2372	5299
3513	5300
4495	5301
5079	5302
117	5303
4306	5304
5727	5305
1611	5306
8138	5307
7308	5308
67	5309
6179	5310
3131	5311
9737	5312
2668	5313
1455	5314
5475	5315
2752	5316
5519	5317
62	5318
2665	5319
4853	5320
2214	5321
5487	5322
9380	5323
7779	5324
3818	5325
7720	5326
9088	5327
3669	5328
3133	5329
8586	5330
6283	5331
863	5332
6057	5333
9141	5334
21	5335
8539	5336
6811	5337
1443	5338
4142	5339
8445	5340
2067	5341
4933	5342
2491	5343
6861	5344
1944	5345
1904	5346
7112	5347
3231	5348
1138	5349
9302	5350
9352	5351
5152	5352
7599	5353
4154	5354
2133	5355
5654	5356
4922	5357
2049	5358
9764	5359
1991	5360
768	5361
5547	5362
7981	5363
4282	5364
3630	5365
4461	5366
6135	5367
4259	5368
5795	5369
4031	5370
9132	5371
4886	5372
4496	5373
2132	5374
8063	5375
1242	5376
4682	5377
4392	5378
5832	5379
55	5380
9795	5381
1641	5382
7954	5383
909	5384
7624	5385
8826	5386
5883	5387
9774	5388
9356	5389
101	5390
9411	5391
9598	5392
8408	5393
9454	5394
6028	5395
6	5396
5055	5397
29	5398
5835	5399
4970	5400
6	5401
5006	5402
4954	5403
6522	5404
6832	5405
9393	5406
2733	5407
1162	5408
7140	5409
3111	5410
7895	5411
7663	5412
1701	5413
4851	5414
8535	5415
6940	5416
5017	5417
8141	5418
7536	5419
2148	5420
9538	5421
2907	5422
6350	5423
7834	5424
778	5425
3024	5426
7130	5427
5793	5428
37	5429
2697	5430
8214	5431
8747	5432
9731	5433
3213	5434
8080	5435
6604	5436
9840	5437
2880	5438
7565	5439
313	5440
5747	5441
5765	5442
9369	5443
7999	5444
8613	5445
2719	5446
7643	5447
31	5448
3086	5449
2314	5450
3806	5451
6153	5452
8743	5453
79	5454
5194	5455
8356	5456
2436	5457
2163	5458
2500	5459
4926	5460
9054	5461
8000	5462
7861	5463
9210	5464
6593	5465
9446	5466
7638	5467
241	5468
3403	5469
7123	5470
3663	5471
8182	5472
9115	5473
874	5474
9154	5475
7394	5476
3412	5477
5193	5478
8717	5479
1131	5480
7972	5481
8380	5482
4460	5483
7754	5484
7844	5485
69	5486
4987	5487
64	5488
242	5489
8725	5490
2688	5491
6901	5492
2847	5493
6492	5494
9106	5495
4900	5496
1841	5497
1442	5498
8497	5499
9259	5500
9400	5501
3566	5502
4432	5503
7752	5504
9561	5505
5543	5506
8590	5507
3193	5508
5735	5509
7971	5510
8479	5511
129	5512
9435	5513
5322	5514
7175	5515
9444	5516
8780	5517
3150	5518
2297	5519
1563	5520
3684	5521
716	5522
4450	5523
351	5524
9322	5525
8822	5526
7424	5527
4272	5528
9582	5529
6652	5530
7662	5531
694	5532
7661	5533
6196	5534
4827	5535
4380	5536
9097	5537
9082	5538
4824	5539
7180	5540
4206	5541
9364	5542
9740	5543
5576	5544
5732	5545
4411	5546
6219	5547
4852	5548
5485	5549
3384	5550
9458	5551
4027	5552
6588	5553
1911	5554
2433	5555
1139	5556
1358	5557
5476	5558
3733	5559
9715	5560
3746	5561
3464	5562
1082	5563
1510	5564
7218	5565
2815	5566
1947	5567
6025	5568
1347	5569
6405	5570
7920	5571
9168	5572
4073	5573
7010	5574
8667	5575
1704	5576
8389	5577
3001	5578
3402	5579
7678	5580
7204	5581
3258	5582
2770	5583
3259	5584
4549	5585
3373	5586
4869	5587
1482	5588
9784	5589
3504	5590
1062	5591
2194	5592
5666	5593
9340	5594
5419	5595
6793	5596
6370	5597
521	5598
4198	5599
7199	5600
1330	5601
2585	5602
187	5603
8439	5604
6894	5605
133	5606
8625	5607
246	5608
5275	5609
2780	5610
3320	5611
5482	5612
2911	5613
1054	5614
945	5615
3538	5616
519	5617
109	5618
1128	5619
89	5620
2988	5621
7042	5622
8045	5623
8422	5624
6646	5625
270	5626
88	5627
1421	5628
2524	5629
7070	5630
8977	5631
2991	5632
701	5633
3955	5634
5627	5635
2982	5636
9676	5637
5207	5638
6257	5639
7715	5640
7953	5641
2676	5642
9518	5643
7888	5644
8234	5645
9447	5646
3	5647
5197	5648
920	5649
8287	5650
199	5651
8886	5652
3508	5653
3609	5654
3085	5655
5556	5656
7768	5657
6651	5658
1590	5659
8104	5660
7964	5661
2260	5662
483	5663
1854	5664
6278	5665
3359	5666
2661	5667
3224	5668
6318	5669
6636	5670
4986	5671
2771	5672
731	5673
7940	5674
5032	5675
8273	5676
8934	5677
6314	5678
3137	5679
1366	5680
2703	5681
492	5682
5873	5683
1752	5684
6878	5685
9057	5686
4137	5687
8838	5688
7091	5689
7704	5690
7157	5691
2618	5692
634	5693
2791	5694
6041	5695
2918	5696
3335	5697
2956	5698
6567	5699
8418	5700
3780	5701
1229	5702
5465	5703
1294	5704
232	5705
3473	5706
1577	5707
834	5708
1101	5709
7577	5710
5717	5711
1710	5712
361	5713
2660	5714
390	5715
3692	5716
719	5717
118	5718
3722	5719
3410	5720
72	5721
7322	5722
5973	5723
1345	5724
1179	5725
272	5726
6993	5727
9261	5728
570	5729
7880	5730
827	5731
4147	5732
1512	5733
8055	5734
1648	5735
965	5736
6437	5737
5121	5738
969	5739
5673	5740
6722	5741
3451	5742
871	5743
7292	5744
715	5745
3671	5746
9744	5747
2794	5748
7634	5749
82	5750
405	5751
7030	5752
647	5753
6819	5754
9602	5755
4792	5756
9681	5757
6598	5758
402	5759
6723	5760
3195	5761
7069	5762
3951	5763
3531	5764
6898	5765
6252	5766
8833	5767
958	5768
7994	5769
7281	5770
449	5771
611	5772
1117	5773
6352	5774
112	5775
5558	5776
2572	5777
5686	5778
2284	5779
7260	5780
813	5781
9581	5782
95	5783
3483	5784
9318	5785
3011	5786
6756	5787
6346	5788
9309	5789
9809	5790
1142	5791
7374	5792
1454	5793
513	5794
8784	5795
9026	5796
2628	5797
4756	5798
1059	5799
160	5800
7837	5801
5615	5802
6129	5803
7996	5804
3055	5805
2889	5806
1689	5807
5821	5808
3417	5809
9505	5810
1513	5811
3813	5812
2337	5813
6868	5814
571	5815
3971	5816
3132	5817
3037	5818
7733	5819
9690	5820
7656	5821
524	5822
7080	5823
1402	5824
2857	5825
773	5826
2066	5827
991	5828
4816	5829
5355	5830
5385	5831
6353	5832
249	5833
1603	5834
3822	5835
7902	5836
4663	5837
6961	5838
6298	5839
7174	5840
9085	5841
8950	5842
8739	5843
5418	5844
6677	5845
4127	5846
8684	5847
5610	5848
5495	5849
584	5850
8777	5851
1030	5852
73	5853
1631	5854
3090	5855
1109	5856
3344	5857
2674	5858
5807	5859
8041	5860
9066	5861
2129	5862
5368	5863
8482	5864
8837	5865
7913	5866
4056	5867
5187	5868
1077	5869
3358	5870
5635	5871
737	5872
2415	5873
40	5874
3750	5875
9756	5876
2359	5877
2099	5878
6097	5879
6098	5880
2367	5881
2797	5882
9572	5883
1092	5884
8688	5885
5091	5886
7279	5887
5989	5888
2798	5889
2014	5890
3221	5891
2802	5892
9019	5893
4677	5894
5526	5895
7494	5896
7820	5897
5979	5898
8103	5899
4396	5900
3466	5901
8662	5902
8460	5903
2954	5904
2711	5905
9536	5906
1582	5907
3416	5908
5980	5909
4907	5910
5678	5911
4542	5912
508	5913
2406	5914
7493	5915
399	5916
8304	5917
8588	5918
3981	5919
3453	5920
3440	5921
4208	5922
9452	5923
5824	5924
6546	5925
7685	5926
5557	5927
7800	5928
989	5929
3236	5930
9670	5931
3290	5932
4548	5933
4724	5934
110	5935
7144	5936
6517	5937
650	5938
7521	5939
6035	5940
4281	5941
4902	5942
8742	5943
1078	5944
39	5945
9143	5946
5181	5947
4941	5948
3177	5949
8694	5950
4742	5951
7132	5952
2126	5953
1728	5954
3252	5955
3310	5956
7075	5957
5345	5958
5957	5959
2998	5960
2225	5961
6203	5962
1961	5963
2842	5964
2786	5965
4135	5966
1125	5967
4859	5968
4139	5969
888	5970
3049	5971
769	5972
5590	5973
1547	5974
1081	5975
4533	5976
5389	5977
4637	5978
5743	5979
4720	5980
3947	5981
598	5982
9248	5983
6855	5984
2351	5985
2477	5986
5784	5987
1702	5988
2319	5989
891	5990
3527	5991
1196	5992
9189	5993
4946	5994
7574	5995
2070	5996
9227	5997
999	5998
4552	5999
4952	6000
5857	6001
7828	6002
9463	6003
7601	6004
19	6005
7008	6006
7778	6007
9585	6008
4226	6009
2	6010
3583	6011
9109	6012
1511	6013
510	6014
66	6015
2299	6016
8963	6017
788	6018
7375	6019
3695	6020
9128	6021
5049	6022
606	6023
1755	6024
785	6025
1134	6026
6721	6027
2708	6028
6725	6029
4995	6030
794	6031
1645	6032
1973	6033
2110	6034
7107	6035
7767	6036
7149	6037
4934	6038
102	6039
8083	6040
7249	6041
4091	6042
6524	6043
9810	6044
3615	6045
1967	6046
5435	6047
9407	6048
7708	6049
3518	6050
1354	6051
761	6052
4064	6053
6119	6054
3790	6055
8549	6056
6507	6057
7738	6058
3807	6059
4905	6060
3016	6061
6967	6062
7053	6063
8222	6064
9787	6065
372	6066
7649	6067
4633	6068
4915	6069
8769	6070
7389	6071
3366	6072
4343	6073
5002	6074
4879	6075
6491	6076
7655	6077
9791	6078
8285	6079
5080	6080
781	6081
8626	6082
3938	6083
6672	6084
2411	6085
6987	6086
1060	6087
1468	6088
3898	6089
1338	6090
758	6091
8671	6092
8809	6093
2466	6094
9121	6095
655	6096
5100	6097
1664	6098
3622	6099
2582	6100
5383	6101
4229	6102
4458	6103
3445	6104
8206	6105
7414	6106
2962	6107
3618	6108
9304	6109
8701	6110
7922	6111
5461	6112
397	6113
645	6114
8029	6115
5737	6116
3289	6117
9778	6118
4488	6119
1425	6120
5218	6121
8615	6122
7152	6123
8669	6124
6791	6125
8610	6126
3223	6127
3387	6128
7184	6129
782	6130
8230	6131
3805	6132
3823	6133
5208	6134
3797	6135
9256	6136
1566	6137
3744	6138
9286	6139
9404	6140
8834	6141
831	6142
5070	6143
9288	6144
7755	6145
1627	6146
3045	6147
8425	6148
6071	6149
9052	6150
5693	6151
8692	6152
8965	6153
294	6154
8481	6155
7347	6156
5953	6157
1680	6158
9638	6159
1556	6160
7099	6161
6954	6162
6688	6163
6270	6164
8405	6165
9317	6166
6132	6167
9635	6168
4097	6169
792	6170
810	6171
674	6172
2666	6173
7234	6174
9597	6175
3735	6176
4260	6177
3940	6178
1518	6179
1606	6180
3300	6181
8929	6182
3991	6183
8735	6184
1186	6185
5862	6186
3376	6187
8750	6188
1548	6189
6190	6190
3535	6191
664	6192
2722	6193
760	6194
6169	6195
5931	6196
3646	6197
8122	6198
4812	6199
733	6200
713	6201
9697	6202
9427	6203
8010	6204
1731	6205
129	6206
2644	6207
7139	6208
2682	6209
5283	6210
4845	6211
5464	6212
5268	6213
8681	6214
9377	6215
18	6216
6258	6217
5369	6218
5532	6219
8582	6220
29	6221
3651	6222
4917	6223
9641	6224
5424	6225
4092	6226
9062	6227
1299	6228
4106	6229
9846	6230
5700	6231
6230	6232
7285	6233
5946	6234
3074	6235
5366	6236
3369	6237
9122	6238
9191	6239
2683	6240
4978	6241
5222	6242
6941	6243
3194	6244
4858	6245
126	6246
1605	6247
3418	6248
6923	6249
7608	6250
6809	6251
6581	6252
171	6253
3322	6254
8880	6255
1508	6256
753	6257
5875	6258
3245	6259
2012	6260
6591	6261
7594	6262
2641	6263
2538	6264
2350	6265
5147	6266
7207	6267
3139	6268
9844	6269
973	6270
9768	6271
8421	6272
6953	6273
5203	6274
9063	6275
1016	6276
1015	6277
5837	6278
3292	6279
3353	6280
2820	6281
8468	6282
255	6283
1089	6284
7757	6285
2650	6286
8245	6287
1321	6288
5550	6289
3456	6290
9812	6291
8096	6292
5685	6293
1161	6294
1448	6295
3442	6296
8053	6297
9365	6298
1740	6299
103	6300
7908	6301
4842	6302
1955	6303
9237	6304
4308	6305
6932	6306
820	6307
1868	6308
1865	6309
3505	6310
4025	6311
7614	6312
2267	6313
693	6314
2198	6315
3490	6316
4050	6317
3755	6318
3514	6319
5122	6320
9323	6321
1524	6322
3279	6323
4624	6324
8192	6325
4060	6326
7116	6327
1889	6328
6716	6329
4979	6330
5	6331
9461	6332
1738	6333
684	6334
1155	6335
3438	6336
8660	6337
6055	6338
465	6339
5327	6340
8596	6341
5641	6342
2942	6343
1676	6344
4289	6345
3683	6346
1453	6347
8007	6348
3382	6349
2063	6350
6355	6351
8677	6352
9472	6353
7563	6354
1350	6355
3241	6356
2990	6357
3212	6358
4437	6359
8142	6360
1893	6361
4315	6362
9592	6363
9310	6364
897	6365
3048	6366
2015	6367
8367	6368
8926	6369
9651	6370
96	6371
1675	6372
3115	6373
3847	6374
6544	6375
8905	6376
7072	6377
851	6378
7694	6379
2035	6380
3424	6381
5453	6382
8932	6383
6964	6384
5786	6385
9182	6386
2749	6387
1649	6388
7248	6389
4596	6390
8984	6391
5836	6392
8538	6393
9473	6394
3255	6395
2050	6396
905	6397
6692	6398
8249	6399
2578	6400
253	6401
6128	6402
6765	6403
8558	6404
5455	6405
5945	6406
8568	6407
1212	6408
1043	6409
4062	6410
311	6411
59	6412
941	6413
6240	6414
4938	6415
52	6416
2687	6417
4032	6418
7378	6419
8721	6420
4536	6421
1058	6422
9307	6423
7518	6424
8898	6425
8090	6426
7781	6427
6279	6428
9300	6429
2499	6430
5206	6431
3385	6432
9642	6433
8172	6434
7928	6435
7702	6436
9078	6437
7522	6438
9441	6439
40	6440
4932	6441
2735	6442
6603	6443
5771	6444
6220	6445
9451	6446
5001	6447
2958	6448
5981	6449
7809	6450
4423	6451
4063	6452
5729	6453
2511	6454
6829	6455
6658	6456
2026	6457
9381	6458
5802	6459
360	6460
8918	6461
6776	6462
7484	6463
1491	6464
6695	6465
9102	6466
9047	6467
2173	6468
1459	6469
9835	6470
2647	6471
4993	6472
6879	6473
1488	6474
4096	6475
2083	6476
5185	6477
7387	6478
7220	6479
1257	6480
929	6481
532	6482
3104	6483
2020	6484
7644	6485
1953	6486
883	6487
2638	6488
9648	6489
943	6490
502	6491
76	6492
7865	6493
9401	6494
7006	6495
9257	6496
7762	6497
9620	6498
8935	6499
331	6500
3033	6501
949	6502
1687	6503
7538	6504
4249	6505
740	6506
3268	6507
7718	6508
3328	6509
2017	6510
539	6511
6590	6512
5749	6513
7556	6514
9712	6515
8679	6516
6268	6517
3666	6518
186	6519
4338	6520
6183	6521
4184	6522
6585	6523
18	6524
1000	6525
5920	6526
1143	6527
8074	6528
5900	6529
8009	6530
9153	6531
9069	6532
1096	6533
935	6534
5259	6535
3327	6536
2239	6537
6816	6538
7668	6539
31	6540
5871	6541
328	6542
9330	6543
317	6544
1882	6545
7065	6546
6984	6547
8960	6548
4451	6549
1019	6550
5076	6551
660	6552
522	6553
6957	6554
4710	6555
8081	6556
8469	6557
2380	6558
6419	6559
5062	6560
5191	6561
5645	6562
7399	6563
4829	6564
2430	6565
3652	6566
5386	6567
1635	6568
8563	6569
4047	6570
3642	6571
6193	6572
9640	6573
3570	6574
2515	6575
408	6576
8258	6577
812	6578
5130	6579
2520	6580
554	6581
3481	6582
6356	6583
7366	6584
8506	6585
36	6586
9616	6587
6162	6588
7418	6589
8002	6590
1461	6591
2176	6592
6342	6593
2429	6594
4235	6595
5166	6596
3694	6597
7137	6598
2291	6599
4005	6600
1050	6601
3176	6602
455	6603
8449	6604
9643	6605
9716	6606
7089	6607
4689	6608
5889	6609
2717	6610
4247	6611
6693	6612
6788	6613
5596	6614
6920	6615
3276	6616
23	6617
3340	6618
470	6619
3608	6620
424	6621
8836	6622
8351	6623
8098	6624
2071	6625
2830	6626
2051	6627
6357	6628
9662	6629
3949	6630
1898	6631
9430	6632
960	6633
4730	6634
1452	6635
7598	6636
5356	6637
2892	6638
8581	6639
955	6640
9147	6641
7854	6642
2276	6643
7200	6644
743	6645
8571	6646
8767	6647
4828	6648
7129	6649
2164	6650
7469	6651
7612	6652
6471	6653
3526	6654
9187	6655
9383	6656
2549	6657
1073	6658
9246	6659
4681	6660
7764	6661
4190	6662
7464	6663
8264	6664
4243	6665
4914	6666
8531	6667
3817	6668
2361	6669
9391	6670
1671	6671
5912	6672
1570	6673
7867	6674
1954	6675
6630	6676
1489	6677
3047	6678
6643	6679
8856	6680
5340	6681
3811	6682
8205	6683
1997	6684
7383	6685
78	6686
8001	6687
2371	6688
2919	6689
1540	6690
7391	6691
2565	6692
7393	6693
7345	6694
7474	6695
779	6696
8238	6697
1375	6698
1979	6699
5694	6700
7797	6701
821	6702
8006	6703
9058	6704
1262	6705
4732	6706
8732	6707
9329	6708
2473	6709
7002	6710
2986	6711
485	6712
130	6713
3667	6714
9346	6715
210	6716
8162	6717
4333	6718
6685	6719
1521	6720
77	6721
8117	6722
3551	6723
6910	6724
856	6725
1951	6726
9423	6727
1298	6728
2439	6729
121	6730
8728	6731
5306	6732
6678	6733
2818	6734
5279	6735
4752	6736
6407	6737
4111	6738
2187	6739
1585	6740
4128	6741
8575	6742
2121	6743
7916	6744
2130	6745
6494	6746
5723	6747
7148	6748
3117	6749
8763	6750
8255	6751
9497	6752
5916	6753
5571	6754
9077	6755
9331	6756
3920	6757
2032	6758
9075	6759
5601	6760
8587	6761
547	6762
708	6763
8384	6764
1146	6765
3887	6766
6966	6767
8985	6768
2127	6769
5421	6770
6447	6771
3392	6772
7725	6773
4500	6774
4498	6775
8163	6776
7136	6777
4943	6778
123	6779
8658	6780
8242	6781
3472	6782
8968	6783
7102	6784
2870	6785
47	6786
6021	6787
516	6788
7756	6789
2146	6790
7839	6791
2052	6792
7306	6793
3917	6794
776	6795
1187	6796
4313	6797
4387	6798
5139	6799
4527	6800
15	6801
8982	6802
8925	6803
2242	6804
373	6805
7181	6806
822	6807
7318	6808
327	6809
3643	6810
1033	6811
7236	6812
9527	6813
4425	6814
1819	6815
7572	6816
5720	6817
2342	6818
6860	6819
8135	6820
7259	6821
7476	6822
9285	6823
5117	6824
5120	6825
4119	6826
1958	6827
9012	6828
6493	6829
7014	6830
8519	6831
9129	6832
2690	6833
7205	6834
1787	6835
7621	6836
7267	6837
1260	6838
6265	6839
3555	6840
1776	6841
6149	6842
259	6843
371	6844
8467	6845
6277	6846
2506	6847
7795	6848
7352	6849
899	6850
9263	6851
4253	6852
4237	6853
1197	6854
7183	6855
98	6856
5053	6857
530	6858
9567	6859
3762	6860
5439	6861
3325	6862
6392	6863
9245	6864
8875	6865
5351	6866
5752	6867
5266	6868
7450	6869
5232	6870
1479	6871
6824	6872
2536	6873
8480	6874
8473	6875
6907	6876
2044	6877
157	6878
152	6879
3234	6880
695	6881
276	6882
9338	6883
2758	6884
9590	6885
3896	6886
8130	6887
2852	6888
8855	6889
3678	6890
7788	6891
4378	6892
6623	6893
8517	6894
3058	6895
4473	6896
4959	6897
2118	6898
6916	6899
7017	6900
2365	6901
4277	6902
7096	6903
2896	6904
3720	6905
8941	6906
1984	6907
2874	6908
6690	6909
3808	6910
8602	6911
3596	6912
2906	6913
3428	6914
7196	6915
8933	6916
2482	6917
6519	6918
8874	6919
162	6920
767	6921
1426	6922
4525	6923
394	6924
795	6925
6176	6926
1106	6927
5018	6928
5653	6929
8536	6930
5043	6931
8097	6932
8475	6933
9264	6934
9351	6935
6397	6936
3874	6937
4821	6938
817	6939
1633	6940
5360	6941
924	6942
6167	6943
4422	6944
7871	6945
2557	6946
7170	6947
8718	6948
9751	6949
2559	6950
3859	6951
7966	6952
1007	6953
6912	6954
4273	6955
359	6956
4711	6957
9807	6958
7479	6959
67	6960
8382	6961
9834	6962
8407	6963
1408	6964
1506	6965
6849	6966
5135	6967
4066	6968
6400	6969
6719	6970
3187	6971
7514	6972
1698	6973
9370	6974
2503	6975
5212	6976
1726	6977
706	6978
2681	6979
8530	6980
445	6981
4385	6982
1055	6983
8495	6984
8160	6985
1977	6986
7392	6987
5659	6988
4895	6989
9171	6990
2381	6991
1052	6992
9130	6993
5004	6994
3173	6995
342	6996
4305	6997
9820	6998
5825	6999
2376	7000
997	7001
6937	7002
8152	7003
3691	7004
6986	7005
700	7006
1921	7007
2699	7008
8995	7009
3502	7010
8980	7011
1852	7012
5536	7013
7926	7014
962	7015
3042	7016
3429	7017
4718	7018
804	7019
3158	7020
4171	7021
9838	7022
6883	7023
2949	7024
2670	7025
6578	7026
3584	7027
4462	7028
9459	7029
4597	7030
3662	7031
900	7032
2315	7033
5454	7034
9220	7035
7724	7036
7370	7037
6485	7038
9172	7039
7669	7040
9320	7041
189	7042
3206	7043
6576	7044
2209	7045
9613	7046
9151	7047
5027	7048
4101	7049
3188	7050
3748	7051
1152	7052
8134	7053
4221	7054
1655	7055
4337	7056
4342	7057
1659	7058
1599	7059
8618	7060
6210	7061
1945	7062
3754	7063
5315	7064
3356	7065
2240	7066
139	7067
4350	7068
473	7069
6014	7070
963	7071
5348	7072
2327	7073
8	7074
3446	7075
1418	7076
7291	7077
4738	7078
8126	7079
4962	7080
867	7081
70	7082
1553	7083
6830	7084
2131	7085
3171	7086
6061	7087
1626	7088
3263	7089
3275	7090
7700	7091
3208	7092
4369	7093
2783	7094
3228	7095
8746	7096
4403	7097
1158	7098
1154	7099
6455	7100
8154	7101
35	7102
3316	7103
7251	7104
9575	7105
6810	7106
5856	7107
5634	7108
5277	7109
9562	7110
6823	7111
4998	7112
745	7113
5388	7114
8047	7115
1063	7116
9455	7117
1538	7118
7714	7119
7328	7120
9366	7121
6527	7122
410	7123
3736	7124
8790	7125
3352	7126
4468	7127
8987	7128
705	7129
8603	7130
6424	7131
5086	7132
8483	7133
809	7134
7503	7135
8979	7136
8504	7137
1150	7138
3183	7139
6438	7140
6770	7141
9017	7142
306	7143
2754	7144
5809	7145
2968	7146
2840	7147
6945	7148
4196	7149
8037	7150
1918	7151
3395	7152
873	7153
7681	7154
207	7155
2598	7156
1307	7157
9061	7158
5683	7159
5077	7160
2000	7161
5674	7162
8858	7163
6999	7164
9633	7165
8180	7166
304	7167
2254	7168
3130	7169
1031	7170
3468	7171
9688	7172
4397	7173
7041	7174
7344	7175
7150	7176
7266	7177
5584	7178
5174	7179
6972	7180
5831	7181
71	7182
7992	7183
496	7184
6495	7185
287	7186
8633	7187
5085	7188
2782	7189
211	7190
3242	7191
7890	7192
5261	7193
9056	7194
2776	7195
2777	7196
8498	7197
5402	7198
5403	7199
367	7200
7403	7201
5396	7202
7423	7203
7280	7204
5407	7205
5378	7206
9055	7207
7407	7208
7282	7209
4090	7210
8491	7211
343	7212
254	7213
9617	7214
2726	7215
366	7216
5240	7217
7288	7218
1472	7219
370	7220
5409	7221
8502	7222
4118	7223
5415	7224
7290	7225
1994	7226
107	7227
3174	7228
463	7229
2134	7230
8674	7231
8262	7232
3730	7233
3804	7234
2684	7235
7475	7236
4076	7237
8818	7238
8919	7239
1588	7240
8266	7241
5773	7242
6365	7243
7246	7244
7462	7245
6008	7246
3621	7247
6751	7248
8599	7249
4	7250
9695	7251
5013	7252
3782	7253
3921	7254
2639	7255
4615	7256
9729	7257
8488	7258
2422	7259
3569	7260
5353	7261
4103	7262
3078	7263
1264	7264
8957	7265
1295	7266
775	7267
200	7268
877	7269
3496	7270
6840	7271
238	7272
2677	7273
8716	7274
8788	7275
1014	7276
4041	7277
2185	7278
9808	7279
8461	7280
8848	7281
5901	7282
1930	7283
19	7284
2340	7285
3361	7286
6404	7287
3837	7288
9314	7289
3530	7290
4707	7291
9244	7292
8782	7293
1222	7294
8878	7295
4719	7296
974	7297
4132	7298
1430	7299
7557	7300
7211	7301
4255	7302
4444	7303
704	7304
4630	7305
7805	7306
8165	7307
5579	7308
8842	7309
4254	7310
8401	7311
3488	7312
7381	7313
5480	7314
9788	7315
6944	7316
5257	7317
9095	7318
8057	7319
3984	7320
2975	7321
6872	7322
9126	7323
7523	7324
3650	7325
1121	7326
4431	7327
9589	7328
9197	7329
8745	7330
6382	7331
6701	7332
5417	7333
4470	7334
9386	7335
7652	7336
4888	7337
4546	7338
3233	7339
6038	7340
3591	7341
9367	7342
3244	7343
7628	7344
395	7345
8085	7346
1429	7347
2064	7348
3113	7349
5624	7350
790	7351
4252	7352
2236	7353
6835	7354
8260	7355
8284	7356
7814	7357
9311	7358
8281	7359
3786	7360
9180	7361
2854	7362
319	7363
9201	7364
2707	7365
9406	7366
8111	7367
5853	7368
542	7369
3592	7370
523	7371
227	7372
3307	7373
2974	7374
5830	7375
228	7376
1999	7377
9726	7378
4526	7379
4008	7380
5933	7381
339	7382
265	7383
6551	7384
4236	7385
6501	7386
1568	7387
9090	7388
120	7389
545	7390
6164	7391
284	7392
38	7393
4820	7394
7459	7395
9554	7396
4728	7397
45	7398
4170	7399
4499	7400
2695	7401
2186	7402
8630	7403
8213	7404
1118	7405
3638	7406
3987	7407
1706	7408
8619	7409
2828	7410
3009	7411
3855	7412
9103	7413
3686	7414
5278	7415
4125	7416
8204	7417
5300	7418
4177	7419
4416	7420
5612	7421
9007	7422
7461	7423
8733	7424
4693	7425
293	7426
8008	7427
4122	7428
2375	7429
4268	7430
2404	7431
6401	7432
9557	7433
4356	7434
5629	7435
5544	7436
5956	7437
3072	7438
2819	7439
2825	7440
5323	7441
2028	7442
1810	7443
9714	7444
5112	7445
5742	7446
7270	7447
1646	7448
7038	7449
6238	7450
5585	7451
9242	7452
6090	7453
6095	7454
4994	7455
4634	7456
4441	7457
3941	7458
6266	7459
2855	7460
4187	7461
7698	7462
9342	7463
1286	7464
8609	7465
3771	7466
421	7467
8021	7468
201	7469
8845	7470
7351	7471
4300	7472
6325	7473
1044	7474
7559	7475
2902	7476
2541	7477
7622	7478
7885	7479
2098	7480
283	7481
5145	7482
5296	7483
6834	7484
9148	7485
3760	7486
5136	7487
271	7488
3306	7489
4614	7490
3997	7491
6399	7492
7045	7493
5486	7494
2844	7495
8546	7496
3732	7497
1828	7498
481	7499
8863	7500
2741	7501
2196	7502
7490	7503
4486	7504
3318	7505
7159	7506
3759	7507
8807	7508
4298	7509
288	7510
3391	7511
5663	7512
1712	7513
4538	7514
908	7515
4081	7516
6007	7517
734	7518
3590	7519
4280	7520
291	7521
823	7522
263	7523
9422	7524
4077	7525
1470	7526
9825	7527
8252	7528
9362	7529
7334	7530
7558	7531
2996	7532
2831	7533
2513	7534
2767	7535
1773	7536
6995	7537
2397	7538
2189	7539
7419	7540
2161	7541
8696	7542
5404	7543
5298	7544
83	7545
5625	7546
204	7547
6627	7548
6336	7549
1558	7550
3436	7551
7213	7552
4417	7553
6058	7554
5549	7555
543	7556
575	7557
4234	7558
4609	7559
7610	7560
9211	7561
3124	7562
625	7563
8775	7564
7481	7565
5605	7566
5689	7567
3545	7568
8221	7569
415	7570
5594	7571
2935	7572
4159	7573
2827	7574
6351	7575
1962	7576
4616	7577
9312	7578
5899	7579
453	7580
1615	7581
6806	7582
7659	7583
7901	7584
5284	7585
8902	7586
1833	7587
5599	7588
8014	7589
8760	7590
3313	7591
2561	7592
5094	7593
1534	7594
2710	7595
2343	7596
5513	7597
4163	7598
8290	7599
4210	7600
1270	7601
3637	7602
1897	7603
9558	7604
6184	7605
42	7606
4795	7607
5876	7608
5167	7609
8100	7610
3120	7611
5999	7612
6054	7613
8593	7614
9021	7615
4785	7616
2252	7617
5509	7618
6454	7619
6609	7620
7513	7621
7023	7622
5828	7623
5309	7624
4349	7625
132	7626
2606	7627
2610	7628
5541	7629
2675	7630
4856	7631
3594	7632
6236	7633
3899	7634
2455	7635
7436	7636
4797	7637
1327	7638
7192	7639
2414	7640
3576	7641
878	7642
3765	7643
2076	7644
5216	7645
4754	7646
8020	7647
4715	7648
4641	7649
9533	7650
992	7651
3151	7652
6956	7653
2599	7654
9416	7655
2858	7656
2788	7657
5231	7658
5777	7659
1772	7660
520	7661
2764	7662
7961	7663
416	7664
9600	7665
3558	7666
9606	7667
5010	7668
3220	7669
4675	7670
653	7671
4408	7672
9733	7673
1886	7674
7511	7675
5099	7676
824	7677
2188	7678
236	7679
8229	7680
5164	7681
1172	7682
3479	7683
2781	7684
5250	7685
111	7686
8129	7687
2691	7688
3832	7689
7891	7690
2886	7691
608	7692
8363	7693
1825	7694
7934	7695
855	7696
8510	7697
6974	7698
9371	7699
6996	7700
4651	7701
9753	7702
9359	7703
4152	7704
2383	7705
7169	7706
1332	7707
2091	7708
5961	7709
8051	7710
2523	7711
3633	7712
1813	7713
2036	7714
3952	7715
1361	7716
6904	7717
617	7718
1814	7719
203	7720
8174	7721
8050	7722
8456	7723
8011	7724
4692	7725
3028	7726
6030	7727
4035	7728
8132	7729
8428	7730
9583	7731
718	7732
5337	7733
2077	7734
1166	7735
5930	7736
1473	7737
6229	7738
1993	7739
4510	7740
914	7741
7058	7742
2823	7743
4016	7744
7092	7745
8553	7746
4412	7747
4266	7748
4866	7749
3273	7750
5069	7751
4160	7752
5918	7753
1159	7754
7736	7755
1732	7756
8881	7757
4000	7758
7101	7759
407	7760
7409	7761
2967	7762
6470	7763
6072	7764
51	7765
3661	7766
4540	7767
9448	7768
6140	7769
7095	7770
6228	7771
4543	7772
3304	7773
5728	7774
9123	7775
6622	7776
2461	7777
4339	7778
1657	7779
1770	7780
9568	7781
854	7782
472	7783
5405	7784
7466	7785
3190	7786
3775	7787
4304	7788
5669	7789
479	7790
6812	7791
5779	7792
3474	7793
6620	7794
7142	7795
6853	7796
6232	7797
7097	7798
7115	7799
3266	7800
6052	7801
2317	7802
4126	7803
599	7804
5434	7805
2248	7806
7573	7807
230	7808
2551	7809
1749	7810
1544	7811
7473	7812
1090	7813
1790	7814
7135	7815
4642	7816
9350	7817
6496	7818
8946	7819
8246	7820
3798	7821
8257	7822
1228	7823
8279	7824
6264	7825
6248	7826
1204	7827
9498	7828
9506	7829
6262	7830
1231	7831
7939	7832
4466	7833
2800	7834
3567	7835
4631	7836
5381	7837
4003	7838
6242	7839
6413	7840
1578	7841
6711	7842
6740	7843
7817	7844
8937	7845
9387	7846
2281	7847
6498	7848
7385	7849
6775	7850
7425	7851
4275	7852
4194	7853
4192	7854
27	7855
90	7856
3554	7857
6586	7858
1942	7859
9321	7860
9437	7861
9287	7862
7547	7863
8550	7864
7438	7865
4990	7866
101	7867
1403	7868
7742	7869
7478	7870
7930	7871
1104	7872
9433	7873
987	7874
3900	7875
6139	7876
6062	7877
8446	7878
143	7879
5125	7880
3354	7881
3355	7882
8269	7883
8226	7884
8317	7885
4176	7886
5059	7887
7411	7888
4309	7889
9478	7890
4004	7891
5358	7892
3767	7893
114	7894
1723	7895
8522	7896
1644	7897
3907	7898
1344	7899
6992	7900
6917	7901
3595	7902
3461	7903
7273	7904
4211	7905
9765	7906
3284	7907
8904	7908
3606	7909
7064	7910
8945	7911
7440	7912
7512	7913
6540	7914
1970	7915
1495	7916
4679	7917
2502	7918
9792	7919
5787	7920
222	7921
5911	7922
8975	7923
1753	7924
9270	7925
1002	7926
2596	7927
6191	7928
6349	7929
195	7930
4511	7931
2544	7932
3906	7933
3217	7934
3	7935
5709	7936
9730	7937
7860	7938
2125	7939
173	7940
8224	7941
4992	7942
2062	7943
7083	7944
786	7945
4395	7946
1803	7947
5224	7948
9399	7949
6261	7950
9811	7951
9480	7952
76	7953
9699	7954
2470	7955
9073	7956
3459	7957
4848	7958
4830	7959
7311	7960
2789	7961
5886	7962
4780	7963
2579	7964
3285	7965
5679	7966
2865	7967
2947	7968
8280	7969
24	7970
3769	7971
96	7972
5776	7973
7907	7974
6689	7975
9603	7976
2388	7977
4476	7978
7067	7979
6780	7980
3511	7981
2933	7982
24	7983
8801	7984
5908	7985
2895	7986
146	7987
5880	7988
5262	7989
3544	7990
6092	7991
2981	7992
9295	7993
6093	7994
4057	7995
9152	7996
8808	7997
1343	7998
926	7999
8084	8000
6023	8001
298	8002
4402	8003
1437	8004
5226	8005
6655	8006
8556	8007
2709	8008
9445	8009
5671	8010
9230	8011
9186	8012
5201	8013
6450	8014
7354	8015
3715	8016
7294	8017
1064	8018
744	8019
918	8020
1844	8021
7998	8022
3718	8023
7760	8024
7330	8025
5806	8026
1555	8027
2218	8028
6569	8029
787	8030
7897	8031
2550	8032
501	8033
8259	8034
1560	8035
4420	8036
6977	8037
9797	8038
8666	8039
2969	8040
6697	8041
8921	8042
1922	8043
4007	8044
2595	8045
84	8046
1530	8047
4893	8048
8606	8049
6065	8050
7858	8051
244	8052
1574	8053
8243	8054
5199	8055
3260	8056
3226	8057
257	8058
2008	8059
1820	8060
2706	8061
3819	8062
2459	8063
5791	8064
7367	8065
3688	8066
3448	8067
3696	8068
7356	8069
9160	8070
2212	8071
4048	8072
3697	8073
4961	8074
4863	8075
4149	8076
6104	8077
6979	8078
216	8079
5583	8080
3380	8081
5591	8082
697	8083
8961	8084
2428	8085
7707	8086
9763	8087
6033	8088
9110	8089
8699	8090
6121	8091
8173	8092
6202	8093
1766	8094
6414	8095
2929	8096
8016	8097
5256	8098
8827	8099
8071	8100
3215	8101
4354	8102
7596	8103
8795	8104
6050	8105
5325	8106
1784	8107
2010	8108
9292	8109
5301	8110
6639	8111
4507	8112
1804	8113
1782	8114
1960	8115
6227	8116
2910	8117
1694	8118
1119	8119
5870	8120
9059	8121
6059	8122
141	8123
4982	8124
3934	8125
1160	8126
9004	8127
7153	8128
5921	8129
2145	8130
5440	8131
2027	8132
9005	8133
9395	8134
8505	8135
1356	8136
4140	8137
3370	8138
5210	8139
8786	8140
9675	8141
2258	8142
7193	8143
1775	8144
572	8145
1860	8146
4678	8147
9036	8148
5162	8149
7212	8150
8276	8151
2155	8152
8917	8153
7309	8154
986	8155
9308	8156
2220	8157
7712	8158
4299	8159
8978	8160
3602	8161
9745	8162
7892	8163
2747	8164
7841	8165
8583	8166
220	8167
4924	8168
7671	8169
3702	8170
7491	8171
771	8172
5655	8173
8724	8174
724	8175
2088	8176
862	8177
6671	8178
4261	8179
8959	8180
7884	8181
2108	8182
4964	8183
9355	8184
1301	8185
9071	8186
797	8187
1572	8188
1592	8189
5118	8190
5833	8191
723	8192
7746	8193
4224	8194
2694	8195
1941	8196
6659	8197
3497	8198
541	8199
5573	8200
9347	8201
7581	8202
2366	8203
8146	8204
2405	8205
8036	8206
5868	8207
4264	8208
6040	8209
7641	8210
486	8211
2908	8212
3027	8213
712	8214
3250	8215
7921	8216
7379	8217
9042	8218
8685	8219
5881	8220
7881	8221
7616	8222
1376	8223
5406	8224
609	8225
4225	8226
9655	8227
3529	8228
603	8229
7709	8230
2038	8231
2810	8232
7866	8233
1094	8234
1444	8235
9384	8236
5066	8237
8564	8238
5142	8239
3820	8240
4167	8241
590	8242
5578	8243
698	8244
9025	8245
7819	8246
5621	8247
118	8248
976	8249
7278	8250
1964	8251
3030	8252
5632	8253
3110	8254
4014	8255
2307	8256
3785	8257
4908	8258
2659	8259
7376	8260
4457	8261
5431	8262
1727	8263
5607	8264
1851	8265
7359	8266
4279	8267
2766	8268
8621	8269
7761	8270
7003	8271
968	8272
3571	8273
9006	8274
329	8275
8805	8276
5688	8277
3763	8278
4595	8279
6665	8280
8499	8281
7226	8282
4804	8283
3312	8284
3814	8285
7627	8286
8565	8287
7061	8288
806	8289
5263	8290
9611	8291
7390	8292
478	8293
4617	8294
419	8295
8024	8296
3918	8297
444	8298
4516	8299
5352	8300
3619	8301
2255	8302
6142	8303
8466	8304
8013	8305
3470	8306
9349	8307
5525	8308
1486	8309
2989	8310
6143	8311
6621	8312
8195	8313
13	8314
6893	8315
3309	8316
9158	8317
8059	8318
7905	8319
8167	8320
3990	8321
3032	8322
6667	8323
7723	8324
6978	8325
9750	8326
9586	8327
8772	8328
717	8329
2224	8330
5681	8331
3317	8332
4608	8333
2882	8334
9405	8335
9269	8336
1194	8337
7483	8338
4130	8339
1230	8340
3772	8341
4694	8342
800	8343
8616	8344
3687	8345
2418	8346
6334	8347
9762	8348
5060	8349
7458	8350
882	8351
9016	8352
7343	8353
9736	8354
4332	8355
7429	8356
6608	8357
2577	8358
742	8359
4352	8360
8864	8361
5874	8362
1965	8363
732	8364
1	8365
54	8366
9368	8367
757	8368
7510	8369
6936	8370
9276	8371
6818	8372
3578	8373
6099	8374
119	8375
7470	8376
4701	8377
7667	8378
7263	8379
7984	8380
6887	8381
5019	8382
8854	8383
9564	8384
8489	8385
8354	8386
3982	8387
8852	8388
2053	8389
8424	8390
9457	8391
8859	8392
2723	8393
2521	8394
5847	8395
3659	8396
489	8397
8415	8398
4218	8399
6181	8400
7104	8401
5308	8402
393	8403
1132	8404
2329	8405
9265	8406
2558	8407
3057	8408
8659	8409
7420	8410
6118	8411
3060	8412
3162	8413
9569	8414
6896	8415
865	8416
1471	8417
9374	8418
7807	8419
4291	8420
9621	8421
3189	8422
5731	8423
6635	8424
5	8425
8655	8426
3869	8427
75	8428
4098	8429
2313	8430
2528	8431
1458	8432
9225	8433
5488	8434
3924	8435
4233	8436
7245	8437
4406	8438
7120	8439
3243	8440
711	8441
6096	8442
4860	8443
6666	8444
1136	8445
8572	8446
7948	8447
2216	8448
1863	8449
1005	8450
8992	8451
1890	8452
5064	8453
534	8454
1612	8455
9192	8456
7602	8457
9574	8458
5021	8459
9091	8460
8416	8461
1986	8462
5341	8463
159	8464
3	8465
7877	8466
1653	8467
5168	8468
4799	8469
5670	8470
7304	8471
6094	8472
8093	8473
5934	8474
9222	8475
5792	8476
9155	8477
2370	8478
633	8479
2369	8480
8044	8481
8373	8482
9628	8483
2496	8484
2832	8485
3062	8486
6921	8487
3480	8488
8420	8489
2542	8490
9388	8491
9332	8492
8299	8493
7019	8494
1830	8495
6951	8496
5324	8497
5963	8498
1940	8499
4547	8500
6250	8501
1760	8502
6615	8503
4966	8504
8385	8505
5020	8506
5772	8507
7342	8508
1451	8509
1217	8510
9382	8511
4358	8512
456	8513
179	8514
3200	8515
8634	8516
9239	8517
7535	8518
7605	8519
7857	8520
7739	8521
7838	8522
6880	8523
7589	8524
3624	8525
9087	8526
3433	8527
6251	8528
4318	8529
2574	8530
9251	8531
301	8532
9442	8533
902	8534
384	8535
7973	8536
3635	8537
430	8538
99	8539
3607	8540
7020	8541
3989	8542
1180	8543
2382	8544
1416	8545
2238	8546
8534	8547
6201	8548
165	8549
164	8550
2392	8551
7670	8552
3519	8553
3437	8554
8125	8555
5288	8556
1480	8557
5157	8558
9289	8559
6799	8560
3362	8561
9417	8562
5272	8563
1711	8564
1714	8565
459	8566
4376	8567
1715	8568
4067	8569
1634	8570
5357	8571
2728	8572
5009	8573
69	8574
88	8575
9216	8576
8632	8577
5180	8578
9465	8579
3712	8580
5182	8581
10	8582
2106	8583
3349	8584
5959	8585
2326	8586
4429	8587
3205	8588
5949	8589
8793	8590
4399	8591
2928	8592
22	8593
2456	8594
9135	8595
7773	8596
4366	8597
7540	8598
828	8599
2182	8600
4418	8601
2195	8602
850	8603
312	8604
9125	8605
2273	8606
3157	8607
4843	8608
2567	8609
2532	8610
622	8611
5618	8612
5211	8613
56	8614
7421	8615
4297	8616
3267	8617
1856	8618
9570	8619
7539	8620
663	8621
5050	8622
352	8623
4482	8624
8426	8625
5146	8626
6272	8627
7869	8628
3043	8629
5514	8630
3541	8631
9769	8632
4520	8633
8831	8634
8723	8635
491	8636
3634	8637
9783	8638
5141	8639
3397	8640
4361	8641
5479	8642
690	8643
2922	8644
6417	8645
2784	8646
1312	8647
2265	8648
369	8649
225	8650
6475	8651
5408	8652
6895	8653
4832	8654
1087	8655
8282	8656
106	8657
3076	8658
7553	8659
7460	8660
5177	8661
658	8662
5451	8663
8592	8664
1114	8665
3787	8666
8070	8667
4232	8668
1133	8669
8529	8670
7373	8671
425	8672
8151	8673
6503	8674
7060	8675
5664	8676
4116	8677
643	8678
7339	8679
8026	8680
6919	8681
8821	8682
8947	8683
6922	8684
8894	8685
9798	8686
8938	8687
1972	8688
8813	8689
6930	8690
8802	8691
8956	8692
8714	8693
6504	8694
8374	8695
9604	8696
3107	8697
4131	8698
894	8699
8404	8700
7209	8701
3462	8702
6031	8703
7084	8704
5974	8705
4351	8706
923	8707
6161	8708
2731	8709
8343	8710
167	8711
2838	8712
9253	8713
2936	8714
2159	8715
3600	8716
789	8717
887	8718
925	8719
2391	8720
1902	8721
4456	8722
5044	8723
8197	8724
3909	8725
310	8726
6395	8727
4220	8728
8153	8729
564	8730
3980	8731
9228	8732
9752	8733
7607	8734
9677	8735
7991	8736
2087	8737
1936	8738
8695	8739
1992	8740
6506	8741
9477	8742
5023	8743
6451	8744
7713	8745
93	8746
6197	8747
5416	8748
6476	8749
4758	8750
3286	8751
7468	8752
1371	8753
6547	8754
7021	8755
1514	8756
4105	8757
1579	8758
2589	8759
7848	8760
398	8761
1029	8762
6535	8763
4086	8764
1767	8765
5658	8766
7749	8767
33	8768
961	8769
3311	8770
5326	8771
219	8772
1367	8773
8708	8774
6019	8775
1337	8776
9198	8777
3693	8778
7124	8779
6518	8780
7447	8781
6852	8782
4666	8783
5160	8784
6158	8785
729	8786
8123	8787
669	8788
798	8789
5092	8790
1975	8791
7340	8792
6566	8793
4712	8794
1483	8795
5984	8796
5939	8797
9799	8798
765	8799
4214	8800
8585	8801
8614	8802
4386	8803
9719	8804
6034	8805
8974	8806
5950	8807
4523	8808
799	8809
4082	8810
1174	8811
6798	8812
1552	8813
5533	8814
3967	8815
4307	8816
2230	8817
580	8818
4123	8819
3723	8820
1950	8821
6466	8822
1718	8823
5896	8824
4871	8825
2626	8826
7501	8827
184	8828
6510	8829
1189	8830
808	8831
2814	8832
2932	8833
853	8834
3294	8835
5521	8836
2594	8837
6360	8838
5470	8839
5074	8840
662	8841
9337	8842
7203	8843
8494	8844
6173	8845
8953	8846
4182	8847
9440	8848
841	8849
1583	8850
8188	8851
1586	8852
618	8853
4477	8854
2263	8855
8082	8856
2658	8857
3386	8858
6044	8859
1777	8860
467	8861
6935	8862
5677	8863
9490	8864
2938	8865
703	8866
108	8867
5265	8868
6552	8869
8350	8870
6700	8871
1435	8872
6011	8873
6705	8874
8438	8875
7314	8876
3458	8877
4478	8878
9438	8879
103	8880
3668	8881
3655	8882
2040	8883
2394	8884
1751	8885
4573	8886
3315	8887
5593	8888
1647	8889
7977	8890
6226	8891
4019	8892
5219	8893
6105	8894
8086	8895
9014	8896
2219	8897
8487	8898
4319	8899
5422	8900
2872	8901
6539	8902
3063	8903
6083	8904
3071	8905
4379	8906
1319	8907
7268	8908
8099	8909
2172	8910
8386	8911
7613	8912
7618	8913
2183	8914
3491	8915
4012	8916
6890	8917
1021	8918
1392	8919
6520	8920
1098	8921
6965	8922
6752	8923
1293	8924
4791	8925
6109	8926
4739	8927
7810	8928
8928	8929
5393	8930
5097	8931
6441	8932
1861	8933
4072	8934
6280	8935
4364	8936
7496	8937
9553	8938
780	8939
1410	8940
4771	8941
5063	8942
3923	8943
9486	8944
4006	8945
6631	8946
4365	8947
4903	8948
7088	8949
4813	8950
6985	8951
5493	8952
4166	8953
9630	8954
5372	8955
8910	8956
4755	8957
9489	8958
3586	8959
4702	8960
3251	8961
5909	8962
5936	8963
9720	8964
3647	8965
3564	8966
1165	8967
7242	8968
4672	8969
2971	8970
9843	8971
7898	8972
3408	8973
983	8974
2432	8975
7357	8976
4521	8977
904	8978
6110	8979
8113	8980
8665	8981
2899	8982
8868	8983
3136	8984
919	8985
5631	8986
6001	8987
6448	8988
6934	8989
9278	8990
2959	8991
9434	8992
6101	8993
4415	8994
3096	8995
2588	8996
2373	8997
7013	8998
981	8999
8427	9000
9537	9001
8734	9002
6784	9003
2484	9004
9514	9005
972	9006
1849	9007
9721	9008
9701	9009
9105	9010
8478	9011
946	9012
7313	9013
8355	9014
8217	9015
8457	9016
3911	9017
927	9018
2866	9019
506	9020
994	9021
9747	9022
3377	9023
3962	9024
565	9025
6656	9026
5863	9027
9247	9028
2013	9029
7527	9030
9231	9031
2398	9032
5545	9033
4069	9034
722	9035
9802	9036
3789	9037
4889	9038
4	9039
2449	9040
913	9041
5760	9042
670	9043
8641	9044
1620	9045
5954	9046
4703	9047
2086	9048
4841	9049
3908	9050
3321	9051
422	9052
5769	9053
4286	9054
4598	9055
247	9056
1331	9057
4362	9058
756	9059
7776	9060
7302	9061
3454	9062
3374	9063
426	9064
6968	9065
2645	9066
3227	9067
9137	9068
4117	9069
4475	9070
8690	9071
9631	9072
8559	9073
9610	9074
4034	9075
9743	9076
104	9077
7350	9078
615	9079
7036	9080
9039	9081
557	9082
5572	9083
9094	9084
2829	9085
6480	9086
2037	9087
9426	9088
7472	9089
226	9090
4604	9091
3338	9092
5923	9093
4265	9094
2204	9095
1903	9096
447	9097
868	9098
4988	9099
3579	9100
9591	9101
57	9102
895	9103
9266	9104
9038	9105
9710	9106
4334	9107
9543	9108
6442	9109
2179	9110
6013	9111
5891	9112
6670	9113
1525	9114
9555	9115
675	9116
4714	9117
7048	9118
68	9119
7380	9120
4528	9121
9260	9122
2153	9123
7673	9124
2244	9125
2434	9126
41	9127
2448	9128
2438	9129
2435	9130
6027	9131
2525	9132
192	9133
3179	9134
6881	9135
5763	9136
6508	9137
3105	9138
8012	9139
9826	9140
1630	9141
6825	9142
66	9143
3409	9144
5866	9145
5740	9146
6959	9147
9450	9148
6358	9149
7842	9150
1183	9151
7878	9152
3752	9153
7331	9154
689	9155
292	9156
5759	9157
9579	9158
3025	9159
1211	9160
5864	9161
7147	9162
4725	9163
65	9164
2122	9165
5608	9166
7114	9167
4928	9168
59	9169
9647	9170
4293	9171
7787	9172
275	9173
3741	9174
3877	9175
5535	9176
896	9177
6106	9178
6166	9179
3506	9180
7751	9181
7774	9182
8095	9183
4669	9184
7283	9185
6516	9186
5826	9187
4898	9188
4405	9189
1528	9190
9439	9191
6074	9192
8753	9193
4095	9194
114	9195
931	9196
46	9197
728	9198
3282	9199
4203	9200
212	9201
3180	9202
5797	9203
9372	9204
9282	9205
4157	9206
8508	9207
4949	9208
5745	9209
5844	9210
6600	9211
4945	9212
2945	9213
8566	9214
2128	9215
7108	9216
8757	9217
338	9218
5468	9219
1840	9220
9046	9221
5089	9222
2286	9223
8203	9224
8748	9225
7517	9226
4944	9227
6838	9228
668	9229
6541	9230
726	9231
3727	9232
4487	9233
7026	9234
5817	9235
631	9236
322	9237
9196	9238
3075	9239
1168	9240
6020	9241
4413	9242
838	9243
6006	9244
3605	9245
1427	9246
9149	9247
9664	9248
7106	9249
7541	9250
666	9251
3050	9252
1691	9253
861	9254
7636	9255
5293	9256
8131	9257
505	9258
6490	9259
1838	9260
7791	9261
5411	9262
2116	9263
50	9264
9048	9265
1601	9266
1846	9267
4114	9268
1034	9269
2321	9270
8447	9271
9735	9272
5246	9273
6594	9274
9587	9275
2973	9276
9343	9277
5399	9278
9221	9279
1036	9280
2757	9281
7059	9282
7665	9283
6214	9284
9306	9285
7093	9286
333	9287
9023	9288
6601	9289
1768	9290
7753	9291
1783	9292
6587	9293
1	9294
2576	9295
9033	9296
1896	9297
5848	9298
1496	9299
2019	9300
1135	9301
2115	9302
6137	9303
1742	9304
3660	9305
6070	9306
1794	9307
5529	9308
6848	9309
4940	9310
6338	9311
1802	9312
8088	9313
7081	9314
4975	9315
480	9316
1800	9317
7100	9318
1594	9319
2745	9320
4088	9321
6724	9322
2055	9323
4530	9324
4018	9325
7358	9326
9108	9327
81	9328
5022	9329
2136	9330
1433	9331
4747	9332
3296	9333
3568	9334
1546	9335
3977	9336
9828	9337
7808	9338
4325	9339
4948	9340
8820	9341
3965	9342
8713	9343
1943	9344
6241	9345
4519	9346
2113	9347
337	9348
4985	9349
7363	9350
1573	9351
2060	9352
4935	9353
3106	9354
2529	9355
8877	9356
1859	9357
5697	9358
5243	9359
9491	9360
4042	9361
2873	9362
6386	9363
1396	9364
2266	9365
3329	9366
3141	9367
4840	9368
7982	9369
5690	9370
3332	9371
7497	9372
5975	9373
8698	9374
7590	9375
2875	9376
1484	9377
5854	9378
1507	9379
23	9380
4401	9381
1024	9382
1456	9383
280	9384
5815	9385
5687	9386
6629	9387
8120	9388
9009	9389
2955	9390
8091	9391
9429	9392
5158	9393
8751	9394
5990	9395
7453	9396
6115	9397
4024	9398
7766	9399
5253	9400
9249	9401
2043	9402
5179	9403
8927	9404
6086	9405
9824	9406
5801	9407
4039	9408
206	9409
3801	9410
6281	9411
4736	9412
396	9413
1554	9414
4009	9415
3128	9416
5466	9417
6384	9418
4028	9419
7121	9420
6702	9421
5895	9422
4505	9423
936	9424
2065	9425
5606	9426
5750	9427
8394	9428
8235	9429
3210	9430
6633	9431
4020	9432
6727	9433
8883	9434
3549	9435
2039	9436
588	9437
4428	9438
3774	9439
2268	9440
2283	9441
9563	9442
2642	9443
1684	9444
251	9445
4217	9446
2510	9447
1447	9448
8168	9449
5041	9450
7988	9451
2042	9452
2047	9453
41	9454
1342	9455
8144	9456
2965	9457
8038	9458
4996	9459
6171	9460
8342	9461
9013	9462
959	9463
8569	9464
6595	9465
6970	9466
4684	9467
4246	9468
2705	9469
6178	9470
1920	9471
1	9472
8440	9473
3278	9474
4051	9475
9709	9476
1365	9477
5872	9478
7938	9479
2443	9480
2205	9481
74	9482
4955	9483
9238	9484
3019	9485
7307	9486
7546	9487
4391	9488
8544	9489
4621	9490
4602	9491
8451	9492
1672	9493
672	9494
57	9495
2059	9496
7658	9497
7286	9498
1176	9499
4136	9500
9493	9501
5744	9502
4670	9503
1721	9504
4201	9505
4075	9506
741	9507
8909	9508
9341	9509
8240	9510
3522	9511
5003	9512
4400	9513
5392	9514
7509	9515
4414	9516
9166	9517
3184	9518
1088	9519
6224	9520
9219	9521
1203	9522
7221	9523
8819	9524
2458	9525
559	9526
3381	9527
3431	9528
140	9529
770	9530
6870	9531
5335	9532
221	9533
4295	9534
7016	9535
727	9536
6172	9537
7750	9538
4582	9539
145	9540
8830	9541
1357	9542
2812	9543
2	9544
875	9545
14	9546
5083	9547
4213	9548
6213	9549
2344	9550
7862	9551
97	9552
6560	9553
9209	9554
2440	9555
8175	9556
2249	9557
1799	9558
133	9559
6168	9560
7775	9561
7906	9562
1334	9563
2995	9564
1637	9565
8512	9566
9205	9567
9229	9568
2732	9569
4179	9570
9217	9571
2447	9572
5925	9573
3214	9574
7228	9575
4327	9576
2324	9577
3739	9578
2485	9579
1771	9580
8392	9581
3092	9582
2150	9583
3795	9584
9348	9585
8253	9586
2960	9587
4464	9588
8722	9589
4489	9590
9195	9591
9513	9592
9759	9593
8799	9594
683	9595
8185	9596
3690	9597
2399	9598
3270	9599
1762	9600
274	9601
3411	9602
8464	9603
28	9604
5490	9605
55	9606
6302	9607
7126	9608
8892	9609
2246	9610
7430	9611
5223	9612
9044	9613
7034	9614
3626	9615
4	9616
2140	9617
8841	9618
1069	9619
6617	9620
2555	9621
3627	9622
3345	9623
2396	9624
441	9625
7191	9626
3303	9627
8687	9628
5586	9629
1995	9630
109	9631
2715	9632
3254	9633
3500	9634
2	9635
4410	9636
7917	9637
2022	9638
5575	9639
8888	9640
2692	9641
526	9642
2119	9643
5005	9644
2925	9645
5567	9646
7651	9647
9615	9648
3525	9649
2143	9650
721	9651
3119	9652
5016	9653
9842	9654
7206	9655
2138	9656
6808	9657
9327	9658
8939	9659
4861	9660
6638	9661
583	9662
3738	9663
6274	9664
2123	9665
4322	9666
3271	9667
6862	9668
5183	9669
7068	9670
3484	9671
4713	9672
4262	9673
707	9674
5905	9675
7780	9676
8573	9677
1404	9678
3875	9679
4227	9680
1181	9681
7078	9682
3543	9683
9199	9684
5736	9685
4697	9686
4497	9687
3182	9688
9689	9689
4708	9690
2386	9691
5800	9692
3181	9693
8275	9694
4145	9695
91	9696
3396	9697
6691	9698
5698	9699
6614	9700
5704	9701
1531	9702
3067	9703
5878	9704
8419	9705
3800	9706
9358	9707
355	9708
4267	9709
2640	9710
3144	9711
1462	9712
4509	9713
7748	9714
17	9715
7956	9716
1233	9717
6914	9718
9080	9719
500	9720
3636	9721
3172	9722
490	9723
4628	9724
1795	9725
1188	9726
202	9727
63	9728
2250	9729
8183	9730
2871	9731
53	9732
2420	9733
4973	9734
178	9735
6562	9736
7604	9737
9243	9738
563	9739
7400	9740
116	9741
5437	9742
7570	9743
5812	9744
5128	9745
2876	9746
3794	9747
5790	9748
4757	9749
5270	9750
9734	9751
6662	9752
214	9753
9118	9754
8381	9755
5803	9756
2374	9757
6049	9758
3740	9759
3476	9760
6056	9761
4683	9762
3178	9763
7683	9764
7802	9765
5684	9766
7224	9767
5375	9768
3503	9769
6789	9770
1981	9771
4619	9772
1191	9773
4726	9774
8523	9775
5143	9776
6611	9777
3916	9778
9789	9779
4662	9780
5942	9781
3153	9782
7876	9783
7676	9784
5057	9785
125	9786
2605	9787
3155	9788
5370	9789
6116	9790
5467	9791
6918	9792
8271	9793
1095	9794
1446	9795
5244	9796
8254	9797
1609	9798
7315	9799
5068	9800
8220	9801
3169	9802
5952	9803
7321	9804
3135	9805
3065	9806
8372	9807
3809	9808
115	9809
8940	9810
3185	9811
9653	9812
8752	9813
9389	9814
8936	9815
4925	9816
6326	9817
3013	9818
2347	9819
325	9820
5281	9821
7591	9822
2476	9823
1477	9824
1494	9825
8689	9826
9124	9827
3707	9828
1467	9829
1304	9830
7597	9831
3784	9832
2750	9833
5376	9834
8958	9835
8730	9836
3434	9837
7049	9838
3946	9839
124	9840
3943	9841
6361	9842
6215	9843
9200	9844
4480	9845
6396	9846
6837	9847
3235	9848
720	9849
2233	9850
1912	9851
3793	9852
607	9853
9163	9854
4446	9855
1963	9856
2463	9857
9390	9858
4202	9859
6865	9860
3711	9861
4872	9862
8331	9863
9290	9864
4165	9865
5898	9866
78	9867
9028	9868
7567	9869
7586	9870
5273	9871
9305	9872
4347	9873
9279	9874
9614	9875
6801	9876
8731	9877
2997	9878
5991	9879
1778	9880
4545	9881
6845	9882
5865	9883
5845	9884
8454	9885
8067	9886
7635	9887
4245	9888
2330	9889
5291	9890
8778	9891
8515	9892
7576	9893
2274	9894
1061	9895
1120	9896
9425	9897
6661	9898
9671	9899
8555	9900
2837	9901
2137	9902
8879	9903
2144	9904
4686	9905
8358	9906
5761	9907
8835	9908
4331	9909
7004	9910
1221	9911
3389	9912
8236	9913
8054	9914
4639	9915
3680	9916
7022	9917
3653	9918
7442	9919
3280	9920
8948	9921
3559	9922
8046	9923
7883	9924
4722	9925
365	9926
58	9927
3966	9928
5766	9929
9291	9930
1870	9931
2667	9932
2475	9933
1464	9934
1503	9935
2915	9936
6271	9937
9207	9938
3230	9939
1199	9940
7691	9941
2462	9942
4653	9943
1836	9944
8256	9945
5781	9946
314	9947
7338	9948
7692	9949
4241	9950
3776	9951
4465	9952
381	9953
7955	9954
8027	9955
995	9956
7730	9957
4256	9958
1341	9959
6589	9960
7154	9961
6156	9962
8765	9963
2092	9964
5390	9965
6185	9966
1793	9967
9010	9968
2226	9969
6781	9970
6931	9971
185	9972
8552	9973
46	9974
2713	9975
597	9976
4251	9977
2643	9978
7811	9979
8411	9980
921	9981
5589	9982
2090	9983
4481	9984
9539	9985
9379	9986
2721	9987
6828	9988
6026	9989
5935	9990
4083	9991
5045	9992
9652	9993
3444	9994
1725	9995
928	9996
7298	9997
1613	9998
1195	9999
5489	10000
