3821	1
9589	2
6239	3
745	4
9085	5
1627	6
3	7
3823	8
7595	9
4978	10
4920	11
9256	12
5348	13
8231	14
805	15
8496	16
1469	17
7239	18
9639	19
7168	20
9265	21
294	22
1527	23
1510	24
1875	25
18	26
199	27
8160	28
3119	29
6984	30
8794	31
9247	32
2930	33
4179	34
5128	35
8256	36
14	37
5280	38
6816	39
4211	40
1460	41
552	42
8668	43
804	44
3508	45
2601	46
6680	47
4705	48
3819	49
2218	50
6113	51
6774	52
8749	53
6727	54
7165	55
302	56
7253	57
7300	58
4500	59
7172	60
1282	61
6935	62
5785	63
8786	64
6299	65
4612	66
7997	67
6506	68
6402	69
8740	70
3746	71
6569	72
824	73
33	74
7646	75
2052	76
5310	77
6111	78
8683	79
6752	80
6354	81
7946	82
8645	83
6768	84
7188	85
8725	86
1257	87
4548	88
1281	89
6369	90
6044	91
2240	92
4916	93
9358	94
3822	95
9569	96
3932	97
5802	98
6642	99
7318	100
9262	101
9276	102
8829	103
1610	104
2468	105
3608	106
6372	107
3727	108
1485	109
6725	110
5380	111
7225	112
7607	113
3166	114
113	115
1641	116
5740	117
1139	118
4865	119
39	120
4306	121
3359	122
7768	123
7914	124
4581	125
9395	126
2097	127
485	128
3571	129
4898	130
1332	131
8110	132
4826	133
6393	134
1802	135
6908	136
9752	137
1266	138
739	139
7782	140
9558	141
9570	142
3484	143
671	144
2929	145
2729	146
2780	147
1038	148
253	149
491	150
6386	151
5877	152
6541	153
5103	154
6911	155
318	156
5080	157
7307	158
2581	159
3282	160
1178	161
5948	162
6432	163
7465	164
1778	165
8006	166
2844	167
8393	168
7308	169
4409	170
7121	171
2414	172
4946	173
4223	174
6855	175
15	176
7281	177
1103	178
1069	179
1027	180
1363	181
5274	182
7526	183
4309	184
354	185
6868	186
8825	187
7600	188
8082	189
8998	190
7642	191
5813	192
2404	193
2369	194
2412	195
9054	196
2640	197
5870	198
6710	199
2107	200
9336	201
5828	202
6154	203
6193	204
1869	205
6089	206
4691	207
3750	208
5136	209
2886	210
2182	211
6405	212
4378	213
435	214
2333	215
999	216
1984	217
5768	218
1999	219
3741	220
1862	221
3789	222
2509	223
2504	224
2159	225
9111	226
7991	227
5765	228
5474	229
622	230
2889	231
9699	232
938	233
788	234
5863	235
8326	236
9165	237
3583	238
7304	239
5126	240
1541	241
2786	242
2497	243
9234	244
5135	245
6988	246
7818	247
6981	248
1964	249
1817	250
1024	251
2235	252
4953	253
6471	254
8484	255
889	256
6678	257
7317	258
6576	259
9037	260
4801	261
2876	262
6749	263
3922	264
1351	265
4342	266
5290	267
8589	268
5359	269
9802	270
2702	271
7605	272
7095	273
7687	274
3197	275
1946	276
7009	277
4564	278
8318	279
9305	280
6746	281
9522	282
4097	283
3176	284
8414	285
8424	286
2250	287
1787	288
3458	289
1433	290
4305	291
7982	292
40	293
657	294
697	295
911	296
4736	297
1567	298
7116	299
628	300
2128	301
7719	302
9360	303
2882	304
1624	305
2950	306
6115	307
360	308
6297	309
3935	310
3525	311
2339	312
9119	313
8694	314
6341	315
9705	316
2057	317
8352	318
1251	319
5114	320
6036	321
5753	322
1769	323
9646	324
2947	325
446	326
1981	327
3101	328
8758	329
2049	330
1379	331
2405	332
7921	333
4721	334
1169	335
2323	336
4591	337
830	338
5666	339
5326	340
9416	341
1775	342
3930	343
1427	344
7514	345
9777	346
914	347
9039	348
662	349
5910	350
7963	351
3816	352
7311	353
4210	354
6302	355
7370	356
7927	357
8382	358
2025	359
7447	360
2036	361
2736	362
3410	363
3222	364
6290	365
2099	366
8184	367
7983	368
9035	369
7032	370
4471	371
5949	372
6894	373
3594	374
6674	375
195	376
4389	377
8513	378
7688	379
5712	380
1529	381
6350	382
7490	383
8526	384
4966	385
8251	386
590	387
880	388
733	389
2500	390
5092	391
3601	392
7832	393
2403	394
3218	395
2767	396
6060	397
7632	398
9648	399
1740	400
2311	401
3514	402
3414	403
4987	404
9327	405
104	406
22	407
3886	408
9182	409
8635	410
7248	411
7867	412
3069	413
5777	414
5648	415
2715	416
7866	417
9700	418
9102	419
5939	420
8970	421
3946	422
4831	423
7293	424
2010	425
269	426
4093	427
1557	428
2698	429
8743	430
7372	431
4065	432
1274	433
9692	434
64	435
6225	436
7216	437
5773	438
2676	439
6952	440
3666	441
297	442
7599	443
8901	444
9757	445
4811	446
2089	447
2557	448
8770	449
5356	450
2710	451
7191	452
8755	453
7226	454
3695	455
7076	456
9632	457
2872	458
3441	459
9568	460
3882	461
7729	462
3266	463
6926	464
3036	465
7860	466
747	467
4886	468
3417	469
1420	470
2118	471
6821	472
5555	473
2487	474
4914	475
1225	476
7498	477
3550	478
2881	479
8919	480
9658	481
9081	482
4	483
9181	484
4241	485
6317	486
9521	487
8722	488
9383	489
9594	490
3685	491
8660	492
7319	493
8555	494
9218	495
211	496
9007	497
2091	498
9487	499
1605	500
3917	501
1985	502
9413	503
6167	504
9250	505
2735	506
7020	507
3960	508
487	509
5838	510
6312	511
6159	512
5936	513
8282	514
5206	515
8274	516
5879	517
6852	518
1170	519
8630	520
8942	521
7067	522
2855	523
5622	524
8875	525
8699	526
4017	527
1608	528
8820	529
2962	530
7366	531
1065	532
7231	533
6820	534
6789	535
8561	536
2411	537
1039	538
7604	539
7204	540
4894	541
6583	542
2261	543
678	544
9326	545
263	546
9145	547
2657	548
8627	549
5655	550
8640	551
1044	552
1256	553
2441	554
4687	555
7460	556
6639	557
4221	558
9048	559
2237	560
2795	561
4942	562
6186	563
4662	564
2069	565
1322	566
5120	567
5015	568
3081	569
868	570
1082	571
4083	572
62	573
2109	574
4597	575
8180	576
67	577
5401	578
4623	579
8408	580
5625	581
5016	582
1745	583
9704	584
7510	585
5426	586
568	587
3934	588
1601	589
12	590
698	591
6942	592
1883	593
7303	594
3503	595
321	596
7839	597
1435	598
1939	599
4846	600
3678	601
30	602
5497	603
9373	604
5683	605
778	606
1989	607
5784	608
9805	609
591	610
8746	611
2960	612
11	613
3185	614
5901	615
4614	616
6192	617
9053	618
4903	619
9592	620
864	621
6172	622
5730	623
5538	624
8192	625
6644	626
6164	627
6996	628
9239	629
7005	630
3844	631
5549	632
9703	633
9345	634
5388	635
1488	636
8342	637
6608	638
6412	639
89	640
1190	641
6844	642
59	643
311	644
8055	645
7628	646
16	647
8779	648
1483	649
8738	650
1792	651
2599	652
9263	653
5159	654
10	655
2366	656
6767	657
886	658
3850	659
9542	660
7515	661
3549	662
9235	663
8090	664
7550	665
4094	666
4652	667
2324	668
3072	669
7865	670
9400	671
5651	672
3533	673
529	674
2604	675
3924	676
4071	677
3396	678
1620	679
3838	680
9454	681
3691	682
4387	683
8	684
5615	685
9410	686
8107	687
1137	688
7664	689
6790	690
2632	691
7590	692
3308	693
410	694
4632	695
1001	696
2968	697
91	698
6633	699
5897	700
8602	701
3573	702
1543	703
7407	704
5846	705
811	706
3885	707
1643	708
3651	709
7340	710
6105	711
6180	712
4438	713
2121	714
8097	715
1389	716
2743	717
4644	718
2081	719
6689	720
6419	721
6271	722
5099	723
6469	724
9463	725
7538	726
5455	727
6902	728
6804	729
1206	730
7999	731
268	732
7198	733
2585	734
8249	735
2932	736
5720	737
7123	738
234	739
7895	740
4698	741
3074	742
1136	743
7334	744
3769	745
9525	746
9505	747
5856	748
2904	749
8321	750
1287	751
9573	752
1922	753
2264	754
2168	755
5776	756
1097	757
4177	758
7125	759
5431	760
7639	761
7825	762
8675	763
5179	764
7915	765
7898	766
5566	767
9636	768
430	769
3400	770
4523	771
2144	772
4259	773
6074	774
2898	775
506	776
6512	777
5289	778
363	779
5463	780
737	781
266	782
785	783
1688	784
6264	785
3568	786
920	787
5717	788
2927	789
3135	790
5305	791
5624	792
1621	793
3784	794
8254	795
5520	796
4039	797
7566	798
8482	799
1173	800
9860	801
4366	802
2204	803
7564	804
6108	805
3384	806
4351	807
1220	808
4120	809
3537	810
1918	811
3859	812
6985	813
8324	814
7053	815
6760	816
9	817
4910	818
1818	819
9850	820
7221	821
5791	822
680	823
2110	824
4232	825
5217	826
800	827
7712	828
873	829
494	830
6152	831
5550	832
9462	833
3650	834
2579	835
227	836
1155	837
7195	838
4131	839
734	840
1451	841
3840	842
2419	843
3243	844
2888	845
3779	846
5930	847
9578	848
933	849
124	850
233	851
835	852
1214	853
5335	854
8939	855
4119	856
5693	857
7262	858
4775	859
2869	860
3576	861
5743	862
965	863
6424	864
8340	865
4396	866
9080	867
6673	868
5053	869
9739	870
9063	871
3364	872
8860	873
1638	874
1002	875
3131	876
7780	877
1343	878
6542	879
2125	880
6900	881
1394	882
3193	883
8836	884
5293	885
8715	886
6057	887
4299	888
2071	889
8744	890
5562	891
2529	892
6838	893
7528	894
6241	895
9671	896
1963	897
8385	898
7241	899
6399	900
5301	901
9083	902
5306	903
4531	904
3030	905
7408	906
1525	907
8849	908
8608	909
765	910
8230	911
4961	912
4832	913
8936	914
8930	915
206	916
9821	917
847	918
148	919
5811	920
348	921
3252	922
2448	923
191	924
7431	925
1058	926
8772	927
9707	928
3615	929
3897	930
8989	931
2846	932
9736	933
1965	934
9047	935
8883	936
4482	937
8678	938
5799	939
3198	940
7808	941
141	942
5	943
936	944
7114	945
4446	946
3017	947
1843	948
7050	949
2559	950
7107	951
8611	952
2959	953
676	954
4254	955
7473	956
6209	957
2389	958
341	959
6309	960
6063	961
9040	962
4437	963
9626	964
5317	965
1110	966
6695	967
9834	968
4419	969
1823	970
7624	971
1979	972
43	973
1885	974
2774	975
3732	976
3984	977
2331	978
1685	979
4048	980
6095	981
5	982
9720	983
9065	984
7879	985
1894	986
9451	987
1152	988
8959	989
7967	990
1882	991
6762	992
7846	993
4911	994
8966	995
4575	996
5256	997
3894	998
6049	999
7643	1000
7176	1001
3219	1002
7233	1003
6150	1004
763	1005
3564	1006
138	1007
2699	1008
8831	1009
4217	1010
1246	1011
2560	1012
9748	1013
1112	1014
3647	1015
4561	1016
6946	1017
2826	1018
5517	1019
36	1020
4715	1021
6977	1022
9461	1023
6891	1024
244	1025
5920	1026
4399	1027
4144	1028
4459	1029
1509	1030
8415	1031
3518	1032
3013	1033
7029	1034
6463	1035
6208	1036
3204	1037
507	1038
8549	1039
7180	1040
3735	1041
1632	1042
3605	1043
7252	1044
4638	1045
8	1046
8429	1047
2901	1048
5774	1049
477	1050
7573	1051
4354	1052
9766	1053
9430	1054
289	1055
1014	1056
456	1057
9668	1058
3676	1059
1565	1060
5657	1061
7000	1062
3298	1063
3471	1064
9822	1065
4676	1066
7111	1067
1768	1068
4885	1069
4525	1070
8161	1071
784	1072
7437	1073
8169	1074
2019	1075
7203	1076
7806	1077
3288	1078
5	1079
8487	1080
447	1081
5665	1082
9769	1083
3682	1084
6745	1085
2067	1086
7234	1087
1953	1088
3262	1089
9675	1090
8089	1091
5427	1092
1004	1093
7113	1094
2219	1095
5510	1096
3393	1097
7274	1098
670	1099
821	1100
2421	1101
2611	1102
6461	1103
3009	1104
338	1105
9857	1106
6937	1107
5299	1108
176	1109
5746	1110
8460	1111
6359	1112
8489	1113
6606	1114
6377	1115
988	1116
8523	1117
7264	1118
6667	1119
325	1120
6032	1121
4496	1122
4795	1123
2401	1124
5062	1125
629	1126
4400	1127
1790	1128
9622	1129
317	1130
6616	1131
3092	1132
4828	1133
8442	1134
1393	1135
6109	1136
7657	1137
2935	1138
3717	1139
4238	1140
350	1141
1838	1142
8018	1143
9496	1144
1446	1145
8685	1146
5349	1147
1849	1148
8195	1149
775	1150
4272	1151
458	1152
5395	1153
9572	1154
3380	1155
7440	1156
4395	1157
4802	1158
513	1159
4413	1160
2348	1161
7733	1162
2140	1163
8590	1164
992	1165
6899	1166
792	1167
7558	1168
5403	1169
3118	1170
4356	1171
3387	1172
5238	1173
2517	1174
9616	1175
2714	1176
1648	1177
7159	1178
7295	1179
7489	1180
4499	1181
2221	1182
2292	1183
8718	1184
3108	1185
4797	1186
6877	1187
3242	1188
4690	1189
4030	1190
4533	1191
5106	1192
5964	1193
1724	1194
3273	1195
1122	1196
7128	1197
134	1198
8888	1199
9473	1200
8244	1201
9324	1202
6522	1203
4556	1204
3990	1205
2875	1206
5244	1207
5747	1208
7475	1209
2186	1210
6441	1211
2252	1212
7482	1213
2508	1214
3901	1215
9579	1216
86	1217
7759	1218
9653	1219
801	1220
8809	1221
709	1222
2738	1223
7823	1224
758	1225
9435	1226
3724	1227
6705	1228
3629	1229
79	1230
2503	1231
6121	1232
5373	1233
8710	1234
3687	1235
3698	1236
8378	1237
7974	1238
3781	1239
3861	1240
8062	1241
2023	1242
605	1243
2728	1244
3692	1245
3299	1246
5476	1247
4827	1248
4136	1249
2450	1250
9527	1251
6783	1252
3900	1253
1291	1254
2498	1255
5083	1256
9708	1257
9370	1258
119	1259
7285	1260
3883	1261
9211	1262
718	1263
7797	1264
7548	1265
3715	1266
3271	1267
7484	1268
6968	1269
3545	1270
4768	1271
1899	1272
239	1273
4764	1274
9017	1275
5	1276
9773	1277
7972	1278
7798	1279
4694	1280
9840	1281
7027	1282
6336	1283
9672	1284
5385	1285
6138	1286
675	1287
6632	1288
6618	1289
4877	1290
2773	1291
8677	1292
3612	1293
1495	1294
9183	1295
9130	1296
4341	1297
3977	1298
7654	1299
8263	1300
3091	1301
1700	1302
6390	1303
4090	1304
7142	1305
3269	1306
7051	1307
1188	1308
4009	1309
6940	1310
8252	1311
5970	1312
5612	1313
8806	1314
1630	1315
9483	1316
1076	1317
72	1318
8788	1319
6466	1320
4133	1321
3429	1322
3820	1323
820	1324
9245	1325
5607	1326
4057	1327
7019	1328
3251	1329
7789	1330
9819	1331
6643	1332
9600	1333
6539	1334
2934	1335
4010	1336
531	1337
4682	1338
9193	1339
3313	1340
2390	1341
7793	1342
8887	1343
5659	1344
5534	1345
5912	1346
2214	1347
3292	1348
1737	1349
6162	1350
9170	1351
9000	1352
2368	1353
5511	1354
1881	1355
3161	1356
3246	1357
3015	1358
5144	1359
6586	1360
981	1361
555	1362
46	1363
9174	1364
3805	1365
595	1366
7137	1367
9001	1368
6347	1369
4092	1370
1243	1371
2502	1372
3324	1373
9372	1374
6197	1375
9534	1376
5853	1377
6565	1378
4608	1379
3194	1380
1599	1381
1645	1382
1475	1383
4139	1384
3439	1385
7536	1386
2316	1387
2562	1388
3580	1389
7449	1390
1296	1391
5425	1392
4335	1393
1618	1394
7443	1395
2589	1396
1177	1397
2843	1398
5678	1399
580	1400
8664	1401
222	1402
5228	1403
3948	1404
2880	1405
4448	1406
1233	1407
2946	1408
9390	1409
2447	1410
691	1411
9397	1412
2612	1413
1600	1414
5741	1415
8486	1416
6284	1417
1312	1418
1344	1419
3401	1420
4240	1421
8521	1422
732	1423
8921	1424
7723	1425
3479	1426
7597	1427
2825	1428
3309	1429
720	1430
1300	1431
6951	1432
3123	1433
3526	1434
1696	1435
9768	1436
3716	1437
3275	1438
1857	1439
4411	1440
750	1441
1848	1442
2809	1443
8547	1444
5033	1445
9504	1446
368	1447
5676	1448
7010	1449
3954	1450
8824	1451
7368	1452
2346	1453
1923	1454
6797	1455
5951	1456
6676	1457
2545	1458
5913	1459
8988	1460
2444	1461
8777	1462
2297	1463
2164	1464
2817	1465
7384	1466
1730	1467
7212	1468
9783	1469
9307	1470
9574	1471
1669	1472
3788	1473
3798	1474
7744	1475
2976	1476
8892	1477
1710	1478
8283	1479
8671	1480
9332	1481
3175	1482
4572	1483
8854	1484
1531	1485
1539	1486
2476	1487
3867	1488
2223	1489
5824	1490
937	1491
4887	1492
8597	1493
6142	1494
8610	1495
2434	1496
3509	1497
2290	1498
9561	1499
6414	1500
9870	1501
6582	1502
5183	1503
8713	1504
5794	1505
2513	1506
957	1507
9359	1508
2114	1509
3263	1510
436	1511
2383	1512
6994	1513
8747	1514
3065	1515
4025	1516
5383	1517
4383	1518
1523	1519
8016	1520
4996	1521
6883	1522
2607	1523
6062	1524
6212	1525
3379	1526
1384	1527
7933	1528
1780	1529
7452	1530
243	1531
8665	1532
5261	1533
4908	1534
930	1535
5009	1536
9650	1537
5568	1538
5199	1539
849	1540
1686	1541
1036	1542
2685	1543
4952	1544
7414	1545
6200	1546
2189	1547
7747	1548
1719	1549
116	1550
1263	1551
8670	1552
3552	1553
7048	1554
4892	1555
280	1556
8598	1557
6778	1558
8168	1559
7358	1560
4251	1561
9519	1562
5645	1563
3200	1564
9624	1565
7103	1566
4744	1567
2149	1568
168	1569
9682	1570
1261	1571
7775	1572
224	1573
441	1574
4358	1575
7247	1576
1616	1577
4511	1578
6803	1579
4303	1580
2753	1581
6928	1582
2073	1583
2655	1584
3504	1585
4271	1586
641	1587
1949	1588
9683	1589
1096	1590
2265	1591
7220	1592
9267	1593
4862	1594
7796	1595
2299	1596
259	1597
6564	1598
6387	1599
2914	1600
2798	1601
9223	1602
70	1603
7819	1604
9771	1605
9549	1606
7520	1607
947	1608
6641	1609
4487	1610
4285	1611
4032	1612
9587	1613
6459	1614
4959	1615
7277	1616
856	1617
9727	1618
4069	1619
5189	1620
5000	1621
414	1622
1607	1623
1084	1624
9237	1625
8553	1626
5240	1627
3179	1628
7418	1629
4822	1630
2939	1631
5221	1632
3986	1633
3663	1634
3527	1635
8237	1636
1323	1637
1909	1638
8541	1639
7745	1640
7776	1641
4141	1642
7773	1643
9008	1644
4854	1645
335	1646
1770	1647
7658	1648
769	1649
4913	1650
2683	1651
7034	1652
7349	1653
7513	1654
2040	1655
7504	1656
63	1657
557	1658
1974	1659
4176	1660
1086	1661
6794	1662
3426	1663
1622	1664
7551	1665
576	1666
9852	1667
5734	1668
6298	1669
8418	1670
4126	1671
5988	1672
452	1673
7727	1674
6974	1675
6607	1676
9526	1677
8250	1678
2591	1679
1846	1680
692	1681
4549	1682
79	1683
3733	1684
3939	1685
8805	1686
3864	1687
2695	1688
2635	1689
6841	1690
1615	1691
6731	1692
5938	1693
1676	1694
7678	1695
7838	1696
6137	1697
6178	1698
8960	1699
3121	1700
1258	1701
5654	1702
5018	1703
2770	1704
1526	1705
80	1706
6285	1707
8176	1708
928	1709
7093	1710
848	1711
3489	1712
7889	1713
5598	1714
9033	1715
1739	1716
2174	1717
386	1718
4347	1719
2617	1720
3740	1721
9038	1722
6158	1723
4189	1724
4089	1725
607	1726
5593	1727
3544	1728
8073	1729
4137	1730
4074	1731
8349	1732
2335	1733
2415	1734
8226	1735
6201	1736
2138	1737
3169	1738
5731	1739
2674	1740
3071	1741
6721	1742
986	1743
2353	1744
4191	1745
9763	1746
6000	1747
7099	1748
8512	1749
3040	1750
3565	1751
7479	1752
8551	1753
4558	1754
8364	1755
4121	1756
2565	1757
7373	1758
7043	1759
2909	1760
1592	1761
9195	1762
4902	1763
365	1764
4618	1765
3144	1766
8317	1767
9062	1768
3006	1769
3929	1770
6107	1771
4519	1772
4580	1773
3843	1774
8020	1775
6166	1776
8866	1777
540	1778
6254	1779
1029	1780
503	1781
225	1782
380	1783
207	1784
6866	1785
3430	1786
3223	1787
1107	1788
9212	1789
8982	1790
4426	1791
9510	1792
4264	1793
299	1794
8411	1795
8933	1796
6468	1797
4641	1798
5632	1799
5254	1800
4707	1801
647	1802
2917	1803
1611	1804
6080	1805
4091	1806
5653	1807
3665	1808
7622	1809
9317	1810
3637	1811
875	1812
885	1813
2745	1814
2754	1815
9301	1816
7158	1817
8726	1818
6775	1819
1693	1820
3041	1821
5423	1822
2937	1823
1752	1824
4749	1825
7975	1826
3743	1827
8383	1828
1154	1829
7219	1830
4013	1831
1503	1832
2446	1833
6005	1834
7696	1835
6129	1836
3488	1837
7081	1838
5361	1839
9205	1840
4405	1841
5248	1842
23	1843
40	1844
8981	1845
2865	1846
5801	1847
4159	1848
1032	1849
8867	1850
9790	1851
6927	1852
3391	1853
4509	1854
1468	1855
7379	1856
7189	1857
9659	1858
666	1859
3985	1860
7155	1861
5749	1862
355	1863
6010	1864
9184	1865
8503	1866
4708	1867
6397	1868
3942	1869
2194	1870
2554	1871
4919	1872
2413	1873
143	1874
5150	1875
4706	1876
7988	1877
8745	1878
8336	1879
4925	1880
5418	1881
2050	1882
8568	1883
9077	1884
4113	1885
2539	1886
7701	1887
8179	1888
4473	1889
2647	1890
5163	1891
4323	1892
7913	1893
5713	1894
7073	1895
6141	1896
1743	1897
5928	1898
858	1899
59	1900
2701	1901
7325	1902
3025	1903
2781	1904
3554	1905
2406	1906
8159	1907
979	1908
8368	1909
4583	1910
7450	1911
5013	1912
3099	1913
2955	1914
2184	1915
5798	1916
8091	1917
5955	1918
3472	1919
7429	1920
4530	1921
371	1922
816	1923
6914	1924
9556	1925
6100	1926
7316	1927
1617	1928
6206	1929
5277	1930
4185	1931
5820	1932
216	1933
7185	1934
1935	1935
7153	1936
2871	1937
3771	1938
7082	1939
8353	1940
5180	1941
2835	1942
339	1943
112	1944
3749	1945
364	1946
1230	1947
7275	1948
1748	1949
7676	1950
1695	1951
1788	1952
9112	1953
6348	1954
3358	1955
7492	1956
2992	1957
3	1958
2266	1959
4046	1960
6090	1961
4733	1962
9241	1963
7546	1964
1244	1965
2227	1966
5429	1967
535	1968
2958	1969
3786	1970
7255	1971
3475	1972
6805	1973
3745	1974
7466	1975
6452	1976
1339	1977
3797	1978
1521	1979
6326	1980
3314	1981
1983	1982
2148	1983
8402	1984
2	1985
9477	1986
9391	1987
9206	1988
556	1989
6455	1990
2990	1991
5672	1992
2775	1993
5583	1994
4819	1995
2377	1996
9215	1997
283	1998
8501	1999
1516	2000
9801	2001
5580	2002
5397	2003
4	2004
492	2005
6809	2006
6548	2007
9092	2008
8278	2009
2452	2010
393	2011
4123	2012
4820	2013
6026	2014
6909	2015
2629	2016
114	2017
4774	2018
1847	2019
1931	2020
2199	2021
6930	2022
596	2023
4997	2024
3172	2025
1378	2026
2423	2027
2127	2028
2751	2029
5270	2030
2173	2031
1142	2032
2925	2033
3566	2034
5226	2035
8605	2036
6325	2037
7014	2038
4927	2039
592	2040
2317	2041
78	2042
2020	2043
2982	2044
5563	2045
1636	2046
6199	2047
9528	2048
8163	2049
2165	2050
3617	2051
6349	2052
287	2053
5007	2054
6099	2055
2668	2056
3783	2057
4390	2058
3547	2059
3648	2060
8431	2061
1809	2062
9020	2063
3346	2064
4799	2065
9006	2066
4086	2067
290	2068
2556	2069
6578	2070
5284	2071
1407	2072
2	2073
9832	2074
4763	2075
7716	2076
2059	2077
1722	2078
8821	2079
3657	2080
7589	2081
8990	2082
972	2083
3909	2084
7587	2085
4100	2086
5137	2087
8238	2088
7126	2089
4443	2090
4875	2091
1347	2092
8242	2093
5257	2094
478	2095
6352	2096
6334	2097
6619	2098
420	2099
7521	2100
5288	2101
6017	2102
3284	2103
8935	2104
8273	2105
980	2106
7007	2107
5483	2108
4742	2109
7140	2110
7703	2111
9139	2112
6398	2113
3058	2114
9615	2115
5841	2116
4999	2117
3048	2118
781	2119
1569	2120
4072	2121
2208	2122
6205	2123
2722	2124
4863	2125
145	2126
5857	2127
2724	2128
2	2129
2085	2130
9831	2131
5808	2132
8341	2133
8152	2134
2225	2135
333	2136
2858	2137
6964	2138
1704	2139
3888	2140
3673	2141
1765	2142
7529	2143
6403	2144
7435	2145
1590	2146
2065	2147
9355	2148
542	2149
6882	2150
7987	2151
385	2152
2460	2153
9804	2154
6281	2155
7772	2156
8034	2157
3835	2158
3322	2159
1353	2160
7630	2161
6252	2162
6101	2163
8856	2164
9512	2165
7486	2166
6385	2167
9835	2168
5045	2169
2967	2170
1677	2171
3056	2172
1309	2173
8059	2174
1166	2175
9670	2176
9070	2177
520	2178
481	2179
6195	2180
6196	2181
6815	2182
1491	2183
6603	2184
6329	2185
6328	2186
8417	2187
4602	2188
3667	2189
7421	2190
3976	2191
2379	2192
9562	2193
8637	2194
3497	2195
735	2196
3403	2197
4968	2198
6579	2199
470	2200
8877	2201
6538	2202
5037	2203
8449	2204
8601	2205
7179	2206
1015	2207
9010	2208
7924	2209
7425	2210
3763	2211
8832	2212
2021	2213
8651	2214
5331	2215
7420	2216
6653	2217
5415	2218
1324	2219
6514	2220
851	2221
5366	2222
6071	2223
4076	2224
3641	2225
9823	2226
4026	2227
4879	2228
66	2229
3423	2230
4110	2231
8357	2232
4201	2233
7539	2234
1960	2235
4469	2236
842	2237
8480	2238
1187	2239
1655	2240
2284	2241
3210	2242
1317	2243
1356	2244
6085	2245
923	2246
8013	2247
1520	2248
6098	2249
9185	2250
2885	2251
3233	2252
5047	2253
2070	2254
1	2255
9444	2256
7781	2257
8736	2258
5921	2259
4103	2260
2172	2261
5210	2262
6073	2263
50	2264
7035	2265
2987	2266
8255	2267
8823	2268
7039	2269
4250	2270
2564	2271
7502	2272
7516	2273
2102	2274
8374	2275
5339	2276
3184	2277
6818	2278
3940	2279
6183	2280
5251	2281
415	2282
7961	2283
4814	2284
4821	2285
7057	2286
7709	2287
583	2288
9190	2289
9759	2290
6	2291
9595	2292
8233	2293
5032	2294
2088	2295
3563	2296
6735	2297
3362	2298
1800	2299
2897	2300
6920	2301
3762	2302
635	2303
5138	2304
2273	2305
379	2306
4710	2307
4479	2308
9652	2309
3926	2310
1828	2311
5031	2312
2746	2313
1804	2314
8859	2315
4804	2316
8053	2317
5093	2318
1218	2319
894	2320
1550	2321
3653	2322
4526	2323
5858	2324
8811	2325
8093	2326
5166	2327
1760	2328
2303	2329
2427	2330
1917	2331
1851	2332
1606	2333
8224	2334
5371	2335
9011	2336
8826	2337
5215	2338
1104	2339
4156	2340
1467	2341
2597	2342
6460	2343
1870	2344
815	2345
2731	2346
17	2347
8817	2348
8202	2349
9061	2350
2534	2351
6719	2352
6464	2353
3500	2354
7374	2355
8653	2356
6910	2357
1452	2358
2995	2359
2031	2360
1707	2361
3812	2362
5252	2363
7960	2364
2371	2365
8955	2366
39	2367
203	2368
1833	2369
1023	2370
33	2371
2478	2372
1268	2373
7305	2374
2727	2375
7691	2376
4873	2377
1744	2378
7742	2379
5489	2380
3416	2381
7314	2382
4975	2383
3008	2384
6353	2385
5780	2386
6056	2387
8835	2388
2338	2389
8878	2390
8008	2391
9851	2392
189	2393
25	2394
6856	2395
5019	2396
4917	2397
7360	2398
465	2399
9104	2400
8498	2401
4737	2402
30	2403
1293	2404
3470	2405
8116	2406
7434	2407
4343	2408
6027	2409
4256	2410
3671	2411
3188	2412
5561	2413
4893	2414
1852	2415
4699	2416
4118	2417
8704	2418
8754	2419
5732	2420
111	2421
9253	2422
9554	2423
61	2424
5898	2425
9251	2426
5406	2427
2072	2428
4853	2429
7130	2430
3376	2431
3804	2432
2923	2433
3431	2434
2119	2435
7380	2436
3510	2437
3777	2438
7554	2439
3785	2440
7711	2441
4518	2442
8079	2443
1471	2444
1101	2445
3995	2446
2200	2447
2078	2448
3719	2449
1333	2450
2391	2451
1388	2452
4328	2453
2082	2454
4294	2455
6221	2456
184	2457
5525	2458
1878	2459
3994	2460
5297	2461
9421	2462
5078	2463
2659	2464
9367	2465
5565	2466
738	2467
1914	2468
7410	2469
6796	2470
504	2471
7417	2472
7786	2473
3949	2474
4230	2475
3190	2476
7976	2477
2887	2478
4016	2479
6549	2480
2602	2481
2803	2482
4006	2483
4248	2484
5222	2485
1273	2486
1558	2487
3481	2488
3941	2489
7734	2490
8190	2491
5917	2492
6031	2493
7105	2494
5444	2495
2793	2496
1679	2497
7822	2498
1091	2499
3945	2500
4791	2501
1933	2502
6683	2503
4501	2504
6963	2505
719	2506
1199	2507
7455	2508
2910	2509
8974	2510
1175	2511
2152	2512
7519	2513
8529	2514
1675	2515
2016	2516
8539	2517
1813	2518
476	2519
8540	2520
7959	2521
9436	2522
2966	2523
5017	2524
939	2525
8646	2526
8167	2527
4666	2528
650	2529
9855	2530
5309	2531
3248	2532
2799	2533
7161	2534
8404	2535
4767	2536
9340	2537
349	2538
4663	2539
1771	2540
8388	2541
9518	2542
3421	2543
8979	2544
1994	2545
5738	2546
9050	2547
9049	2548
8709	2549
558	2550
9425	2551
6953	2552
8203	2553
5443	2554
8066	2555
6630	2556
5177	2557
1612	2558
8698	2559
63	2560
6500	2561
5101	2562
9723	2563
3090	2564
1556	2565
4516	2566
6626	2567
1046	2568
8628	2569
5906	2570
2426	2571
6779	2572
6304	2573
6191	2574
8124	2575
855	2576
1416	2577
2868	2578
390	2579
1034	2580
9724	2581
3875	2582
5578	2583
5065	2584
8401	2585
8257	2586
9491	2587
6243	2588
4534	2589
5176	2590
1860	2591
704	2592
5805	2593
2361	2594
725	2595
6993	2596
7290	2597
7406	2598
9152	2599
3089	2600
9023	2601
9466	2602
7001	2603
4631	2604
7323	2605
2183	2606
7177	2607
4369	2608
5987	2609
963	2610
8517	2611
9449	2612
2359	2613
9167	2614
3853	2615
3957	2616
8579	2617
3770	2618
4785	2619
1720	2620
8676	2621
3011	2622
2083	2623
4244	2624
6163	2625
8776	2626
6853	2627
4289	2628
2766	2629
8239	2630
9788	2631
5243	2632
8785	2633
3578	2634
4967	2635
8732	2636
7058	2637
8121	2638
5742	2639
2926	2640
5325	2641
8422	2642
4247	2643
5551	2644
4145	2645
7487	2646
9426	2647
3046	2648
2370	2649
945	2650
291	2651
1699	2652
3235	2653
4702	2654
1749	2655
7811	2656
2690	2657
8351	2658
643	2659
9830	2660
3776	2661
6251	2662
861	2663
4739	2664
3097	2665
8591	2666
8514	2667
4537	2668
2830	2669
9644	2670
7181	2671
5500	2672
8247	2673
9230	2674
5020	2675
3714	2676
956	2677
6688	2678
9071	2679
1774	2680
1542	2681
5461	2682
1955	2683
4692	2684
7266	2685
3212	2686
549	2687
9750	2688
4522	2689
9060	2690
4506	2691
6966	2692
3910	2693
8128	2694
4844	2695
4633	2696
5688	2697
5778	2698
3712	2699
4047	2700
331	2701
4138	2702
1548	2703
7524	2704
9785	2705
2027	2706
9043	2707
1198	2708
6709	2709
1328	2710
770	2711
8172	2712
3632	2713
7530	2714
5387	2715
6380	2716
5706	2717
5271	2718
8689	2719
9871	2720
8633	2721
598	2722
5524	2723
6528	2724
495	2725
6320	2726
4357	2727
3800	2728
776	2729
3378	2730
8861	2731
1368	2732
4806	2733
7887	2734
3555	2735
6761	2736
8332	2737
665	2738
3285	2739
496	2740
3227	2741
2318	2742
6854	2743
5110	2744
3033	2745
4222	2746
5225	2747
4809	2748
8014	2749
2954	2750
3461	2751
3502	2752
2485	2753
7217	2754
7800	2755
6573	2756
1941	2757
2120	2758
9377	2759
1754	2760
3412	2761
8733	2762
6802	2763
9272	2764
3077	2765
1735	2766
8510	2767
9548	2768
3162	2769
5686	2770
760	2771
6258	2772
9565	2773
7016	2774
8132	2775
98	2776
1853	2777
2787	2778
4108	2779
8906	2780
330	2781
2638	2782
8656	2783
814	2784
6750	2785
1872	2786
5908	2787
7074	2788
1738	2789
927	2790
4765	2791
4475	2792
8812	2793
1145	2794
2457	2795
7276	2796
7497	2797
5040	2798
5229	2799
9096	2800
5285	2801
9375	2802
6280	2803
3865	2804
1958	2805
9159	2806
3	2807
640	2808
2661	2809
6566	2810
1920	2811
2156	2812
7505	2813
5052	2814
3347	2815
3905	2816
1377	2817
6014	2818
2953	2819
3357	2820
3688	2821
577	2822
7947	2823
3411	2824
5617	2825
1757	2826
5721	2827
1240	2828
693	2829
1327	2830
344	2831
8987	2832
819	2833
4857	2834
1968	2835
1228	2836
8056	2837
1064	2838
4745	2839
7724	2840
1200	2841
5852	2842
2717	2843
1477	2844
6477	2845
9618	2846
8045	2847
6473	2848
1484	2849
9236	2850
846	2851
9369	2852
1464	2853
6959	2854
7886	2855
639	2856
4871	2857
7230	2858
8043	2859
1587	2860
1505	2861
9188	2862
983	2863
8953	2864
8216	2865
9091	2866
4204	2867
5859	2868
1010	2869
2257	2870
3774	2871
3807	2872
2336	2873
4897	2874
3406	2875
9631	2876
9042	2877
2804	2878
7897	2879
9404	2880
9134	2881
135	2882
8474	2883
2542	2884
2863	2885
5767	2886
1179	2887
7778	2888
516	2889
5279	2890
7279	2891
1663	2892
3874	2893
9051	2894
3681	2895
6755	2896
5214	2897
618	2898
3473	2899
1562	2900
6131	2901
6143	2902
688	2903
1045	2904
8768	2905
3155	2906
1311	2907
6240	2908
6465	2909
7286	2910
5035	2911
6475	2912
5352	2913
3428	2914
2166	2915
137	2916
5831	2917
3701	2918
2633	2919
7926	2920
4859	2921
5845	2922
1204	2923
3021	2924
2864	2925
2246	2926
4855	2927
836	2928
5519	2929
472	2930
5643	2931
9781	2932
7845	2933
2287	2934
75	2935
7903	2936
130	2937
5353	2938
1929	2939
6260	2940
5458	2941
1437	2942
8042	2943
6346	2944
9058	2945
7467	2946
8787	2947
8029	2948
3363	2949
9157	2950
8688	2951
5575	2952
3586	2953
5308	2954
499	2955
9013	2956
1691	2957
2295	2958
5072	2959
4480	2960
5056	2961
6273	2962
1552	2963
2161	2964
428	2965
9284	2966
3244	2967
3766	2968
129	2969
5690	2970
250	2971
2009	2972
5800	2973
539	2974
7395	2975
9222	2976
9363	2977
8578	2978
817	2979
1150	2980
3480	2981
1020	2982
6028	2983
32	2984
9093	2985
4027	2986
3795	2987
974	2988
3979	2989
882	2990
604	2991
5513	2992
2279	2993
3764	2994
2903	2995
372	2996
7938	2997
2797	2998
7540	2999
1776	3000
7098	3001
6117	3002
6700	3003
509	3004
5726	3005
8914	3006
5344	3007
8064	3008
748	3009
5160	3010
8518	3011
4228	3012
3225	3013
1681	3014
6536	3015
514	3016
2996	3017
3902	3018
2076	3019
4031	3020
5804	3021
705	3022
3581	3023
5346	3024
256	3025
7673	3026
7011	3027
9507	3028
8634	3029
8323	3030
5819	3031
5689	3032
6833	3033
4075	3034
4977	3035
6173	3036
1060	3037
1392	3038
7820	3039
6590	3040
6751	3041
1513	3042
388	3043
35	3044
8454	3045
406	3046
2600	3047
4324	3048
1661	3049
1126	3050
2354	3051
74	3052
382	3053
49	3054
5485	3055
1549	3056
7735	3057
5697	3058
4344	3059
2234	3060
1444	3061
1	3062
4340	3063
6175	3064
381	3065
1652	3066
1055	3067
7083	3068
1798	3069
232	3070
2681	3071
895	3072
5601	3073
4724	3074
7	3075
5590	3076
1143	3077
5249	3078
7361	3079
833	3080
2643	3081
8441	3082
3402	3083
7883	3084
6533	3085
6009	3086
9244	3087
4397	3088
5528	3089
5168	3090
8728	3091
8150	3092
5736	3093
1895	3094
3562	3095
8140	3096
4465	3097
9016	3098
4377	3099
658	3100
5437	3101
8193	3102
1194	3103
4786	3104
2171	3105
9342	3106
5586	3107
8391	3108
45	3109
3330	3110
4761	3111
3152	3112
1573	3113
1211	3114
6263	3115
6787	3116
1836	3117
1295	3118
2294	3119
4717	3120
2588	3121
8466	3122
3100	3123
8400	3124
4365	3125
2387	3126
9105	3127
6713	3128
7908	3129
5915	3130
8384	3131
77	3132
5143	3133
4298	3134
4660	3135
5055	3136
4701	3137
9313	3138
3438	3139
2340	3140
2778	3141
8115	3142
7330	3143
7459	3144
8027	3145
7087	3146
818	3147
5492	3148
6230	3149
959	3150
6733	3151
3836	3152
9515	3153
7242	3154
1404	3155
9120	3156
1197	3157
7718	3158
4951	3159
4168	3160
5409	3161
8996	3162
5187	3163
8833	3164
3208	3165
5508	3166
8692	3167
1830	3168
1277	3169
1390	3170
742	3171
2086	3172
2800	3173
3327	3174
6489	3175
120	3176
9743	3177
3567	3178
9677	3179
6360	3180
2321	3181
8	3182
173	3183
7885	3184
8036	3185
3622	3186
6813	3187
4568	3188
8918	3189
1563	3190
6161	3191
4318	3192
8527	3193
5887	3194
3520	3195
7693	3196
25	3197
8037	3198
5873	3199
7665	3200
2307	3201
4155	3202
3543	3203
567	3204
538	3205
7270	3206
3354	3207
4964	3208
2637	3209
5669	3210
4502	3211
7193	3212
5810	3213
2592	3214
572	3215
8165	3216
3237	3217
9396	3218
8596	3219
288	3220
4233	3221
2833	3222
8459	3223
2231	3224
4242	3225
4555	3226
7506	3227
7699	3228
4584	3229
6777	3230
2686	3231
4022	3232
2308	3233
4104	3234
359	3235
1109	3236
9418	3237
5276	3238
5974	3239
1657	3240
9651	3241
369	3242
3010	3243
8420	3244
4028	3245
5495	3246
6595	3247
4433	3248
5001	3249
9847	3250
3708	3251
825	3252
8544	3253
6781	3254
6589	3255
3636	3256
9180	3257
9596	3258
8038	3259
4320	3260
6851	3261
2574	3262
2276	3263
5998	3264
2422	3265
6814	3266
9002	3267
897	3268
3588	3269
2180	3270
9427	3271
5086	3272
4484	3273
8260	3274
9756	3275
6584	3276
6592	3277
2521	3278
326	3279
5701	3280
3126	3281
8085	3282
8142	3283
5372	3284
5861	3285
497	3286
8290	3287
4840	3288
6758	3289
1421	3290
7977	3291
3029	3292
5282	3293
7115	3294
9434	3295
8479	3296
285	3297
8720	3298
3392	3299
3992	3300
9101	3301
2465	3302
8802	3303
761	3304
8765	3305
9844	3306
2543	3307
6292	3308
4504	3309
3136	3310
2190	3311
3538	3312
7385	3313
5302	3314
2719	3315
8986	3316
7741	3317
6187	3318
2942	3319
2687	3320
3001	3321
8586	3322
8032	3323
4671	3324
8070	3325
1680	3326
5433	3327
1816	3328
8737	3329
3959	3330
8750	3331
7171	3332
8509	3333
2994	3334
7507	3335
1078	3336
1254	3337
7549	3338
6785	3339
2663	3340
357	3341
8734	3342
1436	3343
4235	3344
1991	3345
4880	3346
1130	3347
5417	3348
5192	3349
3870	3350
6344	3351
4352	3352
4808	3353
8500	3354
5868	3355
5312	3356
9793	3357
2129	3358
7662	3359
1346	3360
8081	3361
6123	3362
3370	3363
2572	3364
8067	3365
9123	3366
7830	3367
3539	3368
9499	3369
1656	3370
9761	3371
4134	3372
260	3373
9691	3374
9728	3375
3146	3376
7651	3377
877	3378
1191	3379
8563	3380
471	3381
4253	3382
7648	3383
7892	3384
7454	3385
9812	3386
1912	3387
8614	3388
9481	3389
5440	3390
6012	3391
5904	3392
3644	3393
1854	3394
887	3395
9055	3396
5303	3397
1797	3398
4422	3399
9582	3400
1330	3401
7814	3402
3304	3403
358	3404
1158	3405
9453	3406
4905	3407
3107	3408
757	3409
8808	3410
2645	3411
3531	3412
5614	3413
2056	3414
5486	3415
1108	3416
6970	3417
1956	3418
6553	3419
2395	3420
5218	3421
932	3422
2101	3423
715	3424
22	3425
9635	3426
3765	3427
2570	3428
8575	3429
8123	3430
9199	3431
764	3432
5	3433
8711	3434
9320	3435
9619	3436
7725	3437
4015	3438
5327	3439
9315	3440
7378	3441
2205	3442
2839	3443
4424	3444
8011	3445
9450	3446
9583	3447
8071	3448
8265	3449
4308	3450
426	3451
2084	3452
3297	3453
3366	3454
4503	3455
2874	3456
9213	3457
696	3458
4252	3459
2748	3460
8426	3461
8147	3462
5849	3463
2789	3464
7841	3465
5623	3466
9654	3467
782	3468
9849	3469
2388	3470
5733	3471
6446	3472
3063	3473
2074	3474
8502	3475
5148	3476
6808	3477
790	3478
5117	3479
4117	3480
7468	3481
1241	3482
7090	3483
7422	3484
8302	3485
8924	3486
2288	3487
684	3488
602	3489
5803	3490
8046	3491
8949	3492
8149	3493
7302	3494
6248	3495
8080	3496
8617	3497
829	3498
8049	3499
4971	3500
5021	3501
9803	3502
5834	3503
5006	3504
5771	3505
4408	3506
8842	3507
4807	3508
19	3509
694	3510
5789	3511
7649	3512
6878	3513
7659	3514
1609	3515
1391	3516
3076	3517
8022	3518
9816	3519
8951	3520
1447	3521
6294	3522
1418	3523
9176	3524
3455	3525
7726	3526
9638	3527
3611	3528
7092	3529
4941	3530
8151	3531
3447	3532
376	3533
9166	3534
4321	3535
2696	3536
6457	3537
9733	3538
534	3539
5087	3540
5230	3541
6079	3542
1577	3543
403	3544
3032	3545
3778	3546
4899	3547
7571	3548
7298	3549
3574	3550
9480	3551
8148	3552
683	3553
6924	3554
6374	3555
3585	3556
2274	3557
6478	3558
8211	3559
7139	3560
5544	3561
2474	3562
4435	3563
7904	3564
3104	3565
7766	3566
395	3567
4817	3568
8261	3569
7396	3570
8641	3571
8885	3572
412	3573
3213	3574
7080	3575
7387	3576
5700	3577
5314	3578
8114	3579
7457	3580
8851	3581
1193	3582
8615	3583
9162	3584
2906	3585
1079	3586
4476	3587
7989	3588
5604	3589
6672	3590
9827	3591
4766	3592
1400	3593
7679	3594
9334	3595
1793	3596
7060	3597
754	3598
6177	3599
249	3600
5140	3601
7412	3602
5118	3603
6376	3604
5363	3605
1000	3606
9637	3607
5839	3608
1114	3609
71	3610
3670	3611
6840	3612
235	3613
862	3614
8954	3615
2582	3616
4058	3617
2664	3618
6913	3619
2425	3620
3832	3621
1758	3622
245	3623
5506	3624
8396	3625
5850	3626
5992	3627
4359	3628
2185	3629
7655	3630
6987	3631
3177	3632
5023	3633
753	3634
1649	3635
1357	3636
6720	3637
5195	3638
9087	3639
1863	3640
7018	3641
6648	3642
6165	3643
3780	3644
8019	3645
4771	3646
2134	3647
4043	3648
4296	3649
8141	3650
6907	3651
1806	3652
5567	3653
4615	3654
4838	3655
4689	3656
9680	3657
3943	3658
6845	3659
5185	3660
6504	3661
6737	3662
5602	3663
3842	3664
3352	3665
876	3666
6677	3667
4711	3668
7002	3669
2730	3670
6389	3671
12	3672
1537	3673
6030	3674
4229	3675
6381	3676
7968	3677
3236	3678
2649	3679
1422	3680
5616	3681
5956	3682
5413	3683
9149	3684
5881	3685
9643	3686
1367	3687
3944	3688
5345	3689
3	3690
5756	3691
3866	3692
5507	3693
5985	3694
7309	3695
8622	3696
5973	3697
4483	3698
7297	3699
2550	3700
12	3701
46	3702
5127	3703
7405	3704
1490	3705
1245	3706
9610	3707
2293	3708
9153	3709
5548	3710
9210	3711
1653	3712
8309	3713
4312	3714
1163	3715
6664	3716
1053	3717
7769	3718
3007	3719
6690	3720
8177	3721
3444	3722
9792	3723
4517	3724
5698	3725
4280	3726
5815	3727
7544	3728
178	3729
2978	3730
7110	3731
6523	3732
9143	3733
9531	3734
6956	3735
6417	3736
1041	3737
1821	3738
3590	3739
1403	3740
3112	3741
1419	3742
7918	3743
3360	3744
5682	3745
3916	3746
2630	3747
4722	3748
9022	3749
993	3750
5145	3751
3399	3752
5691	3753
9089	3754
8355	3755
7066	3756
32	3757
7698	3758
4317	3759
3674	3760
7094	3761
6757	3762
6738	3763
3409	3764
6214	3765
8991	3766
2440	3767
7184	3768
9103	3769
5122	3770
4829	3771
6763	3772
8625	3773
1026	3774
9798	3775
1276	3776
1566	3777
3825	3778
1934	3779
903	3780
3997	3781
54	3782
661	3783
3813	3784
1750	3785
1250	3786
7896	3787
8350	3788
655	3789
1280	3790
7774	3791
2523	3792
1066	3793
6449	3794
2469	3795
2650	3796
2760	3797
3973	3798
7717	3799
6082	3800
6717	3801
2429	3802
4856	3803
8652	3804
7336	3805
6826	3806
8044	3807
6806	3808
5318	3809
5751	3810
6773	3811
7167	3812
62	3813
1326	3814
7957	3815
9500	3816
2008	3817
7	3818
5589	3819
6575	3820
6342	3821
6286	3822
5962	3823
3767	3824
3857	3825
5627	3826
6253	3827
6430	3828
8985	3829
3398	3830
7341	3831
508	3832
1203	3833
4447	3834
5181	3835
1235	3836
1414	3837
1087	3838
762	3839
9179	3840
2772	3841
6671	3842
4146	3843
1866	3844
7072	3845
9853	3846
7071	3847
3511	3848
5153	3849
4431	3850
6501	3851
7537	3852
5594	3853
4866	3854
9264	3855
4758	3856
4014	3857
7157	3858
4073	3859
9597	3860
1990	3861
654	3862
695	3863
5201	3864
3255	3865
7638	3866
2522	3867
638	3868
8780	3869
2689	3870
8810	3871
2112	3872
279	3873
2822	3874
7917	3875
304	3876
976	3877
8292	3878
4353	3879
156	3880
4781	3881
712	3882
8264	3883
2845	3884
2605	3885
6810	3886
123	3887
8303	3888
9765	3889
9747	3890
2347	3891
5454	3892
944	3893
7849	3894
1980	3895
4587	3896
9009	3897
860	3898
7012	3899
2744	3900
7827	3901
3181	3902
7611	3903
3915	3904
1514	3905
4847	3906
5905	3907
1202	3908
5262	3909
9084	3910
2289	3911
7118	3912
2594	3913
1063	3914
7586	3915
58	3916
4984	3917
1683	3918
1733	3919
5770	3920
6938	3921
4679	3922
8968	3923
3241	3924
9460	3925
3736	3926
7610	3927
5275	3928
375	3929
7785	3930
1583	3931
5200	3932
8103	3933
9509	3934
2943	3935
8069	3936
5542	3937
8469	3938
7854	3939
4379	3940
9738	3941
8760	3942
2436	3943
9448	3944
2665	3945
1011	3946
3464	3947
3023	3948
8136	3949
9576	3950
125	3951
1728	3952
1892	3953
3482	3954
4332	3955
8719	3956
813	3957
6923	3958
7685	3959
3898	3960
6915	3961
7327	3962
8893	3963
4236	3964
997	3965
8879	3966
2981	3967
8971	3968
377	3969
7025	3970
66	3971
2850	3972
7770	3973
6112	3974
1930	3975
9732	3976
8381	3977
9484	3978
9278	3979
9701	3980
4164	3981
1751	3982
8902	3983
9319	3984
3460	3985
4063	3986
8033	3987
537	3988
1	3989
8619	3990
7008	3991
929	3992
3084	3993
2634	3994
8025	3995
991	3996
5149	3997
31	3998
5781	3999
3616	4000
4478	4001
3759	4002
4585	4003
3316	4004
6904	4005
7383	4006
2007	4007
550	4008
4852	4009
8468	4010
5304	4011
6759	4012
1811	4013
5067	4014
7575	4015
773	4016
7143	4017
7224	4018
5442	4019
6903	4020
5891	4021
6555	4022
2053	4023
228	4024
6849	4025
5971	4026
9304	4027
1157	4028
8206	4029
1140	4030
5193	4031
5129	4032
7764	4033
2837	4034
774	4035
3137	4036
6216	4037
6274	4038
3728	4039
1111	4040
1927	4041
1349	4042
2920	4043
9547	4044
9312	4045
7192	4046
9219	4047
3003	4048
9432	4049
6169	4050
9776	4051
3469	4052
9664	4053
4598	4054
4036	4055
3022	4056
8581	4057
6400	4058
8197	4059
9299	4060
8365	4061
6623	4062
8814	4063
9447	4064
6741	4065
5925	4066
9688	4067
6636	4068
1671	4069
7141	4070
7403	4071
4550	4072
4750	4073
3339	4074
9018	4075
3512	4076
8958	4077
7196	4078
5521	4079
9121	4080
9612	4081
2548	4082
3035	4083
946	4084
3908	4085
7653	4086
8017	4087
995	4088
2106	4089
6925	4090
1905	4091
3669	4092
9598	4093
3260	4094
9204	4095
3937	4096
3991	4097
6776	4098
4334	4099
2490	4100
3950	4101
1613	4102
490	4103
948	4104
9114	4105
1628	4106
5212	4107
3988	4108
6	4109
4166	4110
3652	4111
6388	4112
2791	4113
812	4114
5336	4115
6038	4116
8915	4117
5848	4118
7869	4119
701	4120
5059	4121
636	4122
1106	4123
8035	4124
7783	4125
9378	4126
8929	4127
6715	4128
9858	4129
796	4130
7232	4131
7942	4132
1040	4133
7344	4134
1221	4135
3613	4136
9810	4137
7320	4138
3546	4139
2999	4140
293	4141
6517	4142
1205	4143
3351	4144
4604	4145
8976	4146
4348	4147
8865	4148
8992	4149
3706	4150
8797	4151
1113	4152
4648	4153
8306	4154
3301	4155
3045	4156
5844	4157
9034	4158
686	4159
450	4160
4003	4161
1	4162
5076	4163
122	4164
1021	4165
4748	4166
4624	4167
5933	4168
6313	4169
1386	4170
4269	4171
5900	4172
9693	4173
4417	4174
4647	4175
2386	4176
8516	4177
7390	4178
52	4179
1839	4180
689	4181
8552	4182
2818	4183
5471	4184
9408	4185
8299	4186
2862	4187
8530	4188
6232	4189
4430	4190
9866	4191
5264	4192
9839	4193
1297	4194
8934	4195
2004	4196
4972	4197
8975	4198
4743	4199
5865	4200
4165	4201
8723	4202
2233	4203
5468	4204
2477	4205
220	4206
200	4207
5851	4208
9422	4209
9403	4210
548	4211
4162	4212
1376	4213
6499	4214
3261	4215
5626	4216
6037	4217
3281	4218
3211	4219
213	4220
2580	4221
5481	4222
9109	4223
1496	4224
438	4225
83	4226
37	4227
8485	4228
4297	4229
7289	4230
1338	4231
2666	4232
6546	4233
5469	4234
2821	4235
2337	4236
158	4237
6631	4238
5434	4239
3498	4240
3149	4241
5057	4242
1298	4243
2988	4244
1697	4245
6622	4246
155	4247
4677	4248
2298	4249
1824	4250
429	4251
4193	4252
2852	4253
8691	4254
822	4255
3012	4256
4346	4257
8800	4258
6817	4259
751	4260
2230	4261
309	4262
5060	4263
6190	4264
3302	4265
4656	4266
2459	4267
3895	4268
8003	4269
6054	4270
47	4271
9281	4272
6540	4273
8243	4274
4770	4275
6897	4276
7668	4277
931	4278
7213	4279
1706	4280
8546	4281
1873	4282
5516	4283
5945	4284
9056	4285
2805	4286
2734	4287
6002	4288
7962	4289
9794	4290
637	4291
7884	4292
2319	4293
4372	4294
4322	4295
4085	4296
6651	4297
9662	4298
8524	4299
4688	4300
4720	4301
3110	4302
3775	4303
7047	4304
4066	4305
7552	4306
6029	4307
6961	4308
5899	4309
1570	4310
799	4311
7055	4312
427	4313
8531	4314
7932	4315
346	4316
7292	4317
6634	4318
8739	4319
154	4320
340	4321
8483	4322
1799	4323
9742	4324
8980	4325
6511	4326
7174	4327
6318	4328
6620	4329
68	4330
3445	4331
8328	4332
5559	4333
2147	4334
7956	4335
319	4336
3264	4337
4084	4338
2873	4339
1013	4340
378	4341
7313	4342
710	4343
405	4344
5702	4345
1423	4346
1429	4347
565	4348
1850	4349
6829	4350
728	4351
6067	4352
8275	4353
8844	4354
2039	4355
6408	4356
8295	4357
4937	4358
3367	4359
416	4360
8477	4361
4731	4362
8876	4363
8897	4364
7629	4365
7059	4366
1952	4367
8946	4368
3918	4369
3907	4370
2811	4371
4989	4372
8977	4373
2461	4374
1008	4375
1709	4376
7545	4377
6832	4378
5024	4379
3267	4380
2505	4381
218	4382
7965	4383
4759	4384
1581	4385
9627	4386
9231	4387
7006	4388
38	4389
15	4390
442	4391
9795	4392
2596	4393
5204	4394
6726	4395
1623	4396
2957	4397
707	4398
5011	4399
8857	4400
4331	4401
3026	4402
2362	4403
100	4404
8174	4405
4991	4406
4849	4407
7023	4408
1825	4409
4545	4410
4642	4411
9122	4412
3860	4413
8346	4414
5142	4415
5070	4416
4573	4417
4673	4418
7907	4419
2819	4420
6718	4421
51	4422
2253	4423
1289	4424
1734	4425
9490	4426
7809	4427
3899	4428
3880	4429
2965	4430
7259	4431
554	4432
6093	4433
3855	4434
4327	4435
5923	4436
5342	4437
7560	4438
9380	4439
9352	4440
9271	4441
699	4442
1715	4443
6456	4444
8928	4445
9820	4446
6711	4447
3005	4448
1886	4449
6149	4450
8957	4451
990	4452
2595	4453
908	4454
2123	4455
7149	4456
5367	4457
8890	4458
3278	4459
5886	4460
4798	4461
2045	4462
9764	4463
617	4464
2608	4465
9667	4466
5384	4467
5334	4468
1216	4469
4398	4470
9740	4471
8716	4472
4883	4473
7565	4474
1820	4475
7714	4476
5940	4477
5141	4478
2041	4479
434	4480
5491	4481
8490	4482
5793	4483
6434	4484
4769	4485
6627	4486
6411	4487
1644	4488
7063	4489
7474	4490
9532	4491
6976	4492
6382	4493
3627	4494
4998	4495
6972	4496
6007	4497
8886	4498
41	4499
3042	4500
544	4501
7613	4502
8618	4503
9824	4504
187	4505
840	4506
4528	4507
5237	4508
7432	4509
7129	4510
2000	4511
26	4512
4936	4513
5836	4514
9745	4515
5263	4516
2210	4517
7755	4518
5247	4519
3336	4520
3240	4521
425	4522
9791	4523
3600	4524
4552	4525
8277	4526
7201	4527
5983	4528
3163	4529
7106	4530
6332	4531
4513	4532
7064	4533
5754	4534
4524	4535
9497	4536
5670	4537
4950	4538
8705	4539
5049	4540
7739	4541
1279	4542
5410	4543
7570	4544
918	4545
935	4546
4038	4547
5051	4548
1966	4549
4981	4550
3668	4551
4329	4552
7299	4553
5091	4554
789	4555
9602	4556
2792	4557
8158	4558
3353	4559
327	4560
5298	4561
8545	4562
4680	4563
5477	4564
3333	4565
6663	4566
5250	4567
1593	4568
4330	4569
7807	4570
8279	4571
3192	4572
9604	4573
8379	4574
4713	4575
3249	4576
3182	4577
8001	4578
2511	4579
8471	4580
4714	4581
3697	4582
8511	4583
3912	4584
5812	4585
2857	4586
8106	4587
2103	4588
9004	4589
3034	4590
5292	4591
8012	4592
2330	4593
1121	4594
8848	4595
422	4596
674	4597
1633	4598
7151	4599
9030	4600
6724	4601
1732	4602
5724	4603
7416	4604
5484	4605
117	4606
7495	4607
5530	4608
2061	4609
9106	4610
1840	4611
3505	4612
4420	4613
771	4614
9107	4615
5173	4616
2613	4617
6701	4618
4982	4619
2533	4620
2788	4621
5448	4622
3755	4623
987	4624
4261	4625
5876	4626
219	4627
2202	4628
6662	4629
2236	4630
3	4631
9379	4632
2256	4633
8789	4634
8938	4635
6544	4636
7469	4637
2536	4638
1	4639
270	4640
1098	4641
6971	4642
1585	4643
6520	4644
214	4645
8113	4646
45	4647
3796	4648
9069	4649
8397	4650
4619	4651
139	4652
4653	4653
8967	4654
7102	4655
8841	4656
1189	4657
136	4658
5674	4659
4891	4660
9501	4661
1302	4662
6394	4663
4311	4664
8405	4665
2430	4666
7702	4667
3	4668
2971	4669
8320	4670
6986	4671
7978	4672
5404	4673
29	4674
2248	4675
6939	4676
3830	4677
5890	4678
1128	4679
3002	4680
3507	4681
3703	4682
8862	4683
9825	4684
7433	4685
9141	4686
3	4687
3683	4688
2424	4689
5399	4690
5255	4691
4816	4692
6114	4693
952	4694
1880	4695
3318	4696
36	4697
5543	4698
400	4699
7732	4700
8099	4701
613	4702
7250	4703
9854	4704
8108	4705
9685	4706
4772	4707
3982	4708
6624	4709
6277	4710
7175	4711
4628	4712
4541	4713
5597	4714
4812	4715
8213	4716
9161	4717
5884	4718
3474	4719
8285	4720
1239	4721
672	4722
77	4723
7517	4724
5239	4725
6669	4726
6600	4727
8816	4728
6356	4729
5487	4730
2254	4731
2705	4732
6078	4733
6922	4734
1195	4735
3427	4736
1578	4737
7909	4738
7899	4739
916	4740
8126	4741
5769	4742
2301	4743
4842	4744
6659	4745
871	4746
905	4747
5281	4748
6551	4749
6550	4750
6510	4751
5357	4752
8023	4753
1028	4754
9702	4755
9031	4756
2860	4757
7227	4758
783	4759
2417	4760
6529	4761
8214	4762
3532	4763
3014	4764
7376	4765
5405	4766
7704	4767
1048	4768
172	4769
807	4770
5822	4771
1278	4772
6203	4773
5278	4774
1371	4775
2048	4776
8900	4777
4206	4778
489	4779
6698	4780
8173	4781
9689	4782
2794	4783
4291	4784
7451	4785
7400	4786
8102	4787
8139	4788
9541	4789
4675	4790
9194	4791
2750	4792
251	4793
564	4794
240	4795
4661	4796
5527	4797
2704	4798
2198	4799
3105	4800
5796	4801
7535	4802
210	4803
2260	4804
1248	4805
4052	4806
3086	4807
8703	4808
7485	4809
8804	4810
1500	4811
8708	4812
5139	4813
6625	4814
7602	4815
1365	4816
5398	4817
2757	4818
7803	4819
7802	4820
9365	4821
6022	4822
3254	4823
3524	4824
121	4825
6383	4826
9187	4827
4258	4828
7953	4829
8465	4830
4151	4831
1102	4832
8807	4833
190	4834
9591	4835
2700	4836
7931	4837
2684	4838
1156	4839
4194	4840
6213	4841
2154	4842
8494	4843
746	4844
7583	4845
7355	4846
407	4847
75	4848
3459	4849
2400	4850
8007	4851
7792	4852
8560	4853
1746	4854
2847	4855
1603	4856
2997	4857
515	4858
9424	4859
1904	4860
6943	4861
1547	4862
8855	4863
4878	4864
839	4865
4858	4866
909	4867
3756	4868
3238	4869
879	4870
7026	4871
1480	4872
4994	4873
1773	4874
2618	4875
615	4876
4867	4877
1940	4878
9131	4879
2493	4880
9457	4881
6440	4882
570	4883
2328	4884
102	4885
6962	4886
4023	4887
5806	4888
1410	4889
1182	4890
418	4891
9571	4892
6708	4893
3634	4894
6126	4895
1232	4896
9843	4897
3	4898
5316	4899
8781	4900
7794	4901
3791	4902
55	4903
6237	4904
3848	4905
1545	4906
4794	4907
6425	4908
3845	4909
521	4910
2142	4911
9198	4912
8111	4913
7948	4914
1716	4915
6072	4916
8229	4917
2077	4918
9412	4919
3442	4920
9115	4921
9127	4922
6361	4923
7603	4924
1162	4925
7601	4926
8882	4927
8300	4928
3073	4929
8999	4930
5618	4931
4132	4932
1083	4933
1442	4934
6931	4935
5408	4936
3664	4937
3079	4938
8171	4939
6188	4940
5008	4941
1133	4942
4563	4943
1597	4944
4404	4945
7966	4946
1207	4947
9140	4948
6842	4949
1018	4950
4582	4951
5186	4952
3205	4953
2433	4954
2445	4955
9517	4956
411	4957
9551	4958
3388	4959
2558	4960
1159	4961
6052	4962
7881	4963
1336	4964
3610	4965
8137	4966
7124	4967
38	4968
6495	4969
194	4970
7805	4971
8262	4972
4696	4973
8673	4974
3887	4975
3790	4976
310	4977
8377	4978
553	4979
5757	4980
502	4981
3847	4982
9296	4983
9258	4984
4423	4985
2378	4986
9362	4987
1473	4988
722	4989
6451	4990
2213	4991
5283	4992
8557	4993
3404	4994
8227	4995
5273	4996
985	4997
6872	4998
6479	4999
3626	5000
58	5001
9285	5002
8166	5003
6605	5004
8276	5005
2136	5006
6948	5007
5502	5008
4246	5009
5518	5010
9407	5011
5723	5012
4049	5013
5315	5014
573	5015
4018	5016
2305	5017
3111	5018
867	5019
6308	5020
8221	5021
7804	5022
3142	5023
4380	5024
3446	5025
7930	5026
2232	5027
2765	5028
9192	5029
4302	5030
4325	5031
6217	5032
6084	5033
4658	5034
4616	5035
7829	5036
736	5037
1186	5038
8604	5039
6525	5040
8756	5041
7156	5042
9014	5043
566	5044
5761	5045
4266	5046
919	5047
2360	5048
8923	5049
912	5050
9442	5051
4225	5052
8084	5053
9859	5054
7271	5055
439	5056
9220	5057
7453	5058
5085	5059
7	5060
3452	5061
3004	5062
2	5063
9485	5064
9488	5065
7801	5066
4463	5067
7919	5068
3157	5069
7964	5070
3159	5071
7979	5072
7980	5073
3303	5074
1481	5075
1482	5076
161	5077
1703	5078
7427	5079
1369	5080
157	5081
7268	5082
5708	5083
3597	5084
8162	5085
3259	5086
2583	5087
587	5088
2973	5089
2667	5090
906	5091
6222	5092
1007	5093
1725	5094
1741	5095
2043	5096
4107	5097
131	5098
1884	5099
445	5100
4594	5101
4	5102
6799	5103
7049	5104
4788	5105
8164	5106
5224	5107
3173	5108
5994	5109
7413	5110
4789	5111
3221	5112
1647	5113
3375	5114
9617	5115
832	5116
2586	5117
4158	5118
5479	5119
9041	5120
8582	5121
8175	5122
5681	5123
843	5124
468	5125
2627	5126
90	5127
3345	5128
128	5129
5154	5130
7992	5131
4825	5132
8463	5133
4645	5134
6613	5135
621	5136
2241	5137
3154	5138
2670	5139
3794	5140
6083	5141
1619	5142
171	5143
2217	5144
47	5145
6493	5146
522	5147
7787	5148
5982	5149
9694	5150
267	5151
5430	5152
2936	5153
2552	5154
9249	5155
5610	5156
6568	5157
5311	5158
5364	5159
2	5160
8354	5161
4542	5162
6534	5163
8232	5164
8612	5165
334	5166
8218	5167
4172	5168
7936	5169
8334	5170
831	5171
6025	5172
713	5173
9669	5174
4096	5175
3599	5176
4	5177
869	5178
3279	5179
7456	5180
3062	5181
4287	5182
1062	5183
8314	5184
6094	5185
8375	5186
4454	5187
3087	5188
857	5189
1050	5190
8956	5191
6436	5192
8920	5193
9228	5194
8344	5195
731	5196
6859	5197
8236	5198
7209	5199
4041	5200
2993	5201
8793	5202
5958	5203
3234	5204
2096	5205
8534	5206
2671	5207
7256	5208
6246	5209
8425	5210
2708	5211
15	5212
7692	5213
2013	5214
9715	5215
6371	5216
8387	5217
2841	5218
1906	5219
4895	5220
6070	5221
5096	5222
1115	5223
4956	5224
6134	5225
9625	5226
7237	5227
3893	5228
4237	5229
673	5230
6857	5231
8047	5232
5960	5233
896	5234
9546	5235
8322	5236
8588	5237
351	5238
1594	5239
7669	5240
6	5241
2980	5242
8798	5243
159	5244
7923	5245
4704	5246
2153	5247
5556	5248
1901	5249
1381	5250
5223	5251
5030	5252
3962	5253
163	5254
4149	5255
4080	5256
559	5257
1524	5258
4931	5259
1658	5260
6116	5261
7069	5262
4192	5263
3614	5264
5588	5265
1942	5266
2483	5267
1153	5268
8301	5269
2896	5270
1664	5271
9555	5272
108	5273
4980	5274
3638	5275
7752	5276
164	5277
4187	5278
7937	5279
4274	5280
5079	5281
5391	5282
9710	5283
421	5284
1320	5285
6706	5286
7578	5287
8198	5288
9826	5289
5207	5290
9279	5291
9260	5292
9257	5293
967	5294
1294	5295
2538	5296
1666	5297
3156	5298
8850	5299
5172	5300
5259	5301
8963	5302
78	5303
4300	5304
3591	5305
4112	5306
5390	5307
7697	5308
9867	5309
4571	5310
2325	5311
281	5312
3485	5313
1667	5314
7695	5315
126	5316
4374	5317
169	5318
6879	5319
7463	5320
669	5321
4834	5322
7596	5323
241	5324
5638	5325
7721	5326
4265	5327
2721	5328
1807	5329
6051	5330
5875	5331
3814	5332
9718	5333
366	5334
9275	5335
8083	5336
17	5337
4634	5338
7656	5339
9331	5340
6597	5341
4609	5342
4945	5343
3998	5344
1726	5345
8894	5346
1777	5347
4629	5348
1639	5349
5450	5350
9734	5351
57	5352
1795	5353
5763	5354
8127	5355
5827	5356
9446	5357
4207	5358
8065	5359
3217	5360
1	5361
4062	5362
8603	5363
5414	5364
2851	5365
8270	5366
4386	5367
743	5368
7986	5369
8663	5370
1077	5371
2113	5372
3758	5373
9468	5374
1598	5375
8632	5376
7760	5377
3191	5378
7150	5379
8296	5380
6491	5381
5460	5382
9196	5383
4654	5384
3487	5385
7857	5386
8945	5387
8457	5388
8133	5389
3114	5390
5400	5391
3095	5392
5369	5393
7852	5394
6259	5395
3018	5396
975	5397
2392	5398
5661	5399
3253	5400
4881	5401
9530	5402
2573	5403
6992	5404
1358	5405
3640	5406
7223	5407
9287	5408
3744	5409
5073	5410
6513	5411
205	5412
5124	5413
262	5414
7235	5415
2648	5416
1335	5417
8286	5418
5685	5419
1409	5420
2	5421
9282	5422
1494	5423
8729	5424
1987	5425
6611	5426
3440	5427
84	5428
229	5429
7944	5430
4392	5431
5569	5432
5378	5433
4234	5434
6554	5435
3448	5436
8778	5437
4805	5438
147	5439
1689	5440
2420	5441
8840	5442
2014	5443
4029	5444
473	5445
3913	5446
8412	5447
6812	5448
2785	5449
6604	5450
4900	5451
2111	5452
8895	5453
3965	5454
2893	5455
8	5456
582	5457
4803	5458
5202	5459
180	5460
1591	5461
9744	5462
7534	5463
7199	5464
320	5465
9132	5466
6666	5467
6265	5468
904	5469
8707	5470
1803	5471
3540	5472
3558	5473
4402	5474
3517	5475
9323	5476
7352	5477
6416	5478
13	5479
4906	5480
3274	5481
7592	5482
1832	5483
5253	5484
8050	5485
6766	5486
8327	5487
1978	5488
6498	5489
3397	5490
1755	5491
1479	5492
4122	5493
3331	5494
1822	5495
3413	5496
6770	5497
2095	5498
6585	5499
5843	5500
8910	5501
1916	5502
8220	5503
8616	5504
9540	5505
1006	5506
2033	5507
9229	5508
7004	5509
5452	5510
7386	5511
3280	5512
4498	5513
4102	5514
5783	5515
11	5516
3575	5517
6363	5518
4670	5519
1465	5520
8131	5521
1348	5522
1462	5523
6373	5524
2471	5525
7765	5526
4364	5527
741	5528
5558	5529
9657	5530
5829	5531
3947	5532
1584	5533
11	5534
3951	5535
2759	5536
2243	5537
9800	5538
8515	5539
1094	5540
1321	5541
5872	5542
4005	5543
9498	5544
1092	5545
5576	5546
9303	5547
8392	5548
6995	5549
4257	5550
3761	5551
3958	5552
87	5553
1412	5554
5493	5555
6668	5556
1080	5557
7054	5558
7683	5559
4314	5560
9614	5561
2	5562
5792	5563
7068	5564
4432	5565
6096	5566
2486	5567
1634	5568
6481	5569
8766	5570
6156	5571
1867	5572
7359	5573
3603	5574
9414	5575
6305	5576
2035	5577
2832	5578
6379	5579
6658	5580
8536	5581
4935	5582
179	5583
6470	5584
4444	5585
8207	5586
9721	5587
8724	5588
7208	5589
185	5590
133	5591
2484	5592
4776	5593
5557	5594
3572	5595
579	5596
3000	5597
1650	5598
4649	5599
5647	5600
8666	5601
3919	5602
4685	5603
3971	5604
1731	5605
9374	5606
9560	5607
9168	5608
9169	5609
61	5610
6289	5611
7882	5612
5396	5613
1727	5614
5650	5615
3129	5616
71	5617
4368	5618
6982	5619
9124	5620
97	5621
4224	5622
2418	5623
3738	5624
8520	5625
467	5626
3834	5627
9099	5628
2012	5629
9508	5630
4190	5631
1522	5632
9514	5633
9620	5634
5459	5635
2915	5636
3996	5637
7637	5638
6571	5639
6723	5640
2003	5641
9478	5642
5878	5643
5125	5644
3802	5645
1975	5646
8428	5647
3619	5648
2047	5649
5446	5650
3920	5651
466	5652
4051	5653
3016	5654
5300	5655
1701	5656
248	5657
4282	5658
2974	5659
5462	5660
5759	5661
7850	5662
5989	5663
4127	5664
6612	5665
166	5666
1275	5667
6366	5668
2313	5669
4659	5670
810	5671
498	5672
4495	5673
1012	5674
4319	5675
3863	5676
6740	5677
8917	5678
162	5679
8447	5680
2375	5681
3551	5682
2042	5683
6880	5684
7182	5685
3607	5686
2783	5687
2919	5688
1711	5689
4098	5690
8774	5691
7756	5692
1354	5693
261	5694
20	5695
7952	5696
3170	5697
8558	5698
6835	5699
8843	5700
4178	5701
5840	5702
8360	5703
1074	5704
9467	5705
9731	5706
973	5707
4205	5708
4529	5709
308	5710
4566	5711
5699	5712
7667	5713
392	5714
150	5715
8367	5716
524	5717
34	5718
8585	5719
8170	5720
6704	5721
4196	5722
3420	5723
1217	5724
2918	5725
4249	5726
2087	5727
4054	5728
2393	5729
1801	5730
8550	5731
7563	5732
8416	5733
9173	5734
2520	5735
4712	5736
3519	5737
6266	5738
52	5739
4209	5740
6053	5741
9202	5742
5660	5743
1651	5744
2828	5745
6702	5746
870	5747
42	5748
4543	5749
1903	5750
1588	5751
653	5752
6301	5753
2192	5754
2636	5755
4792	5756
6906	5757
586	5758
6847	5759
8410	5760
9472	5761
4621	5762
2723	5763
1174	5764
7324	5765
8409	5766
5354	5767
8889	5768
9142	5769
3491	5770
3548	5771
1580	5772
3490	5773
9538	5774
1723	5775
4869	5776
7872	5777
9511	5778
996	5779
7710	5780
9067	5781
3457	5782
7939	5783
2332	5784
3729	5785
2104	5786
8911	5787
6944	5788
8266	5789
2334	5790
8312	5791
5684	5792
2527	5793
2859	5794
8058	5795
8078	5796
4213	5797
1219	5798
6665	5799
755	5800
7322	5801
8830	5802
7294	5803
3093	5804
6480	5805
7476	5806
6955	5807
806	5808
6333	5809
4301	5810
3245	5811
2310	5812
9079	5813
2455	5814
3694	5815
8358	5816
444	5817
6023	5818
3171	5819
8094	5820
3315	5821
37	5822
56	5823
6488	5824
7430	5825
4188	5826
5456	5827
6445	5828
8649	5829
6357	5830
2964	5831
5198	5832
8681	5833
519	5834
2961	5835
874	5836
265	5837
1428	5838
2718	5839
8281	5840
1493	5841
5002	5842
1861	5843
6282	5844
8648	5845
2428	5846
8100	5847
1489	5848
1670	5849
3689	5850
298	5851
7672	5852
3672	5853
454	5854
9382	5855
5577	5856
4279	5857
44	5858
708	5859
1499	5860
3541	5861
4401	5862
4948	5863
5499	5864
4617	5865
2653	5866
8076	5867
6422	5868
6912	5869
7706	5870
4290	5871
4727	5872
4472	5873
8700	5874
5540	5875
2777	5876
69	5877
1476	5878
4202	5879
8621	5880
2566	5881
4850	5882
6747	5883
3495	5884
3827	5885
6547	5886
2823	5887
7916	5888
4576	5889
9283	5890
24	5891
7348	5892
9735	5893
2291	5894
2742	5895
3038	5896
8122	5897
5394	5898
2211	5899
5696	5900
448	5901
6753	5902
3869	5903
6392	5904
3167	5905
2143	5906
1794	5907
2989	5908
6220	5909
6006	5910
2304	5911
4635	5912
5064	5913
449	5914
6337	5915
3570	5916
7436	5917
5608	5918
1970	5919
3923	5920
3230	5921
6283	5922
9807	5923
303	5924
852	5925
6958	5926
9214	5927
3341	5928
7900	5929
3083	5930
8288	5931
3059	5932
865	5933
4441	5934
7038	5935
7499	5936
6323	5937
9314	5938
2150	5939
6287	5940
2177	5941
1910	5942
9520	5943
7024	5944
2367	5945
803	5946
8259	5947
4416	5948
16	5949
1596	5950
4596	5951
9428	5952
8644	5953
8413	5954
6238	5955
8620	5956
7523	5957
4709	5958
1301	5959
6792	5960
6784	5961
3602	5962
6957	5963
2590	5964
9621	5965
5246	5966
7562	5967
6828	5968
7929	5969
8189	5970
6181	5971
9869	5972
431	5973
9295	5974
7042	5975
8024	5976
5907	5977
4592	5978
1310	5979
8472	5980
4464	5981
402	5982
6330	5983
7868	5984
7197	5985
6064	5986
3383	5987
4033	5988
4544	5989
2451	5990
9433	5991
4611	5992
794	5993
6106	5994
230	5995
2277	5996
7958	5997
6322	5998
9098	5999
2752	6000
2322	6001
6185	6002
994	6003
4864	6004
5351	6005
7331	6006
65	6007
9046	6008
5094	6009
323	6010
3306	6011
512	6012
7834	6013
3443	6014
2044	6015
4962	6016
9698	6017
4938	6018
4535	6019
6707	6020
6885	6021
8267	6022
9074	6023
9328	6024
387	6025
6637	6026
8002	6027
6793	6028
5766	6029
5902	6030
247	6031
5630	6032
2733	6033
4370	6034
6686	6035
6245	6036
727	6037
1684	6038
314	6039
3618	6040
2314	6041
4171	6042
779	6043
5714	6044
9298	6045
7478	6046
1782	6047
9506	6048
8245	6049
4836	6050
5184	6051
913	6052
8847	6053
9126	6054
1290	6055
3168	6056
9310	6057
3432	6058
7240	6059
8399	6060
8403	6061
370	6062
153	6063
9797	6064
7312	6065
8535	6066
1192	6067
2831	6068
1252	6069
5692	6070
6657	6071
9100	6072
3927	6073
8884	6074
5167	6075
4439	6076
5044	6077
5932	6078
3371	6079
5889	6080
8803	6081
1071	6082
6442	6083
1698	6084
284	6085
8587	6086
4167	6087
6562	6088
7367	6089
1144	6090
1267	6091
3127	6092
7166	6093
1713	6094
5235	6095
982	6096
4186	6097
5652	6098
593	6099
9806	6100
9559	6101
2892	6102
4445	6103
9350	6104
1812	6105
2063	6106
2697	6107
6807	6108
8098	6109
9137	6110
3817	6111
3115	6112
4316	6113
6153	6114
5466	6115
82	6116
3037	6117
3837	6118
4751	6119
1283	6120
7876	6121
3150	6122
2079	6123
5718	6124
9288	6125
3419	6126
4532	6127
16	6128
4485	6129
6722	6130
6015	6131
4848	6132
5679	6133
1340	6134
3680	6135
7170	6136
8120	6137
8952	6138
5975	6139
1589	6140
7861	6141
1314	6142
8696	6143
7132	6144
1284	6145
668	6146
5048	6147
7041	6148
2	6149
5102	6150
5922	6151
523	6152
9118	6153
8200	6154
7472	6155
2883	6156
5012	6157
5203	6158
9437	6159
3125	6160
14	6161
9349	6162
4985	6163
8661	6164
4262	6165
5501	6166
5514	6167
3328	6168
7335	6169
5082	6170
6087	6171
884	6172
6091	6173
2922	6174
7626	6175
2519	6176
2949	6177
4429	6178
8647	6179
242	6180
3760	6181
4909	6182
2532	6183
4515	6184
5029	6185
7757	6186
7471	6187
5075	6188
307	6189
2907	6190
7634	6191
8783	6192
8188	6193
2456	6194
5816	6195
4520	6196
7736	6197
4466	6198
7013	6199
9160	6200
6744	6201
6148	6202
5350	6203
8965	6204
2827	6205
9306	6206
3499	6207
4355	6208
977	6209
8931	6210
5722	6211
5972	6212
4393	6213
5147	6214
2526	6215
9678	6216
1003	6217
5646	6218
5119	6219
8450	6220
1977	6221
1132	6222
118	6223
8433	6224
4019	6225
5097	6226
6692	6227
7816	6228
3342	6229
7743	6230
4593	6231
7791	6232
1810	6233
1595	6234
3456	6235
1959	6236
3975	6237
5061	6238
3662	6239
7572	6240
42	6241
9346	6242
2628	6243
1288	6244
3476	6245
1575	6246
888	6247
4153	6248
1528	6249
3679	6250
6660	6251
2720	6252
8548	6253
517	6254
8944	6255
7684	6256
881	6257
5885	6258
2196	6259
6384	6260
6508	6261
7581	6262
3066	6263
5494	6264
7052	6265
8473	6266
7245	6267
7342	6268
5155	6269
6588	6270
396	6271
5620	6272
8119	6273
4412	6274
5941	6275
1997	6276
2756	6277
92	6278
8461	6279
9191	6280
1095	6281
3582	6282
4326	6283
527	6284
3711	6285
3307	6286
3556	6287
8606	6288
6474	6289
4626	6290
2373	6291
2555	6292
9588	6293
8631	6294
1270	6295
4199	6296
7795	6297
6873	6298
4947	6299
3291	6300
8470	6301
9655	6302
9398	6303
3961	6304
8430	6305
634	6306
4538	6307
8519	6308
5266	6309
859	6310
3147	6311
4939	6312
7652	6313
8196	6314
4061	6315
8655	6316
5807	6317
809	6318
183	6319
6739	6320
6728	6321
231	6322
3560	6323
3296	6324
9291	6325
9175	6326
3405	6327
336	6328
7288	6329
4175	6330
5287	6331
8852	6332
530	6333
7633	6334
1017	6335
7131	6336
8493	6337
5109	6338
5191	6339
3872	6340
10	6341
642	6342
3522	6343
6433	6344
7700	6345
8542	6346
2132	6347
3148	6348
7690	6349
7145	6350
1445	6351
7840	6352
5896	6353
6734	6354
9828	6355
3239	6356
3534	6357
8095	6358
2928	6359
1450	6360
217	6361
8926	6362
9146	6363
4111	6364
942	6365
5892	6366
5196	6367
2571	6368
5130	6369
3356	6370
5671	6371
3936	6372
2384	6373
3268	6374
175	6375
4109	6376
1515	6377
6736	6378
5503	6379
2587	6380
2029	6381
798	6382
1138	6383
4507	6384
5115	6385
7645	6386
2672	6387
2796	6388
1785	6389
7981	6390
7751	6391
7748	6392
2911	6393
2908	6394
5621	6395
7369	6396
6291	6397
526	6398
4494	6399
9021	6400
6490	6401
8269	6402
9687	6403
1943	6404
1759	6405
7888	6406
8891	6407
3493	6408
2854	6409
8356	6410
5088	6411
3207	6412
8916	6413
1073	6414
273	6415
5579	6416
5788	6417
648	6418
9719	6419
9865	6420
8565	6421
1763	6422
4449	6423
3595	6424
2262	6425
3350	6426
26	6427
4124	6428
7328	6429
3587	6430
6450	6431
1602	6432
9	6433
7448	6434
94	6435
6482	6436
5453	6437
7836	6438
8015	6439
1088	6440
9270	6441
5123	6442
7771	6443
7584	6444
6437	6445
7749	6446
1042	6447
6233	6448
275	6449
300	6450
44	6451
854	6452
8488	6453
1781	6454
6661	6455
1791	6456
5737	6457
1814	6458
6714	6459
5837	6460
3631	6461
2535	6462
6182	6463
7995	6464
7543	6465
9274	6466
5010	6467
780	6468
1035	6469
7426	6470
8837	6471
5952	6472
316	6473
1604	6474
4904	6475
7670	6476
606	6477
4586	6478
1478	6479
6125	6480
2711	6481
188	6482
9837	6483
1944	6484
5667	6485
6042	6486
6516	6487
5695	6488
9544	6489
9032	6490
9524	6491
7321	6492
951	6493
4835	6494
2271	6495
1068	6496
4521	6497
76	6498
7030	6499
4060	6500
7254	6501
5054	6502
4514	6503
51	6504
3050	6505
3993	6506
5531	6507
7065	6508
4011	6509
208	6510
4823	6511
5523	6512
7844	6513
9799	6514
7922	6515
8819	6516
2747	6517
8972	6518
4664	6519
2015	6520
8305	6521
6496	6522
7826	6523
1660	6524
5498	6525
1897	6526
7382	6527
716	6528
9584	6529
4979	6530
4182	6531
328	6532
8205	6533
1238	6534
374	6535
7249	6536
3215	6537
5739	6538
3294	6539
1147	6540
3319	6541
4360	6542
3394	6543
1865	6544
5227	6545
4693	6546
6210	6547
1463	6548
1969	6549
6262	6550
4021	6551
7906	6552
6202	6553
2834	6554
6223	6555
8268	6556
4339	6557
3153	6558
1292	6559
9656	6560
574	6561
6599	6562
4277	6563
1360	6564
8109	6565
1572	6566
2394	6567
8319	6568
7458	6569
1973	6570
2771	6571
6367	6572
7088	6573
3720	6574
1631	6575
9523	6576
6444	6577
6184	6578
5704	6579
1037	6580
5105	6581
616	6582
9277	6583
7109	6584
2489	6585
4508	6586
3646	6587
7365	6588
7928	6589
2658	6590
4861	6591
5581	6592
6021	6593
1501	6594
4313	6595
7398	6596
5216	6597
501	6598
19	6599
2116	6600
1911	6601
7950	6602
528	6603
7509	6604
1	6605
99	6606
24	6607
1458	6608
5790	6609
2068	6610
4184	6611
5748	6612
3773	6613
7162	6614
455	6615
954	6616
8092	6617
7306	6618
4376	6619
3925	6620
8522	6621
3660	6622
4787	6623
1380	6624
4884	6625
7542	6626
7138	6627
2437	6628
6144	6629
3422	6630
3654	6631
3454	6632
8769	6633
8667	6634
1408	6635
2815	6636
4215	6637
3116	6638
482	6639
978	6640
9679	6641
9226	6642
4497	6643
1141	6644
1893	6645
4719	6646
4000	6647
2306	6648
1413	6649
5541	6650
3250	6651
7574	6652
6351	6653
2861	6654
3852	6655
5825	6656
9814	6657
4949	6658
5116	6659
1337	6660
6524	6661
6890	6662
9593	6663
9557	6664
5772	6665
3643	6666
6679	6667
8325	6668
7144	6669
8234	6670
2300	6671
8310	6672
6224	6673
8858	6674
1135	6675
2363	6676
7353	6677
6362	6678
7640	6679
1072	6680
2530	6681
7419	6682
7278	6683
3368	6684
85	6685
9479	6686
5687	6687
8272	6688
4730	6689
9452	6690
6236	6691
5416	6692
4800	6693
4777	6694
4625	6695
2621	6696
723	6697
1398	6698
7858	6699
8763	6700
9392	6701
8846	6702
1864	6703
626	6704
1534	6705
8210	6706
9846	6707
2693	6708
4375	6709
1149	6710
5882	6711
2449	6712
6999	6713
6975	6714
3365	6715
6331	6716
8153	6717
4735	6718
7411	6719
2546	6720
4756	6721
7901	6722
1061	6723
9	6724
1672	6725
4930	6726
6742	6727
8143	6728
7713	6729
6869	6730
8764	6731
3224	6732
4491	6733
6556	6734
3057	6735
7078	6736
9172	6737
8567	6738
5232	6739
2553	6740
5512	6741
5219	6742
460	6743
752	6744
1837	6745
9280	6746
581	6747
3415	6748
483	6749
1059	6750
3332	6751
4	6752
1129	6753
6561	6754
7559	6755
6748	6756
6368	6757
7117	6758
5963	6759
5169	6760
6427	6761
9729	6762
8771	6763
2501	6764
5233	6765
6918	6766
7238	6767
3199	6768
6921	6769
1888	6770
5997	6771
7409	6772
1996	6773
1915	6774
1325	6775
9697	6776
7424	6777
7851	6778
584	6779
3256	6780
5152	6781
6295	6782
2064	6783
9780	6784
834	6785
5715	6786
8225	6787
9302	6788
5677	6789
5365	6790
8248	6791
2207	6792
6448	6793
5957	6794
2656	6795
367	6796
3725	6797
8721	6798
7260	6799
6798	6800
413	6801
5631	6802
6574	6803
7511	6804
721	6805
3019	6806
7577	6807
1131	6808
1382	6809
1919	6810
6035	6811
962	6812
9415	6813
2623	6814
5420	6815
1119	6816
827	6817
6019	6818
8421	6819
3742	6820
4870	6821
7351	6822
6355	6823
7790	6824
5374	6825
7746	6826
4488	6827
7715	6828
7462	6829
5332	6830
8762	6831
7119	6832
7647	6833
8573	6834
2407	6835
6211	6836
5286	6837
9387	6838
88	6839
5735	6840
7954	6841
4651	6842
6960	6843
863	6844
4418	6845
4082	6846
2267	6847
5977	6848
1936	6849
3906	6850
3051	6851
3143	6852
1856	6853
7753	6854
614	6855
5991	6856
2931	6857
5100	6858
9605	6859
1654	6860
7856	6861
8000	6862
1127	6863
6267	6864
7754	6865
7085	6866
5522	6867
8063	6868
2905	6869
786	6870
5537	6871
1913	6872
7873	6873
6875	6874
8742	6875
1736	6876
9537	6877
4407	6878
440	6879
3145	6880
5995	6881
5156	6882
5954	6883
463	6884
3039	6885
7682	6886
7813	6887
3496	6888
7446	6889
2488	6890
1453	6891
4064	6892
1472	6893
664	6894
3642	6895
8138	6896
9356	6897
3151	6898
4943	6899
1417	6900
4004	6901
5869	6902
8690	6903
4697	6904
1362	6905
9376	6906
9649	6907
9495	6908
7812	6909
5600	6910
5603	6911
2895	6912
7738	6913
1100	6914
1099	6915
7740	6916
9318	6917
3206	6918
8994	6919
3052	6920
6018	6921
6998	6922
1117	6923
9286	6924
703	6925
1508	6926
6848	6927
3521	6928
7671	6929
4969	6930
8329	6931
7402	6932
5532	6933
5419	6934
6003	6935
7108	6936
2496	6937
2983	6938
6145	6939
2028	6940
4219	6941
1932	6942
8773	6943
7135	6944
5412	6945
1535	6946
2998	6947
5533	6948
4505	6949
2877	6950
5758	6951
4620	6952
1005	6953
4114	6954
7567	6955
9293	6956
7491	6957
5480	6958
3772	6959
5644	6960
1434	6961
6435	6962
8054	6963
5584	6964
2610	6965
5967	6966
8504	6967
4268	6968
4220	6969
910	6970
2884	6971
5835	6972
3160	6973
2258	6974
2641	6975
970	6976
6892	6977
7120	6978
8775	6979
9321	6980
5716	6981
4315	6982
4020	6983
500	6984
5760	6985
7364	6986
5860	6987
2435	6988
1948	6989
5027	6990
7206	6991
9716	6992
7134	6993
7152	6994
3055	6995
4590	6996
204	6997
3972	6998
4007	6999
4129	7000
2188	7001
8559	7002
2410	7003
1033	7004
2737	7005
64	7006
8088	7007
7282	7008
6231	7009
8594	7010
8467	7011
5947	7012
7251	7013
3433	7014
8880	7015
1183	7016
1093	7017
5340	7018
6407	7019
2639	7020
603	7021
6640	7022
4976	7023
6061	7024
7969	7025
4700	7026
5267	7027
5473	7028
8907	7029
9469	7030
2941	7031
6954	7032
9108	7033
601	7034
3914	7035
9868	7036
4723	7037
4752	7038
7985	7039
3437	7040
5965	7041
6895	7042
6415	7043
2482	7044
6629	7045
2409	7046
2540	7047
3623	7048
9005	7049
1208	7050
8714	7051
57	7052
1576	7053
2022	7054
8657	7055
9779	7056
7925	7057
4148	7058
3231	7059
8731	7060
6782	7061
1305	7062
3372	7063
8096	7064
237	7065
3980	7066
2524	7067
5171	7068
6989	7069
6645	7070
8304	7071
6694	7072
3593	7073
7612	7074
791	7075
9784	7076
4363	7077
4778	7078
5241	7079
660	7080
6151	7081
4288	7082
4613	7083
464	7084
8345	7085
8293	7086
9439	7087
2146	7088
9861	7089
6861	7090
8868	7091
8869	7092
6863	7093
9863	7094
9465	7095
9238	7096
787	7097
3983	7098
9311	7099
2160	7100
9386	7101
1090	7102
4152	7103
5272	7104
7404	7105
5775	7106
8101	7107
2567	7108
4338	7109
8440	7110
1307	7111
1474	7112
3049	7113
9431	7114
1764	7115
7824	7116
6324	7117
3705	7118
1756	7119
9585	7120
5294	7121
5003	7122
9354	7123
2191	7124
5407	7125
3876	7126
6893	7127
8048	7128
575	7129
3180	7130
6365	7131
3098	7132
9586	7133
2677	7134
7556	7135
1721	7136
7133	7137
917	7138
295	7139
5022	7140
8077	7141
1546	7142
4901	7143
8569	7144
8072	7145
6140	7146
9695	7147
1461	7148
1626	7149
2055	7150
7017	7151
9789	7152
432	7153
6772	7154
4557	7155
2133	7156
3938	7157
7205	7158
2790	7159
6652	7160
844	7161
4161	7162
1319	7163
2092	7164
4457	7165
4601	7166
8376	7167
2578	7168
3933	7169
5178	7170
7945	7171
625	7172
6696	7173
2285	7174
1571	7175
9066	7176
511	7177
3833	7178
6487	7179
8791	7180
5709	7181
475	7182
186	7183
9440	7184
9094	7185
6507	7186
9364	7187
2280	7188
3186	7189
7875	7190
7021	7191
2141	7192
5447	7193
8481	7194
8818	7195
8435	7196
2282	7197
4607	7198
6075	7199
7990	7200
6396	7201
3085	7202
9647	7203
1247	7204
9470	7205
9489	7206
2620	7207
9064	7208
4382	7209
3080	7210
3312	7211
3806	7212
6316	7213
7694	7214
2654	7215
7661	7216
2625	7217
6278	7218
7326	7219
7627	7220
4718	7221
7381	7222
3501	7223
9445	7224
9151	7225
6160	7226
9696	7227
2518	7228
5707	7229
5291	7230
1316	7231
3726	7232
5321	7233
3826	7234
4922	7235
569	7236
6235	7237
6485	7238
2130	7239
9384	7240
9642	7241
2454	7242
8028	7243
702	7244
5935	7245
900	7246
5041	7247
8537	7248
3449	7249
4753	7250
2137	7251
7301	7252
7663	7253
103	7254
2220	7255
292	7256
3633	7257
7835	7258
5496	7259
8574	7260
5529	7261
2561	7262
4973	7263
1352	7264
4986	7265
7089	7266
1304	7267
5319	7268
5038	7269
2167	7270
8613	7271
1231	7272
8363	7273
2802	7274
1148	7275
9335	7276
6703	7277
4890	7278
5978	7279
9068	7280
8903	7281
6157	7282
5546	7283
8464	7284
2516	7285
1518	7286
3158	7287
6614	7288
2569	7289
9155	7290
2093	7291
6306	7292
4012	7293
740	7294
7557	7295
3818	7296
6413	7297
808	7298
8308	7299
3604	7300
9476	7301
8331	7302
4391	7303
8112	7304
6179	7305
1954	7306
7762	7307
1308	7308
8562	7309
6990	7310
9706	7311
149	7312
2350	7313
1646	7314
201	7315
4512	7316
891	7317
170	7318
7525	7319
1629	7320
9207	7321
9402	7322
9567	7323
9385	7324
5762	7325
2283	7326
2506	7327
1415	7328
690	7329
5895	7330
2169	7331
7608	7332
941	7333
9458	7334
4595	7335
8271	7336
8021	7337
7935	7338
6621	7339
8600	7340
6945	7341
4002	7342
8801	7343
1364	7344
6310	7345
3064	7346
8010	7347
1497	7348
9337	7349
8074	7350
5260	7351
5490	7352
1789	7353
3468	7354
5564	7355
306	7356
1637	7357
9411	7358
9052	7359
3453	7360
5909	7361
1260	7362
5818	7363
2464	7364
6563	7365
6492	7366
8453	7367
9088	7368
2848	7369
2732	7370
4955	7371
2193	7372
2124	7373
8784	7374
1271	7375
2228	7376
1876	7377
8051	7378
892	7379
7480	7380
8361	7381
8201	7382
9606	7383
9581	7384
3088	7385
4034	7386
3325	7387
6270	7388
5663	7389
2229	7390
8927	7391
8795	7392
1972	7393
1030	7394
7853	7395
8695	7396
9660	7397
793	7398
9097	7399
6097	7400
2416	7401
9297	7402
759	7403
8406	7404
5465	7405
1341	7406
4588	7407
6128	7408
7784	7409
1662	7410
1896	7411
6535	7412
8576	7413
9681	7414
6338	7415
9243	7416
5640	7417
2924	7418
9203	7419
7214	7420
1962	7421
3134	7422
2507	7423
5475	7424
4843	7425
53	7426
151	7427
6834	7428
5797	7429
5108	7430
8767	7431
8451	7432
8650	7433
924	7434
4640	7435
961	7436
9409	7437
3878	7438
1937	7439
9197	7440
4868	7441
6171	7442
4912	7443
1070	7444
8669	7445
105	7446
7315	7447
4734	7448
3557	7449
315	7450
597	7451
2975	7452
6858	7453
2577	7454
9577	7455
966	7456
7045	7457
8183	7458
667	7459
1879	7460
8145	7461
4373	7462
2899	7463
5104	7464
9864	7465
5133	7466
2782	7467
7580	7468
4245	7469
3768	7470
4427	7471
4813	7472
5764	7473
8228	7474
3677	7475
9125	7476
8129	7477
2541	7478
8983	7479
9536	7480
1118	7481
2725	7482
3718	7483
7338	7484
3528	7485
6335	7486
3754	7487
3723	7488
6635	7489
6886	7490
7222	7491
8041	7492
8543	7493
9095	7494
6139	7495
8333	7496
4646	7497
9833	7498
2779	7499
4540	7500
8026	7501
9441	7502
9129	7503
4361	7504
6001	7505
5343	7506
7681	7507
8796	7508
8004	7509
5132	7510
4452	7511
960	7512
4008	7513
7397	7514
1678	7515
3536	7516
2462	7517
7614	7518
2856	7519
28	7520
7848	7521
7393	7522
3516	7523
5750	7524
1176	7525
1808	7526
6693	7527
5779	7528
3815	7529
6494	7530
7579	7531
6406	7532
6484	7533
2249	7534
8556	7535
7036	7536
9024	7537
5911	7538
6020	7539
5993	7540
4833	7541
6905	7542
7847	7543
5854	7544
8636	7545
6730	7546
2108	7547
7160	7548
5464	7549
6119	7550
3277	7551
7086	7552
3334	7553
9308	7554
955	7555
7606	7556
5028	7557
480	7558
9758	7559
7912	7560
4754	7561
4567	7562
8235	7563
5467	7564
5175	7565
2201	7566
6559	7567
417	7568
5727	7569
5381	7570
2364	7571
312	7572
8339	7573
3824	7574
8881	7575
1868	7576
4362	7577
3981	7578
4988	7579
2226	7580
8287	7581
5728	7582
8241	7583
6058	7584
2006	7585
1255	7586
9760	7587
6712	7588
5370	7589
9545	7590
3841	7591
1025	7592
1986	7593
394	7594
3044	7595
3053	7596
5382	7597
7091	7598
9829	7599
196	7600
767	7601
8642	7602
7392	7603
2259	7604
3164	7605
4174	7606
2784	7607
7874	7608
5042	7609
8395	7610
7003	7611
181	7612
6764	7613
1762	7614
8476	7615
1439	7616
7500	7617
7269	7618
9325	7619
8315	7620
2824	7621
4963	7622
7547	7623
5599	7624
545	7625
4539	7626
1498	7627
2458	7628
2439	7629
5069	7630
7154	7631
6034	7632
8759	7633
7609	7634
1466	7635
5755	7636
7531	7637
3120	7638
9848	7639
9333	7640
3232	7641
9036	7642
8432	7643
1043	7644
1123	7645
9158	7646
958	7647
3707	7648
8117	7649
8157	7650
9641	7651
8564	7652
6472	7653
5968	7654
3978	7655
3891	7656
9813	7657
4589	7658
2979	7659
3220	7660
6919	7661
915	7662
510	7663
5903	7664
6423	7665
5959	7666
714	7667
6088	7668
5205	7669
6967	7670
8155	7671
4990	7672
5066	7673
8757	7674
5996	7675
3109	7676
7136	7677
3178	7678
1993	7679
1385	7680
9015	7681
272	7682
7910	7683
9464	7684
8452	7685
2646	7686
4050	7687
2100	7688
968	7689
9078	7690
6120	7691
4746	7692
1085	7693
69	7694
4239	7695
7332	7696
9494	7697
1242	7698
8204	7699
7356	7700
7532	7701
5258	7702
7644	7703
6439	7704
6743	7705
9676	7706
3693	7707
1544	7708
2187	7709
9630	7710
505	7711
3418	7712
7046	7713
6795	7714
1236	7715
2829	7716
1673	7717
7347	7718
9553	7719
5131	7720
8104	7721
255	7722
2126	7723
5376	7724
8362	7725
8215	7726
2286	7727
5719	7728
1938	7729
562	7730
5636	7731
4928	7732
8456	7733
7817	7734
3889	7735
525	7736
6617	7737
2716	7738
950	7739
5341	7740
3289	7741
6788	7742
4630	7743
7837	7744
7731	7745
7	7746
54	7747
9873	7748
5745	7749
5864	7750
8144	7751
5039	7752
6391	7753
2438	7754
9645	7755
744	7756
6429	7757
2432	7758
1355	7759
2342	7760
901	7761
9144	7762
5098	7763
7501	7764
3295	7765
9709	7766
6311	7767
7104	7768
7890	7769
5639	7770
1971	7771
3801	7772
55	7773
5146	7774
202	7775
3810	7776
1172	7777
953	7778
221	7779
6043	7780
8702	7781
2002	7782
2651	7783
1988	7784
2499	7785
3054	7786
6443	7787
6418	7788
2549	7789
3911	7790
2345	7791
174	7792
8922	7793
4115	7794
4143	7795
5986	7796
6991	7797
7127	7798
3425	7799
6257	7800
3966	7801
7062	7802
4468	7803
9539	7804
2626	7805
6697	7806
3229	7807
6824	7808
9044	7809
3067	7810
4388	7811
1125	7812
4932	7813
9482	7814
1753	7815
3661	7816
687	7817
7905	7818
5432	7819
9712	7820
9778	7821
8039	7822
3321	7823
6543	7824
8475	7825
2224	7826
8146	7827
7503	7828
6870	7829
7636	7830
6215	7831
8684	7832
4907	7833
7758	7834
5451	7835
8222	7836
2479	7837
5914	7838
3529	7839
8009	7840
2222	7841
6655	7842
5377	7843
362	7844
2679	7845
5725	7846
3553	7847
3122	7848
7859	7849
3589	7850
7891	7851
5823	7852
8298	7853
9513	7854
9475	7855
453	7856
5946	7857
9178	7858
9026	7859
6170	7860
3450	7861
1517	7862
1456	7863
6	7864
7097	7865
2682	7866
6681	7867
8538	7868
1530	7869
5573	7870
6949	7871
546	7872
4954	7873
146	7874
4001	7875
9533	7876
9343	7877
5969	7878
8330	7879
5980	7880
7442	7881
7799	7882
9117	7883
9227	7884
8366	7885
14	7886
1395	7887
2525	7888
6300	7889
2970	7890
6296	7891
4067	7892
8815	7893
3283	7894
8525	7895
5081	7896
3831	7897
8372	7898
9361	7899
7949	7900
9147	7901
9417	7902
3130	7903
9471	7904
1982	7905
50	7906
8348	7907
3739	7908
5242	7909
9232	7910
4181	7911
6532	7912
4040	7913
6467	7914
7843	7915
2374	7916
4384	7917
1387	7918
3377	7919
4345	7920
6068	7921
3349	7922
6174	7923
1397	7924
599	7925
7243	7926
3435	7927
5536	7928
5004	7929
7522	7930
4896	7931
6303	7932
5046	7933
6077	7934
1705	7935
2011	7936
9225	7937
8912	7938
5883	7939
9640	7940
2005	7941
9136	7942
3133	7943
8727	7944
2312	7945
5842	7946
9057	7947
2866	7948
3963	7949
4876	7950
5874	7951
1396	7952
3609	7953
2616	7954
278	7955
1891	7956
167	7957
6426	7958
907	7959
2840	7960
1167	7961
4740	7962
4565	7963
3305	7964
6069	7965
518	7966
8961	7967
6319	7968
107	7969
532	7970
1717	7971
729	7972
5449	7973
9394	7974
1829	7975
5188	7976
9836	7977
6732	7978
585	7979
2302	7980
8407	7981
7779	7982
3686	7983
9420	7984
7842	7985
223	7986
1586	7987
4281	7988
9674	7989
8790	7990
1329	7991
2357	7992
4099	7993
8316	7994
8686	7995
4337	7996
7623	7997
2512	7998
9842	7999
21	8000
5668	8001
677	8002
1815	8003
182	8004
6601	8005
7541	8006
2838	8007
7287	8008
2399	8009
6823	8010
4681	8011
9443	8012
1265	8013
4933	8014
2046	8015
7357	8016
4243	8017
7343	8018
142	8019
772	8020
7477	8021
2712	8022
2816	8023
3953	8024
49	8025
8639	8026
8446	8027
4790	8028
109	8029
1318	8030
4081	8031
6675	8032
3187	8033
3323	8034
1925	8035
1642	8036
4818	8037
2197	8038
3141	8039
1766	8040
6527	8041
5705	8042
3027	8043
795	8044
5174	8045
5961	8046
7666	8047
8687	8048
1160	8049
7178	8050
9322	8051
9772	8052
9073	8053
7994	8054
9246	8055
4070	8056
7880	8057
246	8058
7934	8059
6846	8060
1574	8061
7346	8062
4824	8063
2176	8064
8389	8065
3128	8066
4643	8067
8752	8068
6104	8069
8478	8070
9341	8071
7686	8072
8118	8073
7493	8074
3639	8075
6518	8076
3592	8077
9150	8078
6147	8079
3113	8080
9208	8081
7555	8082
8997	8083
8993	8084
9261	8085
8297	8086
433	8087
1844	8088
7187	8089
1551	8090
5107	8091
5058	8092
4276	8093
5379	8094
9749	8095
5942	8096
5926	8097
4665	8098
651	8099
6013	8100
1406	8101
9459	8102
7722	8103
6047	8104
7265	8105
4489	8106
3102	8107
6503	8108
1827	8109
1213	8110
1890	8111
8455	8112
4889	8113
4960	8114
3047	8115
7246	8116
9133	8117
8908	8118
4214	8119
6801	8120
4273	8121
3226	8122
7061	8123
7941	8124
3340	8125
1168	8126
2062	8127
2238	8128
1361	8129
7588	8130
3138	8131
2398	8132
9164	8133
9455	8134
5436	8135
2660	8136
8068	8137
3596	8138
1714	8139
9725	8140
3523	8141
1	8142
4414	8143
6229	8144
3967	8145
3896	8146
215	8147
7680	8148
7228	8149
3355	8150
3851	8151
8871	8152
8580	8153
2764	8154
43	8155
4839	8156
756	8157
8697	8158
4637	8159
3884	8160
6526	8161
890	8162
7893	8163
964	8164
6227	8165
2175	8166
1874	8167
4226	8168
4170	8169
6577	8170
7028	8171
1859	8172
9248	8173
4467	8174
5547	8175
8386	8176
1	8177
6340	8178
5694	8179
115	8180
7650	8181
9240	8182
9767	8183
5658	8184
8181	8185
6901	8186
6979	8187
6682	8188
4657	8189
8307	8190
2494	8191
3846	8192
6314	8193
2038	8194
7439	8195
5582	8196
5236	8197
2870	8198
3731	8199
551	8200
3751	8201
5871	8202
6040	8203
541	8204
1796	8205
9255	8206
853	8207
389	8208
2726	8209
7761	8210
2158	8211
8730	8212
3344	8213
9371	8214
6476	8215
5158	8216
3964	8217
2933	8218
8822	8219
6136	8220
23	8221
1334	8222
3465	8223
547	8224
3892	8225
6039	8226
4830	8227
1016	8228
2075	8229
252	8230
6275	8231
1345	8232
2692	8233
594	8234
4793	8235
8845	8236
1226	8237
3216	8238
9366	8239
1553	8240
5445	8241
2707	8242
5944	8243
6076	8244
5847	8245
127	8246
6950	8247
1259	8248
7488	8249
6234	8250
3753	8251
724	8252
3598	8253
4599	8254
1272	8255
6124	8256
277	8257
561	8258
6132	8259
3577	8260
5307	8261
95	8262
1568	8263
2024	8264
4815	8265
6545	8266
4560	8267
1457	8268
7211	8269
2352	8270
1459	8271
5328	8272
4888	8273
8969	8274
1826	8275
6917	8276
5950	8277
5071	8278
4741	8279
6247	8280
2900	8281
424	8282
6765	8283
3921	8284
797	8285
8223	8286
4218	8287
3300	8288
4674	8289
1402	8290
1772	8291
5787	8292
5234	8293
6133	8294
4197	8295
4796	8296
3124	8297
8925	8298
1742	8299
3381	8300
9563	8301
5628	8302
3849	8303
560	8304
9252	8305
1383	8306
841	8307
3070	8308
6837	8309
2251	8310
2878	8311
7641	8312
8838	8313
1022	8314
5641	8315
5393	8316
8436	8317
7389	8318
7591	8319
9294	8320
8185	8321
1564	8322
3868	8323
7401	8324
1049	8325
226	8326
2327	8327
2810	8328
6929	8329
1262	8330
2309	8331
9503	8332
301	8333
9774	8334
9209	8335
4260	8336
4683	8337
6168	8338
8599	8339
6811	8340
4845	8341
2058	8342
5515	8343
3478	8344
9075	8345
296	8346
7371	8347
9737	8348
198	8349
2263	8350
7310	8351
4755	8352
3999	8353
4203	8354
6321	8355
8913	8356
9116	8357
8941	8358
2891	8359
9072	8360
3369	8361
7267	8362
9329	8363
324	8364
7186	8365
6269	8366
1924	8367
2984	8368
3721	8369
6	8370
2807	8371
9566	8372
7576	8373
13	8374
6261	8375
3436	8376
1229	8377
8	8378
1342	8379
1443	8380
8246	8381
3808	8382
2326	8383
408	8384
5392	8385
484	8386
8827	8387
2969	8388
6059	8389
6055	8390
7112	8391
949	8392
3989	8393
3317	8394
823	8395
6420	8396
7621	8397
3620	8398
8135	8399
8607	8400
419	8401
3649	8402
4077	8403
7273	8404
9330	8405
5574	8406
5570	8407
9189	8408
8761	8409
20	8410
9171	8411
5867	8412
6155	8413
9608	8414
5333	8415
6839	8416
5526	8417
383	8418
7236	8419
60	8420
1729	8421
3258	8422
3270	8423
3075	8424
6228	8425
8528	8426
8371	8427
53	8428
4940	8429
4703	8430
6716	8431
4183	8432
6008	8433
5710	8434
9661	8435
9254	8436
1507	8437
1506	8438
81	8439
8208	8440
5744	8441
5457	8442
4128	8443
1052	8444
8369	8445
6884	8446
7561	8447
2098	8448
8828	8449
5077	8450
3710	8451
9353	8452
8398	8453
2463	8454
940	8455
4757	8456
7598	8457
3809	8458
5634	8459
9613	8460
7635	8461
8659	8462
5220	8463
6684	8464
5571	8465
4780	8466
8995	8467
7619	8468
5439	8469
397	8470
4462	8471
7033	8472
6045	8473
3584	8474
6867	8475
5245	8476
9782	8477
9722	8478
7483	8479
2842	8480
5164	8481
7470	8482
2470	8483
5134	8484
6458	8485
9690	8486
8532	8487
8940	8488
4142	8489
7971	8490
9872	8491
1950	8492
5422	8493
7056	8494
7617	8495
18	8496
3952	8497
3374	8498
6288	8499
60	8500
2584	8501
8950	8502
4474	8503
5112	8504
1951	8505
717	8506
7428	8507
8057	8508
3202	8509
1976	8510
2938	8511
7855	8512
6941	8513
1306	8514
8654	8515
1533	8516
2849	8517
1487	8518
6786	8519
4622	8520
9399	8521
5472	8522
1124	8523
5918	8524
8973	8525
4553	8526
8896	8527
9405	8528
1640	8529
1223	8530
6860	8531
9862	8532
8870	8533
6862	8534
6864	8535
8872	8536
6865	8537
8873	8538
1492	8539
9564	8540
4037	8541
7871	8542
9543	8543
5025	8544
80	8545
2952	8546
9817	8547
8629	8548
6395	8549
632	8550
5435	8551
777	8552
3257	8553
305	8554
6934	8555
5213	8556
6421	8557
5362	8558
9338	8559
6558	8560
8186	8561
8964	8562
373	8563
989	8564
8125	8565
8134	8566
2026	8567
8717	8568
271	8569
3757	8570
282	8571
6453	8572
6519	8573
5036	8574
7594	8575
6887	8576
8674	8577
4130	8578
1315	8579
2355	8580
1674	8581
1694	8582
6249	8583
6756	8584
8626	8585
8040	8586
9838	8587
9456	8588
7631	8589
1426	8590
4837	8591
7215	8592
5338	8593
8335	8594
4173	8595
1431	8596
9809	8597
5330	8598
9787	8599
5888	8600
1405	8601
4490	8602
6754	8603
6110	8604
9086	8605
2329	8606
6438	8607
5389	8608
3658	8609
2963	8610
3196	8611
6409	8612
5782	8613
9580	8614
9474	8615
2122	8616
7339	8617
1690	8618
5068	8619
7708	8620
8423	8621
2032	8622
5488	8623
9025	8624
6560	8625
1502	8626
9633	8627
4453	8628
3748	8629
6086	8630
8178	8631
3656	8632
6066	8633
6874	8634
619	8635
679	8636
7040	8637
8508	8638
391	8639
443	8640
2467	8641
6011	8642
8253	8643
3856	8644
2105	8645
264	8646
1051	8647
6256	8648
984	8649
623	8650
4569	8651
5368	8652
4983	8653
1841	8654
4150	8655
3700	8656
6279	8657
9076	8658
8209	8659
5585	8660
9841	8661
6769	8662
878	8663
9300	8664
3969	8665
276	8666
3486	8667
4918	8668
826	8669
9381	8670
4860	8671
8943	8672
9429	8673
8052	8674
6198	8675
685	8676
925	8677
7984	8678
6255	8679
3787	8680
7620	8681
1907	8682
3265	8683
6268	8684
627	8685
2034	8686
1212	8687
5809	8688
5596	8689
6483	8690
2018	8691
5664	8692
6825	8693
4944	8694
711	8695
6587	8696
5680	8697
3968	8698
2247	8699
2853	8700
4275	8701
1425	8702
6896	8703
6691	8704
27	8705
9186	8706
2376	8707
8799	8708
663	8709
5613	8710
9019	8711
4481	8712
2492	8713
6650	8714
5979	8715
1805	8716
4055	8717
3117	8718
2609	8719
7533	8720
7996	8721
5637	8722
437	8723
74	8724
3734	8725
7553	8726
4263	8727
469	8728
3839	8729
3970	8730
1858	8731
3702	8732
6218	8733
192	8734
5165	8735
3132	8736
8505	8737
4579	8738
5157	8739
2181	8740
9344	8741
4725	8742
9714	8743
48	8744
4783	8745
3513	8746
8506	8747
4140	8748
1967	8749
845	8750
8577	8751
4169	8752
9268	8753
2268	8754
5043	8755
7	8756
76	8757
106	8758
943	8759
8748	8760
2278	8761
67	8762
73	8763
1582	8764
5814	8765
1224	8766
6497	8767
13	8768
9273	8769
457	8770
7998	8771
5074	8772
5034	8773
6509	8774
4304	8775
3361	8776
404	8777
3337	8778
8978	8779
1454	8780
2203	8781
7077	8782
3879	8783
1712	8784
152	8785
4729	8786
9665	8787
6122	8788
5358	8789
3165	8790
6502	8791
4079	8792
3329	8793
6800	8794
384	8795
5182	8796
493	8797
5553	8798
7943	8799
4974	8800
9552	8801
9316	8802
5320	8803
9045	8804
850	8805
2341	8806
589	8807
4686	8808
2761	8809
7705	8810
1455	8811
9406	8812
8662	8813
8061	8814
1635	8815
5026	8816
4428	8817
4421	8818
353	8819
352	8820
2356	8821
8899	8822
768	8823
2680	8824
9217	8825
8623	8826
4458	8827
681	8828
8394	8829
1366	8830
3214	8831
1747	8832
1449	8833
3290	8834
4603	8835
2956	8836
4042	8837
8030	8838
1120	8839
2740	8840
2	8841
3624	8842
3348	8843
1438	8844
4	8845
6004	8846
2472	8847
645	8848
3799	8849
2688	8850
8217	8851
7615	8852
1056	8853
1401	8854
6932	8855
6876	8856
2945	8857
8566	8858
6050	8859
2902	8860
7518	8861
3201	8862
3696	8863
4216	8864
7044	8865
4283	8866
177	8867
2951	8868
4492	8869
9221	8870
165	8871
3310	8872
4286	8873
1957	8874
9609	8875
3625	8876
6881	8877
8533	8878
1057	8879
6033	8880
1470	8881
6375	8882
5424	8883
2776	8884
4559	8885
3343	8886
9550	8887
2054	8888
9351	8889
3477	8890
4578	8891
6135	8892
2037	8893
4425	8894
3829	8895
1665	8896
5984	8897
3060	8898
6687	8899
5931	8900
2269	8901
9201	8902
1286	8903
4349	8904
6973	8905
6370	8906
8638	8907
5966	8908
6176	8909
9713	8910
4284	8911
2758	8912
5786	8913
922	8914
610	8915
7075	8916
7146	8917
2397	8918
2170	8919
9601	8920
8182	8921
7362	8922
5194	8923
7394	8924
8212	8925
5386	8926
1180	8927
7777	8928
4605	8929
2372	8930
9269	8931
8219	8932
337	8933
1887	8934
533	8935
8593	8936
5050	8937
6898	8938
1185	8939
1898	8940
6572	8941
2215	8942
3094	8943
7911	8944
9751	8945
5089	8946
4068	8947
7720	8948
6771	8949
5629	8950
2801	8951
8075	8952
6836	8953
8370	8954
4577	8955
8313	8956
6843	8957
2131	8958
209	8959
6947	8960
3335	8961
828	8962
1889	8963
7329	8964
2510	8965
9027	8966
5095	8967
652	8968
65	8969
5509	8970
9082	8971
4440	8972
4147	8973
9012	8974
4554	8975
8507	8976
1448	8977
802	8978
1718	8979
7194	8980
630	8981
4053	8982
2281	8983
2867	8984
5121	8985
8443	8986
4851	8987
9492	8988
611	8989
2652	8990
5826	8991
1299	8992
2836	8993
1373	8994
9607	8995
4934	8996
345	8997
8380	8998
4536	8999
3684	9000
2051	9001
8434	9002
8199	9003
7280	9004
1201	9005
5539	9006
9289	9007
212	9008
7257	9009
4486	9010
8792	9011
9535	9012
4078	9013
7973	9014
6615	9015
2212	9016
1370	9017
7148	9018
9090	9019
3451	9020
2921	9021
110	9022
4212	9023
3871	9024
451	9025
4434	9026
6048	9027
7363	9028
2206	9029
9663	9030
1926	9031
3630	9032
7377	9033
9634	9034
2349	9035
2619	9036
2563	9037
7512	9038
2991	9039
2547	9040
2948	9041
3424	9042
1692	9043
4493	9044
1313	9045
5211	9046
8658	9047
3730	9048
5605	9049
4574	9050
2916	9051
5729	9052
6401	9053
7210	9054
9368	9055
6343	9056
8864	9057
2703	9058
4415	9059
7951	9060
2913	9061
2157	9062
6505	9063
3928	9064
8682	9065
2396	9066
5504	9067
2209	9068
3955	9069
3082	9070
9348	9071
5113	9072
8680	9073
1902	9074
7350	9075
6204	9076
8572	9077
4125	9078
7096	9079
3326	9080
9628	9081
2060	9082
2255	9083
5855	9084
9845	9085
5916	9086
4570	9087
5014	9088
8735	9089
726	9090
9357	9091
4923	9092
9423	9093
4442	9094
5880	9095
8337	9096
9516	9097
5591	9098
140	9099
8592	9100
899	9101
274	9102
5937	9103
2691	9104
9603	9105
6065	9106
1067	9107
7345	9108
7333	9109
8437	9110
7354	9111
3956	9112
9686	9113
409	9114
7388	9115
4667	9116
2178	9117
3293	9118
9233	9119
6046	9120
8643	9121
8294	9122
2606	9123
5649	9124
2315	9125
608	9126
8583	9127
2940	9128
6431	9129
5595	9130
4600	9131
2977	9132
4403	9133
3709	9134
31	9135
7616	9136
3386	9137
3068	9138
7070	9139
2614	9140
4610	9141
7815	9142
2408	9143
1871	9144
3561	9145
7810	9146
2544	9147
4350	9148
5862	9149
8570	9150
7920	9151
6244	9152
6685	9153
893	9154
9746	9155
5587	9156
6219	9157
6454	9158
3467	9159
9775	9160
6656	9161
2195	9162
3395	9163
9629	9164
7831	9165
4307	9166
332	9167
5324	9168
6570	9169
3373	9170
5981	9171
4436	9172
4747	9173
3078	9174
9673	9175
2443	9176
1536	9177
7441	9178
3854	9179
2598	9180
1350	9181
7037	9182
56	9183
2001	9184
8390	9185
8373	9186
4394	9187
8458	9188
4198	9189
1441	9190
8448	9191
7862	9192
4527	9193
4406	9194
7183	9195
2090	9196
2675	9197
6531	9198
1486	9199
7508	9200
4510	9201
2624	9202
3463	9203
6980	9204
238	9205
969	9206
8031	9207
4672	9208
7218	9209
4995	9210
6530	9211
9138	9212
3028	9213
5919	9214
7284	9215
6276	9216
3434	9217
5934	9218
1161	9219
5208	9220
3407	9221
4059	9222
4371	9223
6339	9224
2242	9225
4639	9226
5441	9227
2163	9228
682	9229
7263	9230
2431	9231
8289	9232
5675	9233
10	9234
3106	9235
7438	9236
7569	9237
9741	9238
2662	9239
7737	9240
3103	9241
646	9242
2466	9243
5505	9244
34	9245
4546	9246
1834	9247
4669	9248
73	9249
4562	9250
9762	9251
9059	9252
2115	9253
1165	9254
5572	9255
5	9256
2030	9257
8347	9258
6041	9259
3096	9260
8495	9261
1196	9262
7399	9263
4227	9264
4810	9265
5821	9266
4035	9267
4668	9268
8609	9269
3606	9270
3752	9271
3890	9272
2615	9273
1134	9274
9786	9275
6118	9276
9292	9277
883	9278
2768	9279
4461	9280
4105	9281
3792	9282
4841	9283
5976	9284
1269	9285
4450	9286
93	9287
9726	9288
5642	9289
8853	9290
5151	9291
2473	9292
488	9293
1819	9294
1842	9295
5893	9296
8445	9297
4336	9298
4455	9299
571	9300
9486	9301
343	9302
4784	9303
1900	9304
27	9305
48	9306
3559	9307
2706	9308
3020	9309
6602	9310
5830	9311
1561	9312
1331	9313
3704	9314
6591	9315
4116	9316
6699	9317
4195	9318
4460	9319
3530	9320
5005	9321
4024	9322
7677	9323
193	9324
2245	9325
423	9326
2491	9327
6791	9328
1784	9329
4547	9330
3024	9331
971	9332
7870	9333
6194	9334
7585	9335
1504	9336
700	9337
1031	9338
7674	9339
7445	9340
7464	9341
7291	9342
7618	9343
5111	9344
6997	9345
7272	9346
1687	9347
1579	9348
2139	9349
6649	9350
7200	9351
8191	9352
2344	9353
3987	9354
4381	9355
6871	9356
5355	9357
6103	9358
4636	9359
8753	9360
5927	9361
1831	9362
4716	9363
5635	9364
7582	9365
5662	9366
9753	9367
356	9368
8156	9369
8962	9370
9754	9371
2713	9372
1054	9373
1945	9374
6581	9375
5478	9376
8898	9377
4267	9378
2480	9379
8624	9380
5711	9381
1411	9382
7970	9383
6827	9384
9856	9385
3858	9386
1209	9387
4606	9388
6830	9389
998	9390
5833	9391
8130	9392
631	9393
3811	9394
9529	9395
649	9396
7283	9397
2575	9398
9599	9399
8584	9400
1554	9401
4678	9402
7258	9403
838	9404
5866	9405
3174	9406
4451	9407
3043	9408
6567	9409
1227	9410
3699	9411
1783	9412
2151	9413
2769	9414
7902	9415
6358	9416
2749	9417
3247	9418
21	9419
6610	9420
6888	9421
9419	9422
1855	9423
6127	9424
8701	9425
1009	9426
7163	9427
5470	9428
9110	9429
2179	9430
4106	9431
3338	9432
2244	9433
399	9434
2358	9435
6822	9436
4163	9437
4728	9438
6933	9439
612	9440
8937	9441
4056	9442
322	9443
2155	9444
8462	9445
398	9446
9156	9447
3286	9448
4135	9449
2453	9450
2894	9451
1374	9452
1234	9453
2351	9454
5428	9455
934	9456
5606	9457
2631	9458
6364	9459
2678	9460
9347	9461
7481	9462
7423	9463
2551	9464
600	9465
4044	9466
72	9467
9309	9468
5209	9469
2763	9470
6242	9471
5795	9472
9339	9473
8595	9474
2094	9475
5924	9476
6609	9477
5943	9478
730	9479
898	9480
5752	9481
9148	9482
3189	9483
1779	9484
7122	9485
2890	9486
7147	9487
2475	9488
3628	9489
6831	9490
9502	9491
9666	9492
5337	9493
3579	9494
3931	9495
258	9496
68	9497
4101	9498
4231	9499
4470	9500
9003	9501
2812	9502
6378	9503
7877	9504
6081	9505
8439	9506
9811	9507
2568	9508
5953	9509
1845	9510
7863	9511
5894	9512
2813	9513
6092	9514
633	9515
3466	9516
5063	9517
4551	9518
1019	9519
749	9520
9684	9521
160	9522
6936	9523
1995	9524
1877	9525
706	9526
1151	9527
926	9528
2820	9529
1440	9530
1708	9531
6628	9532
6250	9533
7878	9534
2739	9535
2017	9536
578	9537
2481	9538
2239	9539
8693	9540
7337	9541
1761	9542
5295	9543
8712	9544
9	9545
7707	9546
4874	9547
2528	9548
3803	9549
2944	9550
9711	9551
4650	9552
4726	9553
9623	9554
461	9555
329	9556
6654	9557
8679	9558
3287	9559
7190	9560
8438	9561
4160	9562
9493	9563
6729	9564
9770	9565
3655	9566
5190	9567
1372	9568
644	9569
5296	9570
6670	9571
2135	9572
2117	9573
9242	9574
8932	9575
4684	9576
9163	9577
7031	9578
1540	9579
4779	9580
3793	9581
9216	9582
4872	9583
7568	9584
7821	9585
5545	9586
4200	9587
6486	9588
41	9589
9388	9590
6146	9591
1786	9592
6983	9593
8909	9594
8444	9595
3483	9596
3139	9597
7391	9598
7261	9599
5633	9600
2381	9601
2879	9602
3061	9603
4773	9604
459	9605
9438	9606
474	9607
1249	9608
9154	9609
9177	9610
3542	9611
2080	9612
7229	9613
7164	9614
3492	9615
2709	9616
2642	9617
5929	9618
8947	9619
4180	9620
2514	9621
2216	9622
2515	9623
3506	9624
3675	9625
4385	9626
5084	9627
3974	9628
7100	9629
5999	9630
4292	9631
5554	9632
1171	9633
4367	9634
5656	9635
1359	9636
4958	9637
2365	9638
1512	9639
2622	9640
5619	9641
7375	9642
2270	9643
9818	9644
6447	9645
2495	9646
5438	9647
7593	9648
3203	9649
5817	9650
7101	9651
7675	9652
4095	9653
5323	9654
7461	9655
4154	9656
1089	9657
3494	9658
6850	9659
3462	9660
2275	9661
4738	9662
866	9663
1399	9664
8782	9665
1659	9666
6515	9667
2741	9668
7022	9669
254	9670
1075	9671
197	9672
8359	9673
5609	9674
7730	9675
8751	9676
4655	9677
6410	9678
6965	9679
4410	9680
6557	9681
9575	9682
6819	9683
1614	9684
8343	9685
1538	9686
2669	9687
3408	9688
8904	9689
3722	9690
1947	9691
5269	9692
6016	9693
8706	9694
2380	9695
7894	9696
1682	9697
6207	9698
29	9699
3389	9700
5703	9701
1928	9702
4310	9703
6130	9704
543	9705
8497	9706
7833	9707
361	9708
8948	9709
6978	9710
7494	9711
872	9712
1519	9713
8258	9714
1164	9715
2531	9716
4782	9717
4957	9718
5611	9719
401	9720
5411	9721
1998	9722
7444	9723
536	9724
8741	9725
7993	9726
4456	9727
3320	9728
8491	9729
7864	9730
2066	9731
8105	9732
2145	9733
6638	9734
8419	9735
479	9736
2272	9737
1285	9738
5402	9739
8311	9740
9815	9741
342	9742
3140	9743
1237	9744
921	9745
70	9746
8194	9747
2382	9748
7169	9749
5360	9750
7625	9751
4270	9752
4293	9753
3862	9754
3782	9755
144	9756
1146	9757
6552	9758
5162	9759
6598	9760
8240	9761
9717	9762
2694	9763
4921	9764
5535	9765
4045	9766
3195	9767
8005	9768
3515	9769
6327	9770
9224	9771
2296	9772
4333	9773
101	9774
6462	9775
5268	9776
8874	9777
5161	9778
35	9779
2537	9780
9611	9781
8427	9782
5329	9783
28	9784
3904	9785
2576	9786
9389	9787
7728	9788
6537	9789
5090	9790
462	9791
7244	9792
5375	9793
7296	9794
7527	9795
6428	9796
3877	9797
8284	9798
5197	9799
96	9800
2912	9801
1181	9802
609	9803
6646	9804
1432	9805
8672	9806
7689	9807
3569	9808
6593	9809
2673	9810
1767	9811
6293	9812
1081	9813
1253	9814
3881	9815
1184	9816
2320	9817
3903	9818
8154	9819
7763	9820
1264	9821
4965	9822
2808	9823
1668	9824
3645	9825
9290	9826
4208	9827
2806	9828
3713	9829
6889	9830
3311	9831
5592	9832
5832	9833
6272	9834
8338	9835
8492	9836
6780	9837
3209	9838
313	9839
8280	9840
7750	9841
7015	9842
2986	9843
7955	9844
4157	9845
6580	9846
5421	9847
3747	9848
9029	9849
4477	9850
6594	9851
1222	9852
5322	9853
766	9854
8087	9855
7496	9856
5552	9857
1303	9858
7207	9859
1116	9860
1908	9861
6404	9862
8839	9863
6307	9864
1511	9865
6916	9866
1961	9867
588	9868
8571	9869
1375	9870
2762	9871
656	9872
257	9873
9796	9874
2442	9875
1921	9876
9259	9877
9113	9878
1215	9879
5673	9880
9401	9881
3737	9882
236	9883
1105	9884
3031	9885
6315	9886
8187	9887
7828	9888
3621	9889
8499	9890
2343	9891
2755	9892
5990	9893
6345	9894
9128	9895
5313	9896
624	9897
132	9898
486	9899
4993	9900
837	9901
1625	9902
4627	9903
2593	9904
3873	9905
2603	9906
9266	9907
8863	9908
8813	9909
4915	9910
7660	9911
3635	9912
4	9913
8984	9914
4295	9915
3385	9916
6647	9917
3690	9918
9730	9919
5560	9920
563	9921
1835	9922
7788	9923
9135	9924
2985	9925
5170	9926
9200	9927
2162	9928
4924	9929
8905	9930
4926	9931
4929	9932
4760	9933
8554	9934
9590	9935
659	9936
2385	9937
1560	9938
6189	9939
3535	9940
3272	9941
4970	9942
6024	9943
1992	9944
1559	9945
3276	9946
2972	9947
1210	9948
3828	9949
8086	9950
620	9951
3228	9952
6226	9953
2814	9954
5482	9955
1532	9956
347	9957
3382	9958
4278	9959
7940	9960
5347	9961
5231	9962
2644	9963
9393	9964
4255	9965
7202	9966
4695	9967
6102	9968
286	9969
6969	9970
6596	9971
6521	9972
4088	9973
7767	9974
3659	9975
4992	9976
1702	9977
902	9978
4732	9979
4087	9980
7173	9981
4762	9982
3183	9983
1430	9984
9755	9985
8060	9986
3390	9987
4882	9988
1424	9989
8834	9990
7079	9991
9028	9992
7084	9993
9808	9994
8291	9995
1555	9996
1047	9997
7415	9998
5265	9999
2402	10000
